#timestamp,tobii_system_timestamp,gaze_x,gaze_y,pupil_diameter,left_gaze_x,left_gaze_y,left_pupil,right_gaze_x,right_gaze_y,right_pupil
1645180850684.407,17724251003,964.432955,774.176931,2.703598,0.493812,0.657098,2.610382,0.510805,0.633197,2.796814
1645180850693.405,17724262106,959.84705,772.245562,2.706306,0.49276,0.654592,2.619186,0.507081,0.632483,2.793427
1645180850704.398,17724273210,957.610044,774.196672,2.706306,0.490647,0.661196,2.630341,0.506863,0.629132,2.782272
1645180850715.4,17724284313,962.221069,778.801489,2.714729,0.493674,0.666636,2.64119,0.50864,0.631366,2.788269
1645180850727.3992,17724295416,962.253342,777.896082,2.717171,0.492218,0.664684,2.637833,0.510129,0.631809,2.796509
1645180850738.399,17724306519,955.798616,778.654218,2.726608,0.489778,0.66315,2.638428,0.505845,0.634607,2.814789
1645180850748.193,17724317622,953.375101,777.624786,2.725327,0.488667,0.660987,2.63295,0.504433,0.635054,2.817703
1645180850760.195,17724328725,955.534945,779.821014,2.735001,0.492087,0.665646,2.650513,0.503261,0.634056,2.819489
1645180850771.194,17724339829,958.855505,782.965529,2.738388,0.4932,0.6709,2.657471,0.505608,0.634042,2.819305
1645180850782.1929,17724350932,957.096949,775.927627,2.742798,0.491198,0.665311,2.662201,0.505778,0.627902,2.823395
1645180850794.1948,17724362036,955.956059,776.294124,2.737747,0.489369,0.664112,2.648529,0.506418,0.629712,2.826965
1645180850804.201,17724373139,950.392342,773.009098,2.74942,0.484948,0.666486,2.670593,0.505044,0.621863,2.828247
1645180850815.228,17724384242,901.46822,682.072449,2.766556,0.457557,0.599102,2.685547,0.481472,0.537685,2.847565
1645180850827.193,17724395345,854.275475,560.989898,2.766479,0.430704,0.489413,2.69577,0.459166,0.44557,2.837189
1645180850838.192,17724406448,786.260691,402.431273,2.757423,0.395992,0.343314,2.662994,0.42303,0.327405,2.851852
1645180850848.877,17724417551,712.370539,246.923652,2.764114,0.363792,0.22574,2.660736,0.37826,0.185799,2.867493
1645180850860.706,17724428655,690.891809,208.838519,2.774254,0.352658,0.193783,2.665375,0.367021,0.154281,2.883133
1645180850871.802,17724439758,681.945133,198.178607,2.783897,0.352141,0.186401,2.671661,0.358219,0.143897,2.896133
1645180850881.442,17724450862,684.392338,201.2795,2.791847,0.358024,0.186493,2.675262,0.354885,0.148973,2.908432
1645180850893.414,17724461965,677.978525,193.199694,2.789993,0.354744,0.176898,2.676758,0.351483,0.145101,2.903229
1645180850904.405,17724473068,679.049091,193.970972,2.777107,0.353994,0.177365,2.660095,0.353349,0.14592,2.894119
1645180850915.405,17724484171,681.848946,195.470381,2.769753,0.354012,0.179212,2.654831,0.356247,0.146572,2.884674
1645180850927.407,17724495274,679.924622,195.928976,2.767197,0.355123,0.180189,2.647766,0.353132,0.146359,2.886627
1645180850937.4148,17724506377,682.557564,197.023863,2.772011,0.355734,0.182504,2.655182,0.355264,0.145869,2.88884
1645180850948.4092,17724517481,682.25112,197.023308,2.77887,0.354901,0.183469,2.660431,0.355778,0.144904,2.897308
1645180850960.406,17724528584,681.089745,198.840496,2.794945,0.353423,0.186158,2.684586,0.356046,0.145243,2.905304
1645180850971.437,17724539688,677.730217,202.416337,2.800713,0.352979,0.188625,2.691757,0.35299,0.148736,2.909668
1645180850981.446,17724550791,679.082022,201.743603,2.796448,0.354362,0.185061,2.686768,0.353015,0.151178,2.906128
1645180850993.447,17724561894,677.984819,199.051443,2.789261,0.35366,0.180014,2.670319,0.352574,0.151738,2.908203
1645180851004.446,17724572997,677.096615,193.952742,2.783188,0.35153,0.174415,2.664276,0.353778,0.148839,2.9021
1645180851015.1602,17724584100,676.154165,188.947535,2.788834,0.352125,0.168711,2.668594,0.352202,0.146202,2.909073
1645180851027.174,17724595203,680.155821,188.149998,2.789169,0.353141,0.171573,2.67337,0.355355,0.14201,2.904968
1645180851038.169,17724606307,685.162697,188.441277,2.7855,0.356487,0.170672,2.665939,0.357224,0.143397,2.90506
1645180851048.209,17724617411,681.993227,191.020703,2.791405,0.353614,0.175268,2.676208,0.356796,0.1431,2.906601
1645180851060.072,17724628514,678.624744,192.626604,2.789818,0.351537,0.174573,2.667725,0.355364,0.146472,2.911911
1645180851071.074,17724639617,674.766855,194.610804,2.793556,0.348183,0.177057,2.672134,0.354699,0.147295,2.914978
1645180851082.0352,17724650720,674.519234,194.409031,2.78833,0.348122,0.175818,2.665833,0.354502,0.148197,2.910828
1645180851093.074,17724661823,704.28443,191.891965,2.790276,0.363808,0.170127,2.67688,0.369821,0.149693,2.903671
1645180851104.073,17724672926,746.466923,190.566856,2.789864,0.388368,0.1709,2.680038,0.389202,0.146711,2.899689
1645180851115.04,17724684029,794.147902,187.445542,2.801682,0.412901,0.169951,2.699417,0.414336,0.142458,2.903946
1645180851129.0369,17724695133,793.930492,185.755232,2.813477,0.413445,0.173101,2.711807,0.413566,0.136491,2.915146
1645180851138.036,17724706237,784.612341,181.481802,2.820282,0.40749,0.168449,2.723541,0.409815,0.134021,2.917023
1645180851148.07,17724717340,791.903744,176.974037,2.82872,0.411716,0.166116,2.732712,0.413184,0.128841,2.924728
1645180851160.074,17724728443,794.157858,174.411553,2.826736,0.413576,0.161917,2.731461,0.413671,0.128769,2.922012
1645180851171.0688,17724739546,796.978998,176.193345,2.838356,0.415009,0.163166,2.736328,0.415177,0.130489,2.940384
1645180851181.067,17724750649,796.540947,177.688864,2.847931,0.414224,0.163552,2.745697,0.415506,0.132596,2.950165
1645180851193.034,17724761752,797.376938,177.764779,2.852005,0.415301,0.163432,2.743958,0.4153,0.132842,2.960052
1645180851204.036,17724772855,798.323107,178.483433,2.852425,0.416531,0.164504,2.751099,0.415055,0.132968,2.953751
1645180851215.038,17724783959,797.883911,178.242365,2.856743,0.416264,0.16269,2.75238,0.414866,0.134381,2.961105
1645180851227.0378,17724795063,798.324623,178.758261,2.871307,0.416992,0.165888,2.778366,0.414596,0.132042,2.964249
1645180851238.034,17724806166,798.880205,175.714463,2.872726,0.417967,0.162372,2.779617,0.4142,0.130486,2.965836
1645180851248.057,17724817269,797.107744,176.976022,2.885078,0.417725,0.165373,2.792465,0.412595,0.129587,2.977692
1645180851260.0752,17724828372,794.822359,177.589121,2.886299,0.415159,0.161762,2.787415,0.412781,0.13422,2.985184
1645180851271.035,17724839475,788.223467,179.207236,2.892761,0.409599,0.162338,2.788788,0.411467,0.136341,2.996735
1645180851281.032,17724850578,793.196239,182.743648,2.892937,0.412856,0.163688,2.786926,0.41339,0.140885,2.998947
1645180851293.07,17724861681,795.469751,185.005161,2.894203,0.412541,0.166538,2.790146,0.416073,0.141804,2.99826
1645180851304.072,17724872785,800.886898,185.423282,2.895988,0.416415,0.166951,2.791153,0.417843,0.142087,3.000824
1645180851315.042,17724883889,799.105453,183.785892,2.896294,0.414354,0.165764,2.789734,0.418047,0.140546,3.002853
1645180851327.032,17724894992,796.899033,180.920041,2.894043,0.414371,0.162681,2.784653,0.415733,0.138853,3.003433
1645180851338.033,17724906095,797.153206,180.641904,2.892647,0.414048,0.162753,2.788986,0.41632,0.138316,2.996307
1645180851348.073,17724917198,796.387682,178.044569,2.889847,0.413726,0.16272,2.788422,0.415844,0.134021,2.991272
1645180851360.076,17724928301,797.165079,179.516888,2.885872,0.41364,0.16279,2.785492,0.416741,0.136404,2.986252
1645180851371.04,17724939404,795.871668,175.669214,2.879936,0.413041,0.160724,2.773315,0.415992,0.132058,2.986557
1645180851382.035,17724950507,794.894371,176.315904,2.875252,0.412334,0.158598,2.768387,0.415681,0.135262,2.982117
1645180851393.033,17724961611,793.410587,173.751757,2.876595,0.412196,0.156414,2.771225,0.414274,0.133173,2.981964
1645180851404.034,17724972715,790.67791,177.243358,2.877632,0.410188,0.158424,2.775726,0.413435,0.136982,2.979538
1645180851415.038,17724983818,790.128365,179.658446,2.878555,0.410308,0.159253,2.773972,0.412742,0.140178,2.983139
1645180851427.036,17724994921,794.618711,183.477911,2.875732,0.413339,0.163577,2.769073,0.414389,0.142219,2.982391
1645180851438.0342,17725006024,798.314266,184.879375,2.878334,0.415354,0.165625,2.771652,0.416223,0.142507,2.985016
1645180851447.698,17725017127,798.565435,186.166397,2.876785,0.41452,0.167142,2.771774,0.417319,0.143136,2.981796
1645180851459.726,17725028230,803.017559,197.538391,2.881409,0.415682,0.178905,2.776352,0.420795,0.150326,2.986465
1645180851470.73,17725039333,839.379873,261.540136,2.860367,0.433816,0.230581,2.752792,0.440538,0.205319,2.967941
1645180851481.719,17725050437,915.595751,441.26417,2.846794,0.468502,0.362913,2.745056,0.485243,0.372528,2.948532
1645180851493.704,17725061541,962.284155,618.627548,2.843025,0.495513,0.534631,2.733414,0.506867,0.496415,2.952637
1645180851504.691,17725072644,979.58828,716.835594,2.865662,0.502572,0.633245,2.780716,0.517833,0.561481,2.950607
1645180851514.73,17725083747,976.280479,763.807869,2.846619,0.499169,0.666767,2.762558,0.51779,0.606246,2.930679
1645180851618.969,17725094850,983.038273,760.555851,2.834076,0.502758,0.65925,2.747009,0.52124,0.608343,2.921143
1645180851620.994,17725105953,982.175331,775.849056,2.835999,0.501239,0.66542,2.74762,0.52186,0.627662,2.924377
1645180851623.012,17725117056,986.051102,785.099602,2.849739,0.504362,0.672874,2.768921,0.522775,0.635625,2.930557
1645180851623.012,17725128159,979.918671,781.578004,2.845078,0.500966,0.668626,2.766052,0.519783,0.634004,2.924103
1645180851624.946,17725139263,978.541203,778.319979,2.847252,0.500938,0.669499,2.768478,0.518375,0.627701,2.926025
1645180851626.978,17725150367,975.923138,778.958702,2.839958,0.50088,0.667161,2.761581,0.515707,0.631104,2.918335
1645180851627.978,17725161470,978.85397,780.356133,2.844666,0.50113,0.668007,2.765121,0.51851,0.632587,2.92421
1645180851628.974,17725172573,981.203842,777.676392,2.837494,0.500517,0.660536,2.752365,0.521571,0.635591,2.922623
1645180851628.974,17725183676,983.107681,776.858497,2.832047,0.500398,0.66283,2.743881,0.523673,0.631934,2.920212
1645180851629.993,17725194779,981.285095,775.282073,2.835785,0.501033,0.661225,2.753387,0.521139,0.630911,2.918182
1645180851637.684,17725205882,981.89867,778.393614,2.838989,0.503825,0.664211,2.763153,0.518986,0.633112,2.914825
1645180851648.336,17725216985,980.829105,778.74105,2.846237,0.503469,0.662386,2.767639,0.518228,0.635516,2.924835
1645180851660.623,17725228090,981.155148,776.994109,2.841797,0.50542,0.661013,2.768082,0.516617,0.633977,2.915512
1645180851671.803,17725239193,981.352043,775.368369,2.839386,0.505091,0.659232,2.762695,0.517151,0.633049,2.916077
1645180851681.735,17725250296,980.186176,777.576685,2.841583,0.504541,0.662221,2.765732,0.516486,0.63374,2.917435
1645180851693.5552,17725261399,980.460606,784.04088,2.852928,0.500503,0.663979,2.759094,0.52081,0.642756,2.946762
1645180851704.535,17725272502,977.959843,785.837424,2.85334,0.50029,0.663817,2.757492,0.518418,0.645912,2.949188
1645180851714.739,17725283605,981.810093,782.899439,2.853523,0.50332,0.66232,2.759995,0.519399,0.642512,2.947052
1645180851726.767,17725294708,980.292664,780.507088,2.846756,0.50327,0.66443,2.757904,0.517868,0.636415,2.935608
1645180851737.7551,17725305811,973.226509,773.833573,2.855125,0.496755,0.667098,2.776367,0.517022,0.622625,2.933884
1645180851748.256,17725316916,916.80047,658.80028,2.871445,0.463564,0.58006,2.778427,0.491437,0.517941,2.964462
1645180851760.279,17725328019,860.922375,524.972785,2.861084,0.433083,0.455909,2.774506,0.463711,0.419046,2.947662
1645180851771.098,17725339122,800.483866,384.662873,2.850197,0.403093,0.323257,2.736862,0.430744,0.317848,2.963531
1645180851781.652,17725350225,761.297693,289.388582,2.859489,0.391455,0.25053,2.744965,0.401563,0.231784,2.974014
1645180851793.922,17725361328,752.499704,268.84312,2.863548,0.386822,0.23237,2.751282,0.397032,0.215702,2.975815
1645180851805.01,17725372431,748.946686,263.672036,2.865089,0.387179,0.226509,2.751953,0.392973,0.212944,2.978226
1645180851815.007,17725383534,736.813087,249.391213,2.862755,0.381931,0.21279,2.746948,0.385583,0.202862,2.978561
1645180851826.06,17725394637,737.673168,249.213365,2.864204,0.383949,0.214922,2.748276,0.384461,0.200434,2.980133
1645180851837.1338,17725405742,743.128595,251.060995,2.866127,0.387225,0.21855,2.750366,0.386867,0.199885,2.981888
1645180851848.0378,17725416845,745.677166,252.333874,2.862579,0.387868,0.223285,2.747375,0.388879,0.197271,2.977783
1645180851860.038,17725427948,742.702932,252.443111,2.860634,0.385988,0.221216,2.744202,0.387661,0.199522,2.977066
1645180851871.058,17725439051,738.971758,254.939711,2.847862,0.384387,0.224276,2.725922,0.385375,0.200623,2.969803
1645180851881.041,17725450154,738.83297,259.564376,2.83931,0.383595,0.225389,2.715881,0.386022,0.207218,2.962738
1645180851892.851,17725461257,741.782255,264.984933,2.834412,0.386694,0.232152,2.712372,0.385996,0.209489,2.956451
1645180851903.757,17725472360,736.48756,249.476686,2.835602,0.38196,0.219254,2.721054,0.385215,0.19654,2.95015
1645180851914.0688,17725483463,716.171837,201.342192,2.825401,0.371305,0.181287,2.70874,0.374707,0.154284,2.942062
1645180851926.9968,17725494568,706.960773,182.235843,2.829247,0.364814,0.166007,2.709366,0.371604,0.137719,2.949127
1645180851937.3838,17725505671,699.658699,178.56659,2.830574,0.361788,0.164894,2.710861,0.367023,0.132717,2.950287
1645180851947.4558,17725516774,705.761576,190.962374,2.821281,0.363842,0.175309,2.707581,0.371327,0.142962,2.934982
1645180851959.848,17725527877,707.254372,193.023786,2.811653,0.364296,0.17541,2.704407,0.372428,0.146296,2.9189
1645180851970.916,17725538980,712.572155,192.784005,2.805443,0.369169,0.175283,2.698166,0.373093,0.146023,2.91272
1645180851980.8918,17725550083,711.291618,195.357567,2.800026,0.370072,0.179753,2.69043,0.370857,0.145843,2.909622
1645180851992.77,17725561186,710.248346,194.63996,2.800911,0.370069,0.181248,2.679688,0.369773,0.143152,2.922134
1645180852004.366,17725572289,707.402229,198.731402,2.797646,0.36722,0.187036,2.675674,0.369657,0.144183,2.919617
1645180852014.52,17725583394,708.177767,198.648924,2.799133,0.369664,0.186484,2.679993,0.368021,0.144597,2.918274
1645180852026.54,17725594497,704.732666,198.011282,2.794525,0.36756,0.183971,2.681335,0.366536,0.146048,2.907715
1645180852037.365,17725605600,705.861311,197.902858,2.793121,0.368656,0.180905,2.679977,0.366616,0.148933,2.906265
1645180852047.748,17725616703,705.017395,195.366177,2.791985,0.366609,0.177492,2.676208,0.367784,0.148119,2.907761
1645180852059.0042,17725627806,708.097801,191.580901,2.791306,0.368444,0.173457,2.680878,0.369158,0.145845,2.901733
1645180852070.992,17725638909,711.916151,185.093147,2.789787,0.367827,0.167256,2.684189,0.373752,0.141233,2.895386
1645180852080.5918,17725650012,750.098848,184.185961,2.790482,0.384997,0.163366,2.688583,0.396356,0.14361,2.89238
1645180852093.074,17725661115,769.083796,186.653915,2.7957,0.396113,0.164758,2.695007,0.405016,0.146332,2.896393
1645180852104.07,17725672220,785.645456,194.041416,2.796921,0.40715,0.171453,2.697845,0.411231,0.151949,2.895996
1645180852114.312,17725683323,780.612288,198.284465,2.796066,0.40553,0.177978,2.696808,0.407608,0.152496,2.895325
1645180852126.432,17725694426,737.378798,226.702783,2.791779,0.380268,0.206015,2.691833,0.387835,0.171823,2.891724
1645180852136.848,17725705529,668.97397,276.588079,2.787979,0.342996,0.246604,2.680969,0.353851,0.214376,2.894989
1645180852147.912,17725716632,551.278811,375.813335,2.796921,0.288385,0.311732,2.68837,0.285863,0.314624,2.905472
1645180852159.612,17725727735,519.982109,406.773072,2.794518,0.27001,0.343348,2.676682,0.271638,0.334607,2.912354
1645180852170.726,17725738837,517.131386,410.718101,2.79438,0.269771,0.346708,2.671738,0.268907,0.337822,2.917023
1645180852180.889,17725749940,522.396641,413.905907,2.793381,0.273182,0.351527,2.670822,0.270981,0.338316,2.915939
1645180852192.1848,17725761045,517.330341,425.966549,2.78804,0.271311,0.362002,2.672058,0.267575,0.347942,2.904022
1645180852204.2,17725772148,513.479204,428.888816,2.792831,0.269525,0.362622,2.684113,0.265349,0.352193,2.90155
1645180852214.199,17725783251,515.190954,424.51635,2.789513,0.27022,0.364544,2.686462,0.266437,0.342983,2.892563
1645180852225.535,17725794354,512.46088,421.504462,2.796806,0.266154,0.363899,2.691864,0.26766,0.338608,2.901749
1645180852237.083,17725805457,511.32863,421.782088,2.788506,0.264316,0.365594,2.668243,0.268318,0.337376,2.908768
1645180852247.964,17725816560,509.794207,424.219805,2.789444,0.264515,0.365694,2.664124,0.266521,0.341339,2.914764
1645180852259.196,17725827663,510.179329,423.634762,2.789833,0.265975,0.362176,2.665863,0.265462,0.343882,2.913803
1645180852270.838,17725838767,513.418951,426.360244,2.801697,0.269475,0.367838,2.687958,0.265337,0.342762,2.915436
1645180852281.056,17725849871,512.346926,429.146308,2.803535,0.268344,0.37047,2.689758,0.265351,0.344774,2.917313
1645180852292.099,17725860974,512.817307,428.635365,2.795876,0.268657,0.372507,2.669968,0.265528,0.341885,2.921783
1645180852303.624,17725872077,519.666224,435.897714,2.796761,0.270275,0.376426,2.671509,0.271044,0.35007,2.922012
1645180852313.619,17725883180,612.587128,493.034184,2.782959,0.307588,0.416117,2.654114,0.330524,0.405607,2.911804
1645180852325.491,17725894283,741.090631,591.76864,2.788673,0.382116,0.507695,2.663589,0.389853,0.478586,2.913757
1645180852337.6511,17725905386,861.546564,690.102303,2.794945,0.450915,0.601461,2.69252,0.44653,0.54871,2.897369
1645180852347.956,17725916489,931.552505,747.787392,2.786827,0.482754,0.640153,2.698074,0.487613,0.606159,2.87558
1645180852359.915,17725927593,938.235312,750.751877,2.786201,0.486065,0.640757,2.694839,0.491263,0.610497,2.877563
1645180852370.077,17725938697,944.469423,751.043522,2.786652,0.484861,0.637762,2.69313,0.498961,0.613977,2.880173
1645180852380.9978,17725949800,959.783077,766.087997,2.783218,0.491508,0.645645,2.68866,0.508266,0.631169,2.877777
1645180852392.246,17725960903,955.934973,766.884255,2.784454,0.490032,0.650065,2.694977,0.505733,0.628075,2.873932
1645180852403.375,17725972006,954.352026,768.772602,2.786095,0.487891,0.656578,2.710663,0.506226,0.624709,2.861526
1645180852414.601,17725983109,957.655163,772.035992,2.78701,0.488109,0.659934,2.713348,0.509448,0.626793,2.860672
1645180852425.811,17725994212,959.503183,772.369981,2.787819,0.48824,0.657217,2.708679,0.511243,0.630066,2.866959
1645180852436.918,17726005315,961.573362,766.525447,2.775757,0.491451,0.645923,2.67807,0.510188,0.63162,2.873444
1645180852447.716,17726016419,961.295757,764.234447,2.788277,0.49225,0.644068,2.692719,0.5091,0.629656,2.883835
1645180852458.7778,17726027523,961.207752,763.950348,2.78849,0.493562,0.647021,2.699646,0.507696,0.62623,2.877335
1645180852469.896,17726038626,962.342348,767.964113,2.803734,0.495544,0.65681,2.721024,0.506896,0.62313,2.886444
1645180852481.229,17726049729,957.714357,761.880147,2.808975,0.493303,0.655125,2.719406,0.504316,0.614675,2.898544
1645180852492.844,17726060832,952.180109,757.581854,2.828102,0.489249,0.648219,2.737839,0.502605,0.614418,2.918365
1645180852503.976,17726071935,948.847818,752.080321,2.828072,0.488148,0.642019,2.738144,0.500235,0.611449,2.917999
1645180852513.9312,17726083038,950.722876,751.928186,2.832901,0.490491,0.642193,2.745285,0.499845,0.61102,2.920517
1645180852525.843,17726094141,953.29319,751.631856,2.83432,0.493453,0.642288,2.745361,0.49956,0.610431,2.923279
1645180852537.513,17726105245,949.584217,746.420431,2.837975,0.491335,0.634756,2.738663,0.497815,0.609278,2.937286
1645180852547.7651,17726116349,945.867949,737.156153,2.831856,0.48838,0.625652,2.722717,0.496899,0.602941,2.940994
1645180852559.8909,17726127452,944.427137,737.292266,2.821411,0.486898,0.625811,2.707077,0.496881,0.60301,2.935745
1645180852570.679,17726138555,946.723337,740.245986,2.8181,0.488094,0.633868,2.706848,0.498076,0.599875,2.929352
1645180852580.997,17726149658,946.918573,744.080937,2.826042,0.489009,0.63645,2.716827,0.497365,0.603685,2.935257
1645180852592.744,17726160761,946.646376,747.878373,2.836731,0.487605,0.636991,2.721085,0.498485,0.609473,2.952377
1645180852603.786,17726171864,945.985708,746.779811,2.84243,0.487062,0.632413,2.719406,0.49834,0.61222,2.965454
1645180852614.178,17726182967,943.261814,745.082223,2.84243,0.487121,0.636393,2.723053,0.495443,0.60541,2.961807
1645180852626.375,17726194071,945.912123,740.452874,2.841408,0.48995,0.634397,2.73024,0.495375,0.599691,2.952576
1645180852637.267,17726205175,946.803904,742.963421,2.838821,0.489978,0.641814,2.74025,0.496276,0.596458,2.937393
1645180852647.501,17726216278,947.37525,745.481586,2.826065,0.489195,0.644874,2.720673,0.497654,0.597596,2.931458
1645180852659.509,17726227381,948.229809,746.577859,2.820915,0.487304,0.647466,2.713501,0.500435,0.59683,2.928329
1645180852670.397,17726238484,941.152153,755.408263,2.837524,0.485228,0.651043,2.73349,0.495138,0.607971,2.941559
1645180852680.912,17726249587,945.126572,756.175017,2.835716,0.485017,0.649944,2.733307,0.49949,0.610347,2.938126
1645180852692.937,17726260690,942.767115,758.649659,2.831093,0.486952,0.652043,2.733887,0.495097,0.612373,2.928299
1645180852703.209,17726271793,955.471029,751.248944,2.804886,0.492077,0.646102,2.705399,0.503205,0.605979,2.904373
1645180852714.245,17726282897,982.091675,747.803164,2.795425,0.505264,0.643332,2.696014,0.517748,0.603007,2.894836
1645180852725.946,17726294001,990.403404,742.674279,2.785355,0.508163,0.639156,2.685257,0.523508,0.598635,2.885452
1645180852737.064,17726305104,992.922249,741.814435,2.790001,0.50676,0.639241,2.69632,0.527534,0.597116,2.883682
1645180852747.5,17726316207,986.59584,745.790291,2.786049,0.503283,0.644483,2.70343,0.524421,0.598501,2.868668
1645180852759.0798,17726327310,990.859108,748.332131,2.789024,0.505204,0.648408,2.715195,0.526941,0.598812,2.862854
1645180852770.37,17726338413,994.147968,748.608184,2.771835,0.510121,0.645342,2.682541,0.52545,0.602338,2.86113
1645180852780.8271,17726349516,992.83041,746.668518,2.76664,0.509438,0.641522,2.668106,0.52476,0.602926,2.865173
1645180852792.787,17726360619,995.806561,748.865962,2.760895,0.511268,0.638218,2.641235,0.526031,0.609892,2.880554
1645180852803.7131,17726371723,991.187267,745.910239,2.762474,0.505612,0.63633,2.65593,0.526874,0.606854,2.869019
1645180852814.303,17726382827,988.085918,749.825513,2.758995,0.503799,0.638563,2.665314,0.525457,0.611146,2.852676
1645180852826.332,17726393930,981.040449,742.694664,2.752838,0.499808,0.633731,2.664856,0.522109,0.604093,2.84082
1645180852836.776,17726405033,980.080805,748.353946,2.758049,0.498185,0.642371,2.671967,0.522732,0.604886,2.844131
1645180852847.647,17726416136,983.738308,744.728315,2.750244,0.503185,0.639656,2.661819,0.521543,0.601558,2.838669
1645180852859.132,17726427239,987.3983,745.088089,2.74649,0.507509,0.643087,2.670731,0.521031,0.598727,2.82225
1645180852870.49,17726438342,986.445808,739.259219,2.737534,0.509385,0.638939,2.659698,0.518163,0.593159,2.815369
1645180852880.655,17726449446,907.905951,697.782648,2.752441,0.466527,0.611758,2.676407,0.479208,0.551213,2.828476
1645180852892.169,17726460549,829.230223,645.643044,2.731491,0.396255,0.542232,2.656372,0.467526,0.533839,2.80661
1645180852903.646,17726471653,666.814928,542.695248,2.721924,0.32105,0.456172,2.615112,0.373549,0.44832,2.828735
1645180852914.031,17726482756,506.398516,456.955415,2.731346,0.265154,0.400088,2.604568,0.262344,0.361504,2.858124
1645180852926.002,17726493859,492.693014,450.786674,2.735245,0.251919,0.390884,2.605515,0.261303,0.360428,2.864975
1645180852937.0862,17726504962,487.944632,445.883203,2.733658,0.252702,0.384991,2.611725,0.255574,0.358148,2.855591
1645180852947.6309,17726516065,483.899231,439.635032,2.735268,0.251205,0.382574,2.622101,0.252857,0.350151,2.848434
1645180852959.6692,17726527168,478.000488,439.432973,2.733994,0.248812,0.383921,2.625046,0.249105,0.348467,2.842941
1645180852970.324,17726538272,478.12314,446.068722,2.733353,0.248358,0.392566,2.619278,0.249687,0.350882,2.847427
1645180852980.774,17726549375,480.206995,445.891464,2.727684,0.251386,0.388477,2.605011,0.24883,0.354675,2.850357
1645180852992.4368,17726560479,479.912052,441.05655,2.733154,0.251837,0.381134,2.613617,0.248071,0.353961,2.852692
1645180853003.487,17726571582,482.553034,439.480233,2.740875,0.254291,0.376898,2.62001,0.248368,0.355569,2.86174
1645180853014.0369,17726582685,480.97209,438.61869,2.745941,0.252252,0.377569,2.627579,0.248761,0.353462,2.864304
1645180853026.0242,17726593788,479.97385,440.939713,2.739777,0.252321,0.381158,2.608414,0.247652,0.353741,2.87114
1645180853037.0942,17726604891,476.04877,441.972578,2.735664,0.249196,0.386341,2.612839,0.246688,0.35028,2.85849
1645180853047.539,17726615994,477.38873,445.720428,2.733139,0.250827,0.390878,2.61113,0.246453,0.35199,2.855148
1645180853059.344,17726627098,477.6616,448.69861,2.738075,0.251178,0.393034,2.623947,0.246386,0.354797,2.852203
1645180853070.143,17726638201,479.65486,447.415119,2.734177,0.251782,0.391635,2.62117,0.247858,0.354057,2.847183
1645180853080.593,17726649305,475.437026,441.200352,2.732117,0.250043,0.38651,2.616074,0.245204,0.348824,2.84816
1645180853092.5242,17726660408,470.271192,434.423608,2.731865,0.246421,0.379958,2.617645,0.243445,0.344082,2.846085
1645180853103.553,17726671511,467.572289,438.185942,2.737717,0.245919,0.383233,2.617157,0.241135,0.347077,2.858276
1645180853114.022,17726682614,468.834629,442.299038,2.742729,0.245406,0.386623,2.630646,0.242963,0.350542,2.854813
1645180853126.05,17726693717,469.650521,443.818009,2.736725,0.244698,0.38849,2.621643,0.244521,0.351207,2.851807
1645180853137.0571,17726704820,469.741745,440.306497,2.734337,0.243759,0.382403,2.615982,0.245555,0.351441,2.852692
1645180853147.41,17726715924,469.244943,445.917892,2.733238,0.243803,0.387862,2.616486,0.244994,0.355335,2.849991
1645180853157.9958,17726727027,473.687611,450.830609,2.728943,0.245475,0.392518,2.614548,0.24795,0.358866,2.843338
1645180853168.281,17726738131,480.049238,473.692131,2.704063,0.253419,0.419983,2.588394,0.246633,0.369504,2.819733
1645180853178.704,17726749234,,,,,,,,,
1645180853190.679,17726760337,,,,,,,,,
1645180853201.474,17726771440,,,,,,,,,
1645180853211.636,17726782543,,,,,,,,,
1645180853223.9412,17726793646,,,,,,,,,
1645180853235.048,17726804750,,,,,,,,,
1645180853245.519,17726815853,,,,,,,,,
1645180853257.128,17726826957,,,,,,,,,
1645180853268.3252,17726838060,,,,,,,,,
1645180853278.895,17726849163,,,,,,,,,
1645180853291.435,17726860266,,,,,,,0.149815,0.569614,2.000778
1645180853303.48,17726871369,473.53745,840.029633,2.913155,0.310589,0.810589,3.210815,0.182679,0.589461,2.615494
1645180853313.697,17726882472,510.582876,796.152735,2.923424,0.310589,0.810589,3.210815,0.221268,0.516333,2.636032
1645180853325.625,17726893576,531.166248,786.559796,3.018738,0.310589,0.810589,3.210815,0.242709,0.500344,2.82666
1645180853336.694,17726904679,476.98132,407.062823,2.738083,0.249376,0.260037,2.801636,0.24748,0.418401,2.67453
1645180853346.942,17726915783,475.148163,360.585165,2.812157,0.249376,0.260037,2.801636,0.24557,0.340939,2.822678
1645180853358.998,17726926886,482.827907,384.955233,2.802872,0.255531,0.308143,2.748642,0.247415,0.333449,2.857101
1645180853369.996,17726937989,502.209635,404.038382,2.802216,0.264056,0.360685,2.701736,0.259079,0.312713,2.902695
1645180853380.159,17726949092,501.033325,404.1888,2.793457,0.263477,0.362501,2.682678,0.258432,0.311147,2.904236
1645180853392.2688,17726960195,502.338467,410.142195,2.786766,0.265173,0.367571,2.676971,0.258096,0.315999,2.896561
1645180853403.259,17726971299,496.446419,405.955893,2.791962,0.260566,0.356595,2.683655,0.256565,0.319998,2.900269
1645180853413.811,17726982402,500.785933,410.287195,2.789986,0.261798,0.35898,2.684296,0.259854,0.324832,2.895676
1645180853425.394,17726993505,500.960884,409.09735,2.79184,0.261441,0.359432,2.687103,0.260394,0.322397,2.896576
1645180853436.42,17727004609,503.319969,412.487322,2.797089,0.264053,0.363479,2.690399,0.260239,0.323999,2.903778
1645180853447.1372,17727015712,504.357262,409.330899,2.803879,0.265486,0.35899,2.696503,0.259886,0.323229,2.911255
1645180853459.029,17727026815,500.846815,410.258818,2.809776,0.262616,0.357036,2.703461,0.2591,0.326729,2.916092
1645180853469.945,17727037918,497.747869,403.957719,2.813972,0.260311,0.351205,2.704559,0.258176,0.322058,2.923386
1645180853480.561,17727049021,499.448204,403.386211,2.814537,0.259501,0.352034,2.703918,0.260758,0.320277,2.925156
1645180853492.373,17727060125,503.136663,401.146048,2.823578,0.262174,0.352796,2.709045,0.261927,0.315781,2.93811
1645180853503.4028,17727071228,504.511557,408.840734,2.828949,0.263859,0.360571,2.715164,0.261674,0.32083,2.942734
1645180853513.671,17727082331,501.001396,409.19196,2.842529,0.263301,0.364739,2.724396,0.258575,0.317248,2.960663
1645180853525.516,17727093435,498.30102,404.909384,2.848213,0.261735,0.36188,2.734467,0.257328,0.312969,2.96196
1645180853640.708,17727104538,498.412714,397.81571,2.850418,0.260781,0.350899,2.734756,0.258399,0.312127,2.96608
1645180853644.5789,17727115641,501.342402,392.688078,2.863831,0.262114,0.346371,2.749527,0.260118,0.308109,2.978134
1645180853646.579,17727126744,500.561886,394.282526,2.870506,0.260489,0.345525,2.752884,0.26093,0.311613,2.988129
1645180853648.581,17727137847,501.665154,398.917973,2.87529,0.263908,0.353101,2.752869,0.25866,0.311763,2.997711
1645180853649.581,17727148951,495.757656,399.637914,2.882988,0.260621,0.350496,2.758087,0.255793,0.315567,3.007889
1645180853650.575,17727160054,495.81419,398.952466,2.882561,0.263427,0.348958,2.762039,0.253046,0.315963,3.003082
1645180853651.578,17727171157,494.119577,399.55439,2.89045,0.261118,0.348877,2.780869,0.25359,0.317047,3.000031
1645180853653.578,17727182261,497.90597,401.280391,2.891312,0.262211,0.351611,2.781799,0.256441,0.31719,3.000824
1645180853655.578,17727193364,497.808981,399.177092,2.893974,0.261391,0.351301,2.783264,0.25716,0.313994,3.004684
1645180853656.579,17727204467,501.420393,397.121054,2.898811,0.261312,0.349798,2.782318,0.261001,0.31207,3.015305
1645180853658.578,17727215570,499.928427,394.70526,2.899246,0.26078,0.350375,2.782761,0.259979,0.307467,3.015732
1645180853660.582,17727226673,527.005205,395.191634,2.89904,0.274146,0.347337,2.778641,0.274818,0.311316,3.01944
1645180853669.687,17727237777,547.581911,394.884771,2.892258,0.285613,0.348214,2.768799,0.284784,0.309928,3.015717
1645180853680.342,17727248880,578.117781,399.335057,2.88578,0.300032,0.347498,2.764236,0.302174,0.318061,3.007324
1645180853692.3972,17727259983,573.701248,402.302742,2.88279,0.298286,0.354718,2.764725,0.29932,0.315787,3.000854
1645180853703.399,17727271087,576.539869,400.991964,2.876411,0.299469,0.351279,2.766693,0.301093,0.317041,2.98613
1645180853713.5142,17727282190,579.434996,399.112844,2.868713,0.301749,0.349195,2.76004,0.30183,0.315993,2.977386
1645180853725.418,17727293293,580.879669,398.943526,2.860741,0.302176,0.348438,2.75531,0.302907,0.316468,2.966171
1645180853736.516,17727304396,579.726105,399.6934,2.856369,0.303022,0.350359,2.749023,0.300859,0.315797,2.963715
1645180853746.776,17727315499,583.134584,400.336289,2.842842,0.30441,0.354048,2.733582,0.303022,0.31318,2.952103
1645180853758.8242,17727326603,584.100151,399.596572,2.842583,0.306381,0.353002,2.737823,0.302056,0.312992,2.947342
1645180853769.815,17727337706,587.010269,398.904294,2.832428,0.307842,0.349785,2.722534,0.303627,0.315055,2.942322
1645180853780.262,17727348809,585.884542,397.867334,2.828629,0.306884,0.348059,2.723831,0.303412,0.315053,2.933426
1645180853792.086,17727359913,590.126953,397.806573,2.813469,0.308554,0.34831,2.700745,0.306161,0.314701,2.926193
1645180853802.9329,17727371016,585.169916,397.73941,2.807709,0.305585,0.347712,2.699066,0.303967,0.315187,2.916351
1645180853813.528,17727382119,587.346411,402.17253,2.798164,0.306112,0.349967,2.688675,0.305707,0.320321,2.907654
1645180853825.368,17727393222,584.337873,402.285898,2.797806,0.304122,0.350493,2.684067,0.304563,0.319984,2.911545
1645180853836.375,17727404325,586.652584,403.59875,2.791267,0.304699,0.354628,2.682175,0.306398,0.318036,2.90036
1645180853846.531,17727415429,586.883755,401.202983,2.783035,0.305451,0.355949,2.673477,0.305886,0.312722,2.892593
1645180853858.6309,17727426532,584.096289,402.442396,2.778503,0.305718,0.35757,2.671021,0.302715,0.313167,2.885986
1645180853869.628,17727437635,584.256077,404.765368,2.778595,0.305552,0.35894,2.669312,0.303048,0.315669,2.887878
1645180853880.187,17727448739,580.528278,403.49797,2.767822,0.302916,0.357153,2.658188,0.301801,0.315344,2.877457
1645180853891.97,17727459842,579.987545,404.758161,2.757347,0.302798,0.358165,2.642899,0.301356,0.316432,2.871796
1645180853902.851,17727470945,574.081364,403.254479,2.738396,0.299264,0.361321,2.614639,0.298737,0.31077,2.862152
1645180853913.9,17727482048,574.616833,403.725511,2.735428,0.299513,0.360956,2.615082,0.299047,0.31192,2.855774
1645180853925.2031,17727493151,577.363958,405.813789,2.731865,0.30067,0.363351,2.615494,0.300751,0.313005,2.848236
1645180853936.456,17727504255,583.605909,406.16253,2.737442,0.30383,0.360698,2.630127,0.304093,0.31624,2.844757
1645180853946.7112,17727515358,585.238094,410.24276,2.734314,0.306676,0.362288,2.633713,0.302947,0.32145,2.834915
1645180853958.6,17727526461,585.777054,407.926476,2.733696,0.306459,0.357931,2.630569,0.303725,0.321947,2.836823
1645180853969.6091,17727537565,585.797768,403.58541,2.725479,0.308061,0.349862,2.618225,0.302145,0.32278,2.832733
1645180853980.6409,17727548668,588.171616,399.853009,2.714653,0.306753,0.346415,2.605774,0.305925,0.320007,2.823532
1645180853991.992,17727559771,589.282007,397.952002,2.710449,0.306182,0.347821,2.603683,0.307653,0.315433,2.817215
1645180854002.2432,17727570874,586.666946,401.441646,2.709122,0.303871,0.355881,2.607162,0.30724,0.313188,2.811081
1645180854013.146,17727581978,584.3575,404.542637,2.699928,0.303088,0.360841,2.595047,0.305618,0.313397,2.80481
1645180854025.204,17727593081,582.825365,403.836036,2.689888,0.303455,0.357051,2.586838,0.303654,0.316009,2.792938
1645180854036.206,17727604184,583.783178,398.029357,2.688049,0.304806,0.348316,2.585907,0.303301,0.315066,2.790192
1645180854046.454,17727615287,586.638737,397.510242,2.691139,0.306185,0.348587,2.592896,0.304897,0.31393,2.789383
1645180854058.647,17727626391,583.285446,400.33443,2.690346,0.303756,0.352761,2.58754,0.303833,0.314463,2.793152
1645180854069.678,17727637494,582.591534,408.475471,2.684402,0.302769,0.360193,2.571793,0.304097,0.3206,2.797012
1645180854079.59,17727648597,580.701056,403.229374,2.674644,0.303557,0.354042,2.557861,0.30134,0.318006,2.791428
1645180854091.74,17727659700,586.900177,403.869116,2.672668,0.308461,0.353719,2.557587,0.302894,0.319397,2.78775
1645180854102.777,17727670804,591.220808,401.875091,2.668152,0.310911,0.35302,2.569977,0.304944,0.316772,2.766327
1645180854113.404,17727681907,590.430107,405.294853,2.666306,0.310202,0.355629,2.571915,0.304829,0.319863,2.760696
1645180854125.133,17727693010,587.949343,405.208433,2.663994,0.30663,0.356308,2.570633,0.305817,0.319039,2.757355
1645180854136.2368,17727704113,587.146654,404.726905,2.666557,0.307084,0.356122,2.563919,0.304527,0.318422,2.769196
1645180854146.57,17727715217,585.926685,407.640249,2.66362,0.305061,0.360733,2.562622,0.30528,0.318667,2.764618
1645180854158.598,17727726320,586.286602,407.544655,2.658264,0.305919,0.362058,2.561783,0.304797,0.317183,2.754745
1645180854169.76,17727737423,585.065117,407.683128,2.656364,0.305274,0.359293,2.558365,0.304169,0.320179,2.754364
1645180854179.926,17727748526,589.137354,403.658062,2.656837,0.305802,0.355175,2.561218,0.307883,0.317588,2.752457
1645180854191.863,17727759630,587.994146,404.702461,2.658134,0.304754,0.354777,2.555283,0.307739,0.319727,2.760986
1645180854202.44,17727770733,588.737326,407.840574,2.665543,0.305422,0.36298,2.563599,0.307846,0.316754,2.767487
1645180854213.472,17727781836,583.600588,410.367984,2.660202,0.304482,0.365796,2.550781,0.303436,0.318151,2.769623
1645180854225.086,17727792939,585.714684,408.583903,2.660263,0.307489,0.363636,2.549362,0.302631,0.317337,2.771164
1645180854236.014,17727804043,582.424564,405.152732,2.656403,0.303267,0.359723,2.545441,0.303425,0.315531,2.767365
1645180854246.4048,17727815146,584.069595,402.516818,2.662659,0.304258,0.355931,2.55661,0.304148,0.31493,2.768707
1645180854258.396,17727826249,583.826294,399.453807,2.672974,0.302398,0.35346,2.572174,0.305754,0.312296,2.773773
1645180854269.215,17727837352,582.643061,400.282019,2.672401,0.30261,0.352271,2.572037,0.30431,0.314866,2.772766
1645180854279.3738,17727848456,585.40575,402.839327,2.669945,0.304743,0.35638,2.565903,0.305054,0.315019,2.773987
1645180854291.6702,17727859559,583.330336,401.992929,2.66922,0.30415,0.352932,2.564545,0.303485,0.317056,2.773895
1645180854302.622,17727870662,585.137329,398.664111,2.671761,0.305794,0.35,2.564301,0.303724,0.31444,2.779221
1645180854312.808,17727881765,585.213604,398.604083,2.685028,0.304818,0.347842,2.581589,0.304779,0.316498,2.788467
1645180854324.9111,17727892869,586.627121,402.80934,2.690598,0.304832,0.35332,2.587402,0.306238,0.318029,2.793793
1645180854335.9832,17727903972,590.680618,411.181891,2.697716,0.307346,0.364343,2.597687,0.307946,0.32096,2.797745
1645180854346.465,17727915075,588.611269,415.816122,2.699234,0.307007,0.367677,2.592636,0.30613,0.32535,2.805832
1645180854357.688,17727926178,587.762775,413.538998,2.701225,0.305111,0.363717,2.594452,0.307142,0.325515,2.807999
1645180854369.216,17727937282,586.051712,409.367323,2.698311,0.305027,0.3528,2.58847,0.305444,0.329479,2.808151
1645180854379.8909,17727948385,588.848705,403.741711,2.70385,0.30635,0.346229,2.594025,0.307035,0.326674,2.813675
1645180854391.928,17727959488,589.728098,402.700657,2.705391,0.308702,0.347051,2.597412,0.305598,0.324117,2.81337
1645180854402.456,17727970591,586.873226,403.895527,2.713493,0.305496,0.348845,2.599731,0.30583,0.324314,2.827255
1645180854413.487,17727981695,584.376068,403.687048,2.716881,0.304093,0.346611,2.603394,0.304633,0.326201,2.830368
1645180854424.492,17727992798,582.968931,406.261235,2.723839,0.303575,0.347924,2.60907,0.303684,0.329178,2.838608
1645180854436.134,17728003901,584.826651,400.635266,2.729294,0.305064,0.347782,2.62616,0.30413,0.319943,2.832428
1645180854446.281,17728015004,581.413565,400.314063,2.739532,0.30357,0.351981,2.636917,0.302069,0.315209,2.842148
1645180854458.211,17728026108,580.340738,399.653631,2.741684,0.301949,0.351959,2.644028,0.302572,0.314131,2.83934
1645180854469.099,17728037211,579.219332,400.667381,2.745178,0.30132,0.349113,2.635986,0.302033,0.318666,2.85437
1645180854479.719,17728048314,579.909496,399.755841,2.749481,0.300928,0.347316,2.63443,0.303144,0.318944,2.864532
1645180854491.7532,17728059417,578.305378,399.437392,2.753876,0.299851,0.34825,2.633591,0.302551,0.317479,2.874161
1645180854502.4978,17728070521,593.606958,400.550455,2.75293,0.308039,0.351419,2.641937,0.310302,0.316165,2.863922
1645180854513.268,17728081624,637.145605,402.513438,2.760376,0.327303,0.353791,2.657791,0.336391,0.317065,2.862961
1645180854524.731,17728092727,661.525326,402.40202,2.768547,0.34225,0.353405,2.670639,0.346839,0.317265,2.866455
1645180854535.724,17728103830,665.959682,404.084945,2.774666,0.344093,0.351875,2.67186,0.349615,0.3216,2.877472
1645180854545.758,17728114934,655.419474,402.805781,2.773537,0.340221,0.349352,2.665466,0.342507,0.321991,2.881607
1645180854558.018,17728126037,658.588514,401.113218,2.769218,0.340857,0.345976,2.662689,0.345173,0.322546,2.875748
1645180854568.9758,17728137140,663.947468,398.739463,2.779678,0.343226,0.346993,2.681213,0.348386,0.317573,2.878143
1645180854579.538,17728148243,663.223286,398.180616,2.788841,0.341729,0.344226,2.686951,0.349128,0.319408,2.890732
1645180854591.445,17728159347,663.040609,399.693435,2.800713,0.343695,0.348108,2.695984,0.346973,0.318048,2.905441
1645180854602.418,17728170450,663.843384,402.955985,2.792496,0.344856,0.351378,2.673096,0.346648,0.320215,2.911896
1645180854613.133,17728181553,665.715065,406.418252,2.793518,0.346716,0.356624,2.673508,0.346737,0.32074,2.913528
1645180854625.3,17728192657,664.2239,403.500545,2.788742,0.343671,0.351523,2.668503,0.348229,0.320978,2.908981
1645180854635.729,17728203760,663.944263,398.403096,2.797546,0.344563,0.345275,2.688431,0.347046,0.31873,2.906662
1645180854646.424,17728214863,663.15073,396.724355,2.801857,0.341917,0.341988,2.69162,0.348865,0.319219,2.912094
1645180854657.896,17728225966,653.510828,400.721365,2.797218,0.345188,0.344151,2.68129,0.335553,0.323718,2.913147
1645180854668.886,17728237069,625.635023,403.181469,2.789101,0.326422,0.345513,2.672775,0.325281,0.326456,2.905426
1645180854679.512,17728248173,595.251389,401.790816,2.796509,0.31135,0.344044,2.681625,0.308704,0.325607,2.911392
1645180854691.4502,17728259276,595.239716,400.784111,2.80497,0.307446,0.347277,2.69342,0.312595,0.320697,2.916519
1645180854702.055,17728270379,598.19026,400.291818,2.812408,0.309444,0.348929,2.697418,0.313671,0.318224,2.927399
1645180854712.794,17728281482,595.115204,404.71909,2.812271,0.30934,0.355711,2.695282,0.310572,0.318821,2.92926
1645180854724.773,17728292585,595.899353,406.946021,2.812012,0.310173,0.356418,2.694061,0.310556,0.321825,2.929962
1645180854735.5671,17728303688,595.398445,410.936236,2.815208,0.309842,0.359282,2.69545,0.310365,0.325612,2.934967
1645180854746.207,17728314791,596.057453,413.609487,2.81076,0.307772,0.35721,2.690506,0.313121,0.332139,2.931015
1645180854758.234,17728325895,596.914272,415.742236,2.809807,0.308266,0.359459,2.688293,0.31352,0.333445,2.93132
1645180854769.037,17728336999,597.334299,416.456491,2.808304,0.308396,0.362066,2.689285,0.313828,0.332028,2.927322
1645180854779.274,17728348102,594.157305,415.19984,2.810997,0.308943,0.361856,2.694321,0.309971,0.330144,2.927673
1645180854791.2048,17728359205,594.690313,413.997245,2.814453,0.310147,0.361775,2.699692,0.309322,0.32822,2.929214
1645180854802.241,17728370308,592.031536,409.013844,2.804871,0.308668,0.353483,2.684708,0.308031,0.328207,2.925034
1645180854812.5552,17728381411,597.043276,406.996751,2.801994,0.310334,0.355603,2.681046,0.311586,0.322725,2.922943
1645180854824.707,17728392514,597.235365,408.294618,2.799118,0.309922,0.356188,2.677414,0.312198,0.324303,2.920822
1645180854835.5862,17728403617,598.126888,412.686056,2.805099,0.310326,0.363882,2.690475,0.312723,0.323929,2.919724
1645180854846.633,17728414721,596.029644,415.436822,2.80732,0.308365,0.363738,2.69339,0.312499,0.328657,2.921249
1645180854858.7698,17728425825,595.281515,413.23961,2.808159,0.306587,0.361769,2.693115,0.313498,0.326963,2.923203
1645180854868.9102,17728436928,595.418329,413.931441,2.81414,0.305769,0.364112,2.695435,0.314458,0.325774,2.932846
1645180854879.481,17728448031,598.621187,413.284117,2.814278,0.308926,0.363056,2.695114,0.314638,0.325751,2.933441
1645180854891.109,17728459134,600.117073,414.337528,2.809753,0.310977,0.362298,2.690125,0.314145,0.328265,2.929382
1645180854902.103,17728470237,600.658751,415.426379,2.807739,0.311481,0.361451,2.687698,0.314205,0.330927,2.92778
1645180854912.256,17728481340,600.985823,417.793643,2.810974,0.310363,0.364101,2.694427,0.315664,0.332221,2.927521
1645180854924.122,17728492444,600.576553,419.624072,2.813583,0.310947,0.367746,2.69841,0.314654,0.331628,2.928757
1645180854935.976,17728503547,609.588861,421.768606,2.818726,0.315575,0.368539,2.707184,0.319414,0.334409,2.930267
1645180854946.059,17728514651,671.471128,413.991326,2.813934,0.34028,0.364316,2.700226,0.359169,0.325669,2.927643
1645180854957.279,17728525754,716.966686,412.213504,2.812408,0.365649,0.363135,2.698196,0.381191,0.323887,2.92662
1645180854968.874,17728536857,745.393896,413.423735,2.807793,0.380902,0.36503,2.694977,0.39555,0.324009,2.920609
1645180854979.511,17728547960,736.849194,416.934729,2.801941,0.376931,0.367712,2.692032,0.39062,0.327179,2.91185
1645180854991.118,17728559063,734.987297,413.256133,2.796349,0.376447,0.360734,2.687866,0.389165,0.328026,2.904831
1645180855002.1492,17728570166,737.403374,407.900834,2.787933,0.378602,0.356175,2.680313,0.389527,0.32366,2.895554
1645180855013.327,17728581270,744.48143,404.218251,2.795677,0.383299,0.349915,2.688385,0.392202,0.323782,2.902969
1645180855024.363,17728592373,746.03508,405.255157,2.80011,0.383195,0.350329,2.693436,0.393925,0.325096,2.906784
1645180855035.5688,17728603477,744.302845,405.96512,2.802681,0.381833,0.348608,2.693726,0.393483,0.328001,2.911636
1645180855045.87,17728614580,743.807602,411.066699,2.799034,0.381461,0.353051,2.694077,0.393339,0.33206,2.903992
1645180855058.272,17728625683,743.580408,411.243224,2.790062,0.381557,0.356062,2.683533,0.393006,0.329343,2.896591
1645180855068.375,17728636786,743.066139,414.607948,2.791801,0.381523,0.358962,2.685852,0.392505,0.332051,2.897751
1645180855079.371,17728647889,737.697287,415.994847,2.78772,0.378237,0.362599,2.679672,0.390198,0.330726,2.895767
1645180855090.752,17728658992,733.93796,417.402828,2.786789,0.375684,0.364181,2.680695,0.388835,0.331491,2.892883
1645180855102.067,17728670096,740.823212,412.084204,2.784836,0.379025,0.359501,2.679108,0.392665,0.327306,2.890564
1645180855112.223,17728681199,742.777634,410.154998,2.783875,0.382284,0.360893,2.676544,0.391443,0.322699,2.891205
1645180855124.506,17728692303,746.830788,408.392912,2.789696,0.384479,0.356692,2.68248,0.393469,0.323963,2.896912
1645180855135.54,17728703406,745.20607,411.396432,2.786591,0.382995,0.360128,2.676788,0.393262,0.325532,2.896393
1645180855145.7378,17728714509,745.971308,411.181444,2.780922,0.38331,0.358659,2.671616,0.393743,0.326643,2.890228
1645180855157.744,17728725612,745.520411,412.678975,2.777397,0.383076,0.359913,2.665771,0.393508,0.327885,2.889023
1645180855167.977,17728736715,743.127422,411.910951,2.772408,0.381725,0.359121,2.664307,0.392366,0.327397,2.880508
1645180855179.2458,17728747818,738.434086,412.000287,2.776581,0.379903,0.356177,2.668884,0.389299,0.33049,2.884277
1645180855191.028,17728758922,739.807463,409.534407,2.771851,0.381826,0.355453,2.672714,0.388807,0.327104,2.870987
1645180855202.057,17728770025,741.872578,407.095706,2.766937,0.383973,0.356951,2.660507,0.388811,0.321542,2.873367
1645180855213.206,17728781129,744.101601,405.590361,2.766335,0.382788,0.354807,2.664291,0.392318,0.321177,2.868378
1645180855224.525,17728792232,743.126507,407.388085,2.773117,0.381391,0.354921,2.658585,0.392699,0.324059,2.88765
1645180855235.358,17728803335,743.383512,407.405144,2.773605,0.381915,0.349157,2.662994,0.392443,0.329852,2.884216
1645180855247.3508,17728814438,743.924847,410.4877,2.768417,0.383806,0.351396,2.654953,0.391115,0.332751,2.881882
1645180855257.609,17728825541,743.67754,410.651028,2.766342,0.382176,0.351975,2.657532,0.392488,0.332443,2.875153
1645180855268.573,17728836644,742.535448,411.741829,2.772995,0.380822,0.360067,2.665756,0.392653,0.326169,2.880234
1645180855279.615,17728847748,729.900856,494.241929,2.618355,0.362362,0.391709,2.536469,0.397951,0.432027,2.700241
1645180855289.743,17728858851,725.340729,532.648212,2.534683,0.354665,0.418312,2.444626,0.400898,0.469435,2.624741
1645180855300.128,17728869955,689.320936,652.23214,2.273003,0.317055,0.498841,2.103333,0.400988,0.588212,2.442673
1645180855310.562,17728881058,,,,,,,,,
1645180855321.838,17728892161,,,,,,,,,
1645180855332.5989,17728903264,,,,,,,,,
1645180855343.611,17728914367,,,,,,,,,
1645180855355.596,17728925471,,,,,,,,,
1645180855366.342,17728936574,,,,,,,,,
1645180855377.439,17728947677,,,,,,,,,
1645180855389.6848,17728958781,,,,,,,,,
1645180855400.6729,17728969884,,,,,,,,,
1645180855412.165,17728980987,727.581224,674.235678,2.036324,0.306988,0.478099,1.680298,0.450909,0.645627,2.392349
1645180855424.815,17728992090,798.672237,533.768123,2.442543,0.385294,0.376055,2.334274,0.446656,0.513559,2.550812
1645180855435.08,17729003193,850.74214,473.146462,2.513229,0.41051,0.348747,2.465836,0.47568,0.439831,2.560623
1645180855446.187,17729014297,885.866318,388.215691,2.710915,0.447167,0.327399,2.683731,0.475611,0.319627,2.738098
1645180855457.596,17729025400,893.2901,385.6049,2.706795,0.451571,0.334376,2.654495,0.478939,0.308298,2.759094
1645180855468.618,17729036503,875.403957,401.781821,2.725334,0.45062,0.349124,2.636566,0.461259,0.320513,2.814102
1645180855478.941,17729047607,875.935507,406.46916,2.723923,0.452123,0.351463,2.634445,0.460309,0.325986,2.8134
1645180855490.688,17729058710,875.805616,407.206786,2.731262,0.45164,0.354114,2.633942,0.460658,0.324564,2.828583
1645180855501.75,17729069813,873.501778,405.310482,2.743538,0.447984,0.35641,2.645279,0.461913,0.319108,2.841797
1645180855512.255,17729080916,873.8659,402.271432,2.740524,0.4474,0.353639,2.641983,0.462877,0.316814,2.839066
1645180855524.2778,17729092019,874.761686,402.340704,2.739761,0.449808,0.352893,2.640488,0.461402,0.317675,2.839035
1645180855635.69,17729103123,874.104824,404.19699,2.733017,0.453117,0.350071,2.629807,0.457408,0.323591,2.836227
1645180855636.678,17729114226,875.251265,401.017123,2.735443,0.453972,0.347316,2.633377,0.457748,0.321046,2.837509
1645180855638.678,17729125329,874.034901,399.515659,2.74337,0.452118,0.349867,2.651321,0.458335,0.315993,2.835419
1645180855639.6848,17729136433,877.951012,394.554824,2.755585,0.451555,0.347314,2.670319,0.462977,0.310277,2.840851
1645180855641.05,17729147536,873.600025,395.476234,2.758583,0.449946,0.349286,2.673035,0.460054,0.309841,2.844131
1645180855641.05,17729158639,870.900993,393.846273,2.76017,0.448097,0.33993,2.665085,0.459092,0.316481,2.855255
1645180855642.078,17729169742,842.144537,398.078549,2.762344,0.435034,0.342413,2.668747,0.4422,0.321051,2.855942
1645180855643.086,17729180845,785.540428,403.611356,2.769897,0.409335,0.345525,2.671555,0.408936,0.32716,2.86824
1645180855643.086,17729191949,754.767494,405.264848,2.778358,0.391812,0.350223,2.681259,0.394404,0.325218,2.875458
1645180855643.086,17729203052,749.468651,407.589179,2.784233,0.387797,0.352522,2.684036,0.3929,0.326793,2.88443
1645180855645.078,17729214155,761.055393,404.450494,2.795486,0.392968,0.34946,2.697845,0.399799,0.324624,2.893127
1645180855657.37,17729225259,760.860815,409.238559,2.801926,0.391414,0.353929,2.715088,0.40115,0.328135,2.888763
1645180855668.3918,17729236362,759.136419,408.238488,2.803673,0.390137,0.350215,2.720779,0.400631,0.330183,2.886566
1645180855678.8818,17729247465,756.17363,410.608864,2.807404,0.389218,0.349977,2.721863,0.398462,0.334371,2.892944
1645180855690.942,17729258568,755.335865,409.221733,2.808701,0.389541,0.350262,2.721954,0.397267,0.331774,2.895447
1645180855701.606,17729269671,753.856373,408.80515,2.806328,0.390036,0.351728,2.710022,0.395231,0.329614,2.902634
1645180855711.823,17729280775,756.513777,412.143892,2.8097,0.39271,0.356718,2.712936,0.395326,0.330188,2.906464
1645180855724.059,17729291878,754.694252,418.027139,2.811287,0.391415,0.362018,2.712875,0.394724,0.334694,2.909698
1645180855735.032,17729302981,754.703407,418.935406,2.813828,0.390351,0.366196,2.72467,0.395798,0.33203,2.902985
1645180855745.296,17729314085,752.351475,418.405116,2.806419,0.389502,0.364955,2.71669,0.394197,0.332387,2.896149
1645180855757.26,17729325188,753.443127,412.157482,2.791122,0.390358,0.359619,2.70105,0.394479,0.32731,2.881195
1645180855768.365,17729336291,753.124838,406.334317,2.779305,0.389618,0.352184,2.687302,0.394887,0.32504,2.871307
1645180855779.032,17729347394,749.945755,410.491508,2.773392,0.38663,0.355087,2.685608,0.394564,0.329066,2.861176
1645180855790.066,17729358498,752.441139,411.991507,2.777084,0.388395,0.356909,2.691574,0.395398,0.329743,2.862595
1645180855801.634,17729369601,752.660065,415.951645,2.78186,0.389799,0.359829,2.694092,0.394222,0.333424,2.869629
1645180855812.1108,17729380704,758.170481,413.682246,2.774071,0.391108,0.359873,2.691208,0.398653,0.329598,2.856934
1645180855823.99,17729391807,755.033741,414.156908,2.76931,0.387823,0.359961,2.687988,0.39867,0.330301,2.850632
1645180855835.0168,17729402911,757.269287,416.241217,2.762314,0.389266,0.360528,2.681229,0.399556,0.333208,2.843399
1645180855845.703,17729414014,753.875685,407.055026,2.752571,0.389974,0.354471,2.665909,0.395313,0.323954,2.839233
1645180855857.009,17729425117,752.104683,401.151359,2.745995,0.390215,0.348907,2.656815,0.393227,0.319679,2.835175
1645180855868.048,17729436220,749.735441,398.187339,2.744209,0.388828,0.347213,2.65773,0.392146,0.316433,2.830688
1645180855878.8591,17729447324,750.92268,406.490046,2.735069,0.387513,0.348088,2.652008,0.394698,0.329395,2.81813
1645180855890.5088,17729458427,751.517544,412.957513,2.734779,0.388035,0.352258,2.647614,0.394795,0.336005,2.821945
1645180855901.638,17729469530,748.93178,414.447373,2.732697,0.386837,0.349429,2.639435,0.3933,0.341316,2.825958
1645180855912.1511,17729480633,751.721506,412.965542,2.728104,0.387169,0.35222,2.639023,0.395875,0.336056,2.817184
1645180855923.885,17729491737,751.900434,408.970821,2.720711,0.388668,0.346626,2.634338,0.394562,0.334992,2.807083
1645180855934.9102,17729502840,755.04673,407.92222,2.708092,0.390406,0.346548,2.621567,0.396101,0.333323,2.794617
1645180855945.3582,17729513943,752.503996,409.254545,2.699364,0.388864,0.342679,2.610153,0.394995,0.339411,2.788574
1645180855957.384,17729525046,751.400585,408.093792,2.695854,0.387709,0.341972,2.607101,0.395,0.338185,2.784607
1645180855968.273,17729536150,751.495543,408.128053,2.69857,0.386903,0.342242,2.616287,0.395905,0.337972,2.780853
1645180855978.721,17729547253,750.801487,406.819081,2.698792,0.386486,0.343197,2.619156,0.395599,0.334835,2.778427
1645180855990.753,17729558356,751.342421,408.332366,2.689415,0.386966,0.349515,2.61174,0.395683,0.331039,2.76709
1645180856001.57,17729569459,752.49095,409.897381,2.680557,0.387423,0.354741,2.605255,0.396422,0.328421,2.755859
1645180856012.058,17729580563,755.231638,411.215901,2.669205,0.389499,0.355769,2.596283,0.397201,0.329591,2.742126
1645180856024.106,17729591666,756.86285,409.141982,2.668213,0.390745,0.350521,2.593628,0.397654,0.331382,2.742798
1645180856034.786,17729602769,754.970798,407.701206,2.664032,0.390521,0.349203,2.582794,0.395907,0.330299,2.74527
1645180856045.4111,17729613872,751.498575,409.789807,2.659325,0.391028,0.351546,2.576767,0.391783,0.331437,2.741882
1645180856057.494,17729624976,751.467991,416.616976,2.657944,0.390576,0.358429,2.575851,0.392203,0.335933,2.740036
1645180856068.29,17729636079,754.972429,417.27283,2.660393,0.393878,0.358269,2.577591,0.392552,0.337186,2.743195
1645180856078.448,17729647182,755.561342,417.758918,2.655167,0.39099,0.360469,2.572449,0.396054,0.335796,2.737885
1645180856090.335,17729658285,757.122345,415.869391,2.653503,0.39143,0.359726,2.565018,0.39724,0.33339,2.741989
1645180856101.299,17729669389,756.643496,413.798904,2.649811,0.388898,0.354459,2.566132,0.399272,0.335205,2.73349
1645180856111.789,17729680492,759.048443,411.921322,2.64817,0.390654,0.351159,2.570389,0.400022,0.335376,2.725952
1645180856123.816,17729691595,757.624969,413.682944,2.647148,0.389751,0.351681,2.564392,0.399442,0.33779,2.729904
1645180856134.5962,17729702699,759.108038,416.565388,2.644035,0.390271,0.362078,2.563126,0.400466,0.332198,2.724945
1645180856145.207,17729713802,758.5116,417.315567,2.641655,0.389123,0.364703,2.561707,0.400993,0.330823,2.721603
1645180856156.897,17729724905,759.058027,418.155205,2.638046,0.387734,0.364001,2.558594,0.402951,0.332924,2.717499
1645180856168.142,17729736008,755.809422,422.020018,2.634941,0.386216,0.364751,2.55191,0.401085,0.338615,2.717972
1645180856178.7578,17729747111,757.004442,421.498042,2.632118,0.386548,0.36422,2.541183,0.401998,0.338277,2.723053
1645180856189.9531,17729758215,765.551834,417.784113,2.633751,0.391035,0.361044,2.544846,0.406415,0.335263,2.722656
1645180856201.113,17729769318,811.023731,412.15328,2.63282,0.415875,0.353738,2.546326,0.428941,0.333184,2.719315
1645180856211.999,17729780421,864.077911,410.924292,2.628311,0.444888,0.35133,2.548462,0.455193,0.333544,2.70816
1645180856223.616,17729791525,889.157038,410.572636,2.624352,0.460079,0.352452,2.548248,0.466126,0.331836,2.700455
1645180856234.73,17729802628,882.7876,411.293793,2.626205,0.455897,0.353304,2.549622,0.463674,0.332186,2.702789
1645180856245.7349,17729813731,889.440622,411.054415,2.623886,0.458222,0.355331,2.542038,0.468279,0.329759,2.705734
1645180856256.9412,17729824834,891.875868,409.332043,2.622955,0.459917,0.35269,2.541397,0.469121,0.32953,2.704514
1645180856267.931,17729835937,893.801279,409.0581,2.617485,0.460578,0.35334,2.542542,0.470465,0.328424,2.692429
1645180856278.538,17729847041,889.343662,411.090088,2.615303,0.457147,0.355911,2.543213,0.469253,0.329239,2.687393
1645180856290.577,17729858144,891.222925,414.454812,2.621117,0.457201,0.361045,2.553665,0.471157,0.329713,2.688568
1645180856301.276,17729869247,887.798338,412.337208,2.621666,0.456235,0.353832,2.554596,0.468555,0.333397,2.688736
1645180856312.026,17729880351,890.285511,411.749911,2.62561,0.45611,0.354738,2.562424,0.471271,0.331512,2.688797
1645180856322.987,17729891454,889.234772,409.851944,2.629341,0.454898,0.351782,2.567673,0.471388,0.331305,2.69101
1645180856334.637,17729902557,889.484138,412.279308,2.628632,0.456838,0.357464,2.558868,0.469708,0.329669,2.698395
1645180856345.665,17729913660,887.008238,411.948252,2.62793,0.457759,0.356023,2.555817,0.466208,0.330557,2.700043
1645180856356.904,17729924763,887.052011,413.236409,2.62104,0.45936,0.356688,2.537613,0.464653,0.332039,2.704468
1645180856367.91,17729935867,889.18067,413.178134,2.62101,0.459645,0.358008,2.541641,0.466584,0.330622,2.700378
1645180856378.068,17729946970,896.017227,412.915456,2.624016,0.461518,0.357457,2.548416,0.471833,0.330735,2.699615
1645180856390.2458,17729958073,897.899952,411.138546,2.614853,0.461915,0.3545,2.546753,0.473397,0.330731,2.682953
1645180856401.295,17729969177,894.312658,410.643947,2.614975,0.461254,0.351914,2.545059,0.470322,0.332493,2.684891
1645180856411.63,17729980280,888.891277,407.385296,2.619408,0.460386,0.351106,2.545288,0.465543,0.32787,2.693527
1645180856423.811,17729991383,890.143118,408.547139,2.632126,0.461859,0.354632,2.552155,0.465373,0.32628,2.712097
1645180856434.8198,17730002486,890.773859,407.349622,2.637833,0.458226,0.353457,2.567841,0.469664,0.325459,2.707825
1645180856445.07,17730013589,893.01115,405.659115,2.640198,0.458193,0.349774,2.576263,0.472027,0.326324,2.704132
1645180856456.864,17730024693,893.908653,405.291313,2.632866,0.459627,0.348918,2.579483,0.471528,0.326567,2.686249
1645180856467.884,17730035796,894.349165,403.596407,2.635498,0.462356,0.346652,2.576782,0.469257,0.326009,2.694214
1645180856478.2952,17730046899,894.184542,405.641735,2.635063,0.46296,0.35026,2.577652,0.468482,0.32581,2.692474
1645180856490.32,17730058003,890.939341,400.633532,2.646606,0.459363,0.34612,2.584717,0.468699,0.321603,2.708496
1645180856501.2131,17730069106,893.566303,406.217891,2.64772,0.462064,0.351898,2.577179,0.468734,0.325132,2.718262
1645180856512.148,17730080209,889.118443,402.285469,2.65004,0.460619,0.351486,2.576706,0.465546,0.318989,2.723373
1645180856523.565,17730091312,893.192253,404.758018,2.646126,0.463343,0.353072,2.56929,0.467065,0.321524,2.722961
1645180856534.383,17730102415,890.752459,399.321091,2.640533,0.461293,0.351231,2.566101,0.466575,0.314304,2.714966
1645180856544.905,17730113519,887.936468,400.733793,2.640045,0.458907,0.350536,2.561035,0.466026,0.317354,2.719055
1645180856556.9302,17730124622,883.131838,401.676607,2.64212,0.455413,0.352027,2.56897,0.464516,0.317434,2.715271
1645180856567.7332,17730135726,884.262714,399.53379,2.643692,0.455713,0.348813,2.57547,0.465394,0.317076,2.711914
1645180856578.1191,17730146829,886.286402,401.416218,2.6521,0.457696,0.348457,2.589066,0.465519,0.32057,2.715134
1645180856590.088,17730157932,883.62608,399.95445,2.646187,0.45804,0.346723,2.57547,0.462403,0.319867,2.716904
1645180856601.069,17730169035,881.452103,408.194482,2.648384,0.455811,0.351315,2.572281,0.462369,0.32901,2.724487
1645180856611.609,17730180138,882.776699,408.822513,2.644402,0.456785,0.345552,2.568253,0.462774,0.335819,2.720551
1645180856623.417,17730191241,885.512152,409.012502,2.644707,0.458433,0.347087,2.571381,0.463975,0.3346,2.718033
1645180856634.334,17730202345,882.862158,405.068976,2.643318,0.457028,0.342498,2.574051,0.46262,0.332617,2.712585
1645180856645.373,17730213448,883.888807,408.147061,2.633202,0.45761,0.348467,2.557571,0.463108,0.331778,2.708832
1645180856656.579,17730224552,884.368429,410.801375,2.633629,0.457502,0.349426,2.561279,0.463715,0.335243,2.705978
1645180856667.216,17730235655,891.785116,413.262445,2.630836,0.463292,0.354704,2.550293,0.465651,0.334067,2.71138
1645180856678.155,17730246758,893.589077,415.285188,2.637024,0.462804,0.356383,2.562881,0.468018,0.335759,2.711166
1645180856690.162,17730257861,894.15679,416.886252,2.638008,0.462461,0.35792,2.556351,0.468952,0.336891,2.719666
1645180856701.201,17730268964,890.201969,417.408353,2.640549,0.459937,0.361082,2.560944,0.467357,0.334599,2.720154
1645180856711.4512,17730280067,887.906456,414.397126,2.635742,0.458816,0.357785,2.554276,0.466087,0.332877,2.717209
1645180856723.379,17730291171,884.968758,408.99623,2.632767,0.457221,0.352966,2.553558,0.464621,0.328694,2.711975
1645180856734.4192,17730302274,885.485258,404.911137,2.631111,0.455961,0.347076,2.555847,0.46642,0.327776,2.706375
1645180856745.341,17730313378,888.300362,399.676448,2.627884,0.456528,0.342571,2.549438,0.468785,0.323557,2.706329
1645180856756.638,17730324481,887.407007,400.365955,2.624176,0.455709,0.343524,2.549622,0.468673,0.323752,2.69873
1645180856767.663,17730335584,887.589283,400.861412,2.622917,0.457528,0.34392,2.551407,0.467044,0.324183,2.694427
1645180856778.248,17730346687,882.207842,402.35458,2.622498,0.455666,0.348727,2.557831,0.4633,0.321864,2.687164
1645180856789.916,17730357790,883.415594,402.247757,2.625053,0.454126,0.346906,2.553635,0.466098,0.323507,2.696472
1645180856800.776,17730368893,882.40262,403.290743,2.624672,0.453005,0.343806,2.548111,0.466164,0.328345,2.701233
1645180856811.677,17730379997,886.702938,401.162821,2.623474,0.455441,0.340267,2.546097,0.468208,0.328338,2.700851
1645180856823.292,17730391100,887.720547,400.811541,2.625763,0.458541,0.340757,2.553314,0.466168,0.327263,2.698212
1645180856834.358,17730402204,887.534723,399.357945,2.622757,0.457579,0.342329,2.554779,0.466936,0.323268,2.690735
1645180856844.511,17730413307,886.627407,404.426372,2.627838,0.45777,0.347078,2.56044,0.465801,0.326966,2.695236
1645180856856.721,17730424410,886.005306,406.143272,2.624161,0.458122,0.348484,2.552139,0.4648,0.328422,2.696182
1645180856867.655,17730435513,885.547142,407.550949,2.625107,0.456626,0.352692,2.55925,0.465819,0.32656,2.690964
1645180856878.133,17730446616,887.354593,408.40525,2.622368,0.457261,0.352924,2.547775,0.467066,0.327752,2.69696
1645180856890.029,17730457719,885.710592,408.632898,2.622871,0.455878,0.351366,2.551331,0.466737,0.329689,2.694412
1645180856900.6602,17730468823,888.948727,408.509088,2.617332,0.459357,0.350679,2.535797,0.466631,0.330169,2.698868
1645180856911.686,17730479927,884.773464,405.118668,2.617577,0.456402,0.348281,2.540634,0.465237,0.326917,2.694519
1645180856923.01,17730491030,885.241642,405.539954,2.617561,0.45502,0.350165,2.539459,0.467107,0.325735,2.695663
1645180856934.036,17730502133,883.400059,404.270446,2.625999,0.453691,0.348812,2.55043,0.466517,0.324973,2.701569
1645180856944.898,17730513236,881.144314,400.889611,2.625908,0.453536,0.346858,2.545334,0.464322,0.321292,2.706482
1645180856956.6482,17730524339,882.656107,399.929988,2.626534,0.455994,0.345106,2.548416,0.46344,0.321444,2.704651
1645180856967.4338,17730535442,883.1567,397.977966,2.627441,0.456813,0.341493,2.547668,0.463142,0.321803,2.707214
1645180856978.007,17730546545,888.639393,399.624163,2.625435,0.458053,0.343019,2.553482,0.467613,0.323021,2.697388
1645180856990.0378,17730557649,889.711046,396.396929,2.624786,0.46011,0.339636,2.558975,0.466673,0.321026,2.690598
1645180857000.773,17730568753,910.594769,395.4193,2.621521,0.471064,0.339589,2.556885,0.477472,0.319443,2.686157
1645180857010.987,17730579856,943.260956,393.353248,2.620186,0.487435,0.339898,2.552475,0.495128,0.31569,2.687897
1645180857023.101,17730590959,961.710777,390.614623,2.620979,0.496437,0.337497,2.552139,0.505345,0.313528,2.689819
1645180857034.1812,17730602062,963.316183,386.89751,2.624321,0.496474,0.3361,2.554062,0.506981,0.308729,2.69458
1645180857044.78,17730613165,957.966499,390.685004,2.631134,0.49311,0.334382,2.557755,0.504772,0.31676,2.704514
1645180857056.78,17730624268,960.848637,393.670446,2.632278,0.495342,0.341098,2.557083,0.505542,0.315019,2.707474
1645180857067.361,17730635371,959.359474,399.563241,2.637817,0.495521,0.343246,2.559326,0.503812,0.322693,2.716309
1645180857077.997,17730646475,963.10318,395.900398,2.641815,0.497667,0.340819,2.564087,0.505565,0.319015,2.719543
1645180857089.0752,17730657579,963.007164,396.994328,2.642441,0.497126,0.336618,2.55275,0.506006,0.325039,2.732132
1645180857100.731,17730668682,964.969168,392.301106,2.63382,0.497464,0.334371,2.552673,0.507712,0.319465,2.714966
1645180857111.3638,17730679785,964.762087,390.695679,2.633713,0.497837,0.337406,2.552628,0.507124,0.313754,2.714798
1645180857122.525,17730690888,962.766466,389.217746,2.642723,0.497106,0.34041,2.56955,0.505775,0.308286,2.715897
1645180857134.006,17730701991,960.501394,391.783422,2.650078,0.495864,0.344343,2.570145,0.504659,0.308629,2.730011
1645180857144.636,17730713094,957.59182,393.126136,2.653847,0.495296,0.342306,2.571884,0.502195,0.312904,2.735809
1645180857156.446,17730724197,957.779932,394.044918,2.649033,0.495354,0.342254,2.570038,0.502333,0.314487,2.728027
1645180857167.702,17730735301,957.561865,391.782761,2.646484,0.497237,0.337862,2.571808,0.500224,0.315109,2.721161
1645180857177.797,17730746405,933.457031,390.609366,2.64463,0.484517,0.337724,2.574722,0.487834,0.313292,2.714539
1645180857189.83,17730757508,910.576458,391.524142,2.649689,0.46944,0.33867,2.581192,0.479077,0.313871,2.718185
1645180857200.804,17730768611,893.043308,393.483657,2.654907,0.457756,0.340995,2.588974,0.472498,0.314811,2.72084
1645180857211.23,17730779714,894.929037,394.505364,2.658051,0.459572,0.341093,2.585175,0.472646,0.316416,2.730927
1645180857223.283,17730790817,900.063286,393.612671,2.654633,0.464671,0.340762,2.584412,0.472895,0.315259,2.724854
1645180857234.018,17730801920,901.72225,399.081016,2.665543,0.467034,0.348288,2.590988,0.47226,0.316847,2.740097
1645180857244.9329,17730813023,896.584768,399.533057,2.663834,0.464729,0.348384,2.586746,0.469213,0.317504,2.740921
1645180857256.279,17730824127,892.773657,400.239748,2.662376,0.461185,0.350666,2.583267,0.468787,0.3164,2.741486
1645180857267.272,17730835231,888.68474,397.171283,2.655159,0.458118,0.348298,2.575104,0.467596,0.313654,2.735214
1645180857278.31,17730846334,886.7068,400.234258,2.662575,0.458353,0.351927,2.584595,0.4653,0.31513,2.740555
1645180857289.529,17730857437,885.562735,398.948532,2.662674,0.457086,0.350047,2.583618,0.465375,0.314867,2.74173
1645180857300.612,17730868540,888.320589,400.477105,2.663017,0.460607,0.351461,2.587631,0.464727,0.316001,2.738403
1645180857311.044,17730879643,888.7817,397.793788,2.662544,0.460249,0.347503,2.582962,0.465566,0.315487,2.742126
1645180857322.725,17730890746,890.834026,397.435606,2.664696,0.461385,0.345079,2.58136,0.466567,0.317314,2.748032
1645180857333.749,17730901849,887.318716,397.682869,2.67218,0.455958,0.342601,2.591141,0.468332,0.320204,2.75322
1645180857344.402,17730912954,888.191357,395.362294,2.680885,0.456299,0.340703,2.60318,0.4689,0.318235,2.758591
1645180857356.23,17730924057,887.785807,398.664737,2.685936,0.455065,0.345106,2.611755,0.469712,0.319335,2.760117
1645180857367.1938,17730935160,888.493938,395.315284,2.681664,0.455404,0.344502,2.60556,0.470111,0.314356,2.757767
1645180857377.738,17730946263,890.068417,398.164469,2.67897,0.457158,0.347613,2.59906,0.469996,0.315994,2.758881
1645180857389.771,17730957366,890.926266,395.293361,2.678307,0.459645,0.344164,2.590515,0.468403,0.314658,2.766098
1645180857399.978,17730968469,888.367939,395.559382,2.684837,0.457569,0.34273,2.586777,0.467815,0.316536,2.782898
1645180857411.012,17730979572,888.874168,393.49063,2.682297,0.456793,0.340667,2.58754,0.469117,0.315151,2.777054
1645180857422.932,17730990675,888.012142,396.104103,2.688919,0.455458,0.341293,2.601425,0.469555,0.318881,2.776413
1645180857433.772,17731001780,888.508387,395.423323,2.676537,0.456872,0.33925,2.598495,0.468658,0.319789,2.754578
1645180857444.767,17731012883,887.269535,395.783955,2.682671,0.455859,0.343928,2.605759,0.46838,0.315711,2.759583
1645180857456.134,17731023986,889.583645,397.114491,2.681519,0.456658,0.346271,2.602066,0.469992,0.315586,2.760971
1645180857467.355,17731035089,890.608234,401.677912,2.689156,0.458028,0.350837,2.60524,0.469689,0.318626,2.773071
1645180857477.625,17731046192,890.037489,405.57813,2.681557,0.45727,0.352336,2.595428,0.469853,0.323628,2.767685
1645180857489.441,17731057295,889.233484,404.929698,2.667938,0.457482,0.355062,2.585175,0.468803,0.319821,2.750702
1645180857500.3818,17731068398,890.303307,402.180755,2.664894,0.4597,0.352967,2.577255,0.467699,0.317335,2.752533
1645180857511.026,17731079501,892.649689,398.065656,2.669838,0.461107,0.350947,2.586853,0.468737,0.312495,2.752823
1645180857523.0688,17731090606,919.065428,399.74615,2.683517,0.477402,0.347735,2.590012,0.479958,0.318509,2.777023
1645180857533.7168,17731101709,954.457769,397.526532,2.681427,0.495665,0.344917,2.595306,0.498562,0.317628,2.767548
1645180857649.8389,17731112812,996.922245,395.6168,2.669853,0.515587,0.344506,2.584686,0.522874,0.314855,2.75502
1645180857650.833,17731123915,1000.534286,392.630464,2.660431,0.517645,0.344375,2.587463,0.524578,0.310009,2.733398
1645180857651.8308,17731135018,997.537193,390.808976,2.651611,0.516679,0.341017,2.570724,0.522422,0.310331,2.732498
1645180857652.828,17731146121,999.101887,388.890088,2.654793,0.517908,0.339027,2.571732,0.522824,0.309123,2.737854
1645180857653.827,17731157224,999.411335,389.199239,2.655899,0.517748,0.338709,2.567917,0.523305,0.309956,2.743881
1645180857653.827,17731168327,998.266697,394.541305,2.658829,0.516548,0.344325,2.576294,0.523313,0.313243,2.741364
1645180857654.825,17731179432,1001.415825,394.860935,2.652405,0.518387,0.342608,2.569412,0.524755,0.315493,2.735397
1645180857655.828,17731190535,1002.423248,390.683216,2.652336,0.518567,0.336953,2.571579,0.525624,0.314185,2.733093
1645180857656.83,17731201638,1003.922882,387.1979,2.654022,0.518377,0.334379,2.572189,0.527376,0.310951,2.735855
1645180857657.866,17731212741,1003.612518,388.699454,2.65313,0.517418,0.334851,2.572342,0.528012,0.312982,2.733917
1645180857658.8262,17731223844,1003.758316,391.387564,2.653389,0.516805,0.337907,2.570419,0.528777,0.314405,2.736359
1645180857666.7249,17731234947,1006.481953,391.320688,2.656853,0.516402,0.340663,2.577682,0.532017,0.311538,2.736023
1645180857677.52,17731246050,1008.745422,395.731026,2.657471,0.518046,0.343828,2.579773,0.532731,0.315724,2.735168
1645180857689.221,17731257153,1009.777794,398.441613,2.659019,0.521027,0.347037,2.580063,0.530825,0.317032,2.737976
1645180857700.147,17731268258,1012.600822,400.038707,2.64682,0.523599,0.347557,2.564636,0.531193,0.319174,2.729004
1645180857710.692,17731279361,1009.015903,397.249907,2.645012,0.520829,0.343936,2.559891,0.530229,0.318147,2.730133
1645180857722.724,17731290464,986.391792,473.827064,2.52372,0.526969,0.438096,2.560974,0.500523,0.351615,2.486465
1645180857732.882,17731301567,962.84337,518.586928,2.467506,0.525592,0.488162,2.555054,0.47737,0.376149,2.379959
1645180857742.368,17731312670,885.814276,690.984195,2.173813,0.538092,0.68326,2.60936,0.384631,0.468381,1.738266
1645180857753.74,17731323773,,,,,,,,,
1645180857765.064,17731334876,,,,,,,,,
1645180857775.1008,17731345980,,,,,,,,,
1645180857787.4192,17731357084,,,,,,,,,
1645180857798.545,17731368187,,,,,,,,,
1645180857809.14,17731379290,,,,,,,,,
1645180857822.182,17731390393,,,,,,,0.490224,0.481025,2.009476
1645180857833.525,17731401496,1058.700886,474.941468,2.422859,0.573183,0.360115,2.509933,0.529631,0.431454,2.335785
1645180857844.1318,17731412599,1056.40028,471.597558,2.471672,0.560489,0.367734,2.498886,0.539928,0.418262,2.444458
1645180857855.752,17731423702,1062.681198,426.528257,2.583588,0.552681,0.347263,2.532791,0.554279,0.363618,2.634384
1645180857866.876,17731434806,1063.523254,389.891303,2.63047,0.548107,0.33666,2.54892,0.55973,0.313159,2.712021
1645180857877.794,17731445910,1062.30732,371.677601,2.656754,0.548092,0.33395,2.55957,0.558478,0.285512,2.753937
1645180857888.834,17731457013,1060.81152,381.831551,2.651619,0.548783,0.339627,2.556702,0.556229,0.296759,2.746536
1645180857899.789,17731468116,1055.91013,394.667602,2.651176,0.545902,0.342343,2.560028,0.554004,0.315436,2.742325
1645180857910.788,17731479219,1059.164715,397.587633,2.655525,0.548591,0.347404,2.566467,0.554705,0.315242,2.744583
1645180857922.808,17731490322,1062.209244,397.504699,2.661636,0.549839,0.347082,2.571289,0.556629,0.315426,2.751984
1645180857932.783,17731501425,1063.675003,395.465845,2.661804,0.547994,0.34781,2.579117,0.56,0.3113,2.744492
1645180857943.86,17731512528,1064.359875,396.039391,2.655701,0.547672,0.34541,2.577011,0.561036,0.314655,2.73439
1645180857955.668,17731523632,1063.876762,392.828268,2.650047,0.546692,0.347198,2.568146,0.561513,0.307516,2.731949
1645180857966.612,17731534736,1065.816936,390.83063,2.648941,0.550842,0.345032,2.559219,0.559384,0.306352,2.738663
1645180857977.278,17731545839,1059.441032,390.417731,2.654869,0.549087,0.342842,2.555954,0.554497,0.307854,2.753784
1645180857988.996,17731556942,1058.340454,394.805968,2.657097,0.54773,0.342815,2.556931,0.554708,0.315195,2.757263
1645180858000.021,17731568045,1057.962742,392.359346,2.654816,0.547109,0.343165,2.55751,0.554936,0.310768,2.752121
1645180858010.565,17731579148,1057.323532,393.825835,2.659767,0.544447,0.344177,2.565659,0.556932,0.312199,2.753876
1645180858022.37,17731590251,1055.997677,387.119776,2.66449,0.545722,0.338978,2.57312,0.554275,0.306221,2.755859
1645180858033.398,17731601354,1055.011539,391.963398,2.674011,0.545736,0.340941,2.586105,0.553235,0.312331,2.761917
1645180858044.026,17731612458,1053.690262,390.91714,2.670921,0.54608,0.341209,2.577545,0.551514,0.31032,2.764297
1645180858055.709,17731623562,1054.179554,397.687769,2.679108,0.544951,0.350917,2.588028,0.553153,0.311896,2.770187
1645180858066.5742,17731634665,1055.669975,396.458173,2.677078,0.545642,0.346556,2.579849,0.554014,0.314208,2.774307
1645180858077.279,17731645768,1060.763397,398.885447,2.689636,0.548545,0.349727,2.589767,0.556416,0.315082,2.789505
1645180858089.286,17731656871,1061.484146,394.758242,2.688255,0.548509,0.3418,2.578949,0.557204,0.31613,2.797562
1645180858099.901,17731667974,1062.587986,394.606984,2.697388,0.547212,0.342517,2.593491,0.559651,0.315161,2.801285
1645180858110.473,17731679077,1060.784626,391.983515,2.695663,0.545905,0.338886,2.595322,0.559079,0.314419,2.796005
1645180858122.298,17731690181,1061.216755,394.722337,2.690567,0.547553,0.342349,2.591904,0.557882,0.315521,2.78923
1645180858133.3262,17731701284,1076.99501,395.791107,2.685219,0.556881,0.341818,2.583633,0.564989,0.317834,2.786804
1645180858143.846,17731712388,1109.647694,400.107908,2.687698,0.572282,0.347402,2.590469,0.583601,0.319445,2.784927
1645180858155.771,17731723491,1126.478519,403.299129,2.709419,0.581778,0.350047,2.617752,0.591637,0.322118,2.801086
1645180858166.398,17731734594,1129.284611,400.258255,2.717751,0.583347,0.3479,2.63353,0.592992,0.319197,2.801971
1645180858177.122,17731745697,1127.817192,395.126992,2.713737,0.58216,0.344898,2.626663,0.59265,0.313647,2.800812
1645180858189.158,17731756800,1130.893707,387.39261,2.693802,0.583329,0.338235,2.605377,0.594685,0.307419,2.782227
1645180858199.965,17731767903,1132.279186,387.803167,2.684814,0.58397,0.338528,2.591141,0.595488,0.30781,2.778488
1645180858210.532,17731779007,1131.250134,383.539063,2.676254,0.583762,0.334075,2.584488,0.594623,0.305157,2.768021
1645180858222.261,17731790110,1131.435928,387.083137,2.675903,0.583656,0.337304,2.584702,0.594923,0.307834,2.767105
1645180858233.29,17731801214,1129.81739,389.940745,2.673615,0.585435,0.337887,2.576996,0.591458,0.312014,2.770233
1645180858243.777,17731812317,1126.998997,390.406984,2.666847,0.585244,0.336634,2.568771,0.588713,0.314044,2.764923
1645180858255.446,17731823420,1125.589371,388.675386,2.668945,0.585685,0.337518,2.575928,0.586804,0.310275,2.761963
1645180858266.612,17731834523,1125.044804,387.712473,2.661888,0.583204,0.338218,2.582367,0.588718,0.307969,2.741409
1645180858277.6438,17731845626,1128.957081,389.735198,2.660095,0.585119,0.341756,2.583954,0.590878,0.307803,2.736237
1645180858288.871,17731856729,1126.785507,391.32303,2.651672,0.582228,0.339876,2.571823,0.591507,0.312329,2.731522
1645180858299.87,17731867833,1128.730488,392.230994,2.647163,0.582135,0.33912,2.558624,0.593626,0.314598,2.735703
1645180858310.069,17731878936,1130.348053,391.359293,2.640442,0.583506,0.339012,2.545959,0.59394,0.313253,2.734924
1645180858322.198,17731890040,1134.929295,388.366878,2.632675,0.586404,0.335767,2.532852,0.595814,0.311511,2.732498
1645180858333.182,17731901143,1137.718735,383.55065,2.630333,0.58702,0.333172,2.53273,0.598103,0.306079,2.727936
1645180858343.3462,17731912246,1135.262547,384.844816,2.623199,0.584027,0.334515,2.531479,0.598538,0.306893,2.71492
1645180858355.446,17731923349,1133.498383,385.574234,2.617691,0.582307,0.336623,2.527161,0.59842,0.306,2.708221
1645180858366.43,17731934452,1132.614098,388.671327,2.605171,0.584213,0.339424,2.513351,0.595593,0.308361,2.696991
1645180858376.969,17731945555,1130.781212,392.945802,2.595261,0.58291,0.339543,2.503479,0.594987,0.315367,2.687042
1645180858388.7031,17731956659,1132.933731,396.639186,2.59137,0.583894,0.34306,2.509369,0.596246,0.318006,2.67337
1645180858399.729,17731967762,1127.369499,398.520058,2.589333,0.579777,0.347508,2.508423,0.594566,0.316692,2.670242
1645180858410.2222,17731978866,1128.774891,400.043142,2.578766,0.582412,0.347822,2.502365,0.593395,0.318917,2.655167
1645180858422.1,17731989969,1126.483727,401.570749,2.572212,0.582037,0.346454,2.482544,0.591383,0.322831,2.66188
1645180858432.98,17732001072,1126.065331,400.851899,2.569778,0.581714,0.342486,2.481384,0.591271,0.325601,2.658173
1645180858444.05,17732012175,1125.756111,398.761564,2.565193,0.578871,0.340988,2.4758,0.593792,0.323614,2.654587
1645180858455.454,17732023278,1124.762936,392.663276,2.554283,0.578711,0.338895,2.475296,0.592917,0.315544,2.63327
1645180858466.741,17732034381,1127.969055,392.030168,2.550835,0.579766,0.340554,2.467499,0.595201,0.31283,2.634171
1645180858476.932,17732045485,1122.029686,392.220998,2.547546,0.577227,0.339192,2.459198,0.591554,0.31451,2.635895
1645180858488.97,17732056588,1103.716736,394.774139,2.551506,0.565886,0.33839,2.460159,0.583819,0.319567,2.642853
1645180858499.784,17732067692,1090.939865,394.183928,2.542992,0.560847,0.3343,2.456161,0.575548,0.322674,2.629822
1645180858510.3071,17732078795,1077.899323,393.832737,2.541046,0.555434,0.331435,2.453125,0.567378,0.324953,2.628967
1645180858521.982,17732089898,1081.439667,392.848241,2.535561,0.555901,0.330999,2.445984,0.570598,0.323748,2.625137
1645180858532.9731,17732101001,1079.385624,392.776805,2.532211,0.553754,0.331875,2.443314,0.570606,0.322753,2.621109
1645180858544.021,17732112104,1080.489063,392.783564,2.5233,0.554712,0.334316,2.444641,0.570797,0.320323,2.601959
1645180858555.214,17732123208,1080.424004,395.203775,2.517151,0.556178,0.336565,2.438385,0.569264,0.322108,2.595917
1645180858566.536,17732134311,1083.176651,393.880838,2.520691,0.556724,0.335397,2.445221,0.571585,0.321072,2.596161
1645180858576.801,17732145414,1086.279373,389.886367,2.52005,0.555746,0.336314,2.442032,0.575795,0.313497,2.598068
1645180858588.5972,17732156518,1086.321487,391.157341,2.526802,0.556203,0.339109,2.447433,0.575382,0.31282,2.606171
1645180858599.641,17732167621,1080.87822,394.001466,2.519096,0.555644,0.342458,2.436142,0.570271,0.314212,2.602051
1645180858610.524,17732178724,1076.78072,396.827066,2.514404,0.556184,0.344463,2.427185,0.565463,0.316915,2.601624
1645180858621.701,17732189827,1076.088524,396.796757,2.510773,0.556374,0.342428,2.424469,0.564552,0.3189,2.597076
1645180858633.084,17732200930,1075.760651,400.399822,2.509506,0.55405,0.347017,2.428726,0.566534,0.320316,2.590286
1645180858643.188,17732212034,1075.063419,403.754157,2.504555,0.552505,0.349762,2.425323,0.567353,0.323162,2.583786
1645180858655.414,17732223137,1073.726807,402.122247,2.498428,0.550937,0.348604,2.424637,0.567528,0.3216,2.57222
1645180858666.018,17732234240,1077.650471,399.987048,2.505661,0.553534,0.347151,2.418808,0.569019,0.319494,2.592514
1645180858676.782,17732245344,1083.177967,401.497936,2.508377,0.556518,0.348352,2.422318,0.571792,0.320811,2.594437
1645180858688.207,17732256447,1085.169697,400.867707,2.507721,0.559054,0.347669,2.418228,0.571331,0.320444,2.597214
1645180858699.2842,17732267550,1084.502621,403.525043,2.504204,0.558781,0.347806,2.420883,0.570909,0.324735,2.587524
1645180858710.021,17732278653,1085.287685,403.583729,2.501991,0.558263,0.348413,2.424332,0.572245,0.324227,2.579651
1645180858721.812,17732289756,1083.290291,403.288186,2.508011,0.556587,0.350798,2.438934,0.57184,0.321349,2.577087
1645180858732.871,17732300860,1082.507057,401.744342,2.513947,0.556718,0.349866,2.447983,0.570894,0.319708,2.57991
1645180858743.303,17732311963,1082.830296,400.200301,2.522354,0.558201,0.34591,2.449036,0.569748,0.32109,2.595673
1645180858755.126,17732323066,1116.954517,403.291798,2.521782,0.577231,0.350013,2.448776,0.586263,0.32214,2.594788
1645180858766.153,17732334170,1155.062656,406.152052,2.516838,0.594583,0.350822,2.44223,0.608607,0.326098,2.591446
1645180858776.722,17732345273,1189.759598,409.824926,2.527596,0.611349,0.355858,2.461975,0.627984,0.327184,2.593216
1645180858788.412,17732356376,1191.214943,413.841337,2.534508,0.61232,0.356597,2.470764,0.628529,0.333139,2.598251
1645180858799.258,17732367479,1184.908161,415.240628,2.538216,0.611656,0.358309,2.475662,0.622623,0.333759,2.600769
1645180858809.4211,17732378582,1192.218933,414.690524,2.531075,0.614116,0.357893,2.464203,0.627779,0.333257,2.597946
1645180858821.746,17732389686,1190.296326,410.720444,2.527802,0.613849,0.35253,2.459641,0.626043,0.332004,2.595963
1645180858832.624,17732400789,1192.157307,408.224487,2.527634,0.613754,0.352248,2.465317,0.628076,0.328126,2.589951
1645180858843.256,17732411892,1191.450291,407.947004,2.526978,0.613759,0.350125,2.455811,0.627335,0.329787,2.598145
1645180858855.2908,17732422996,1193.333473,410.772675,2.528732,0.614091,0.352993,2.451538,0.628965,0.331628,2.605927
1645180858866.057,17732434099,1191.050148,408.278328,2.523628,0.614581,0.349044,2.440704,0.626097,0.33142,2.606552
1645180858876.563,17732445202,1191.57074,406.874782,2.526634,0.616473,0.347371,2.450516,0.624746,0.330754,2.602753
1645180858888.566,17732456305,1191.682549,404.165214,2.52858,0.615576,0.345042,2.45224,0.62576,0.328567,2.604919
1645180858899.284,17732467409,1194.61195,408.313787,2.533432,0.616679,0.34815,2.457397,0.627708,0.332373,2.609467
1645180858909.895,17732478512,1194.213295,409.888601,2.537903,0.614385,0.350187,2.460098,0.629587,0.33296,2.615707
1645180858921.9229,17732489615,1190.60297,409.131306,2.539543,0.613141,0.350215,2.467056,0.62707,0.331671,2.61203
1645180858932.652,17732500718,1188.465614,407.090503,2.541855,0.61135,0.347524,2.46489,0.626635,0.33096,2.61882
1645180858943.1829,17732511822,1190.432224,402.915126,2.542595,0.613514,0.346509,2.466232,0.62652,0.325016,2.618958
1645180858954.977,17732522925,1190.180054,402.442664,2.53965,0.614516,0.346865,2.464081,0.625255,0.323873,2.615219
1645180858965.755,17732534028,1193.175144,402.889591,2.534866,0.617514,0.346251,2.455734,0.625377,0.325232,2.613998
1645180858976.358,17732545131,1191.626987,404.82409,2.541718,0.615318,0.347375,2.462402,0.62596,0.327332,2.621033
1645180858988.469,17732556235,1193.778133,406.553811,2.546875,0.61582,0.348301,2.460678,0.627699,0.329288,2.633072
1645180858999.644,17732567338,1191.546593,406.944859,2.550293,0.614227,0.350065,2.467987,0.626967,0.328177,2.632599
1645180859009.8418,17732578441,1189.96542,401.605815,2.548927,0.615208,0.341871,2.469177,0.624339,0.327472,2.628677
1645180859021.7878,17732589544,1192.583027,398.153114,2.540924,0.615537,0.336428,2.46315,0.626737,0.32716,2.618698
1645180859032.608,17732600648,1190.920887,397.793663,2.548073,0.613809,0.337368,2.472824,0.626734,0.325621,2.623322
1645180859043.112,17732611751,1203.374863,401.80158,2.55159,0.618943,0.342213,2.475723,0.634572,0.327457,2.627457
1645180859054.909,17732622854,1228.867722,401.428986,2.55983,0.634189,0.345426,2.479523,0.645882,0.323622,2.640137
1645180859065.9338,17732633957,1259.629383,404.67875,2.567352,0.649997,0.346359,2.491425,0.662117,0.328106,2.64328
1645180859076.234,17732645061,1287.721539,403.51249,2.573822,0.666441,0.346791,2.501953,0.674936,0.32573,2.645691
1645180859088.409,17732656164,1291.086044,407.119811,2.579376,0.667805,0.349802,2.51123,0.677076,0.328731,2.647522
1645180859099.173,17732667267,1293.017921,410.641927,2.582848,0.667569,0.355051,2.502823,0.679325,0.329352,2.662872
1645180859109.906,17732678370,1293.838005,412.725449,2.583603,0.668743,0.357496,2.500397,0.679005,0.33038,2.666809
1645180859121.917,17732689474,1295.846901,412.701488,2.5783,0.669709,0.359507,2.495911,0.680131,0.328329,2.66069
1645180859132.66,17732700577,1294.253712,409.843004,2.582634,0.670712,0.353391,2.50589,0.677469,0.329681,2.659378
1645180859143.089,17732711680,1296.653366,412.344521,2.587227,0.672306,0.35441,2.511871,0.678374,0.332831,2.662582
1645180859155.118,17732722783,1298.107338,414.405012,2.597435,0.673531,0.354735,2.524658,0.678664,0.33594,2.670212
1645180859165.159,17732733887,1300.23983,413.806075,2.598015,0.672574,0.355181,2.531921,0.681842,0.334496,2.664108
1645180859176.291,17732744990,1301.241417,413.930815,2.600143,0.672948,0.358226,2.533096,0.682512,0.331659,2.667191
1645180859188.137,17732756093,1302.066879,409.022427,2.592194,0.674035,0.354109,2.521881,0.682285,0.327595,2.662506
1645180859199.157,17732767196,1303.299923,408.594918,2.593369,0.675841,0.355895,2.516098,0.681763,0.325096,2.670639
1645180859209.699,17732778300,1304.637909,406.022966,2.592674,0.676031,0.352296,2.514038,0.682967,0.324409,2.67131
1645180859221.23,17732789403,1302.498665,408.31781,2.601784,0.673586,0.352738,2.51828,0.683184,0.327792,2.685287
1645180859232.167,17732800506,1300.138378,409.546262,2.598541,0.672341,0.357365,2.517899,0.68197,0.325213,2.679184
1645180859243.03,17732811609,1299.612865,409.726971,2.604988,0.671808,0.354328,2.525787,0.681955,0.32855,2.684189
1645180859254.7222,17732822713,1298.10648,414.044845,2.608604,0.671732,0.359908,2.537018,0.680463,0.330166,2.680191
1645180859265.702,17732833816,1299.074993,413.100547,2.606606,0.672867,0.355315,2.537018,0.680336,0.333186,2.676193
1645180859275.856,17732844919,1297.173901,414.503986,2.599915,0.669953,0.358275,2.527435,0.68127,0.332565,2.672394
1645180859287.8489,17732856022,1299.545345,411.564285,2.599846,0.67086,0.353906,2.529892,0.682833,0.332034,2.6698
1645180859298.31,17732867126,1301.825981,409.754938,2.600899,0.670786,0.351796,2.529404,0.685282,0.331128,2.672394
1645180859309.318,17732878229,1301.235924,405.023164,2.603317,0.672295,0.348193,2.538391,0.683159,0.326845,2.668243
1645180859321.316,17732889332,1301.454678,401.820534,2.595421,0.671727,0.347619,2.527313,0.683955,0.322082,2.663528
1645180859332.355,17732900436,1299.001007,405.891126,2.601669,0.670943,0.352617,2.530151,0.682183,0.323869,2.673187
1645180859342.436,17732911539,1305.372334,408.035213,2.605064,0.673488,0.354998,2.534271,0.686274,0.32506,2.675858
1645180859354.83,17732922642,1302.962666,413.765001,2.611412,0.673345,0.35881,2.538391,0.683908,0.330798,2.684433
1645180859365.592,17732933745,1305.006123,409.016508,2.613785,0.675336,0.35272,2.537262,0.684045,0.328974,2.690308
1645180859375.761,17732944848,1297.762012,409.210342,2.612801,0.67232,0.35305,2.537704,0.679516,0.328967,2.687897
1645180859387.818,17732955952,1301.097965,406.065863,2.610153,0.673175,0.351597,2.534515,0.682135,0.32518,2.685791
1645180859398.9329,17732967055,1302.577057,407.696021,2.612381,0.674058,0.354355,2.544525,0.682793,0.325138,2.680237
1645180859409.364,17732978158,1301.869812,410.328716,2.624306,0.673772,0.357203,2.552887,0.682343,0.326678,2.695724
1645180859421.209,17732989262,1302.494659,412.606645,2.630074,0.675288,0.358339,2.562775,0.681477,0.329339,2.697372
1645180859432.292,17733000365,1300.048256,414.287156,2.633736,0.671655,0.360331,2.563843,0.682562,0.330148,2.703629
1645180859442.769,17733011468,1307.511005,414.335775,2.630798,0.676489,0.358325,2.565292,0.685502,0.332235,2.696304
1645180859454.516,17733022571,1302.795525,413.28392,2.632362,0.674059,0.354525,2.554337,0.68302,0.334281,2.710388
1645180859465.422,17733033674,1304.926815,414.824367,2.631935,0.676203,0.353517,2.551071,0.683095,0.337857,2.712799
1645180859476.203,17733044778,1303.882313,412.295794,2.637245,0.673794,0.351265,2.550034,0.684417,0.335895,2.724457
1645180859488.234,17733055881,1304.241886,413.879138,2.641968,0.672652,0.354191,2.561584,0.685934,0.335607,2.722351
1645180859498.544,17733066984,1306.690407,410.872543,2.639992,0.675388,0.351302,2.557953,0.685748,0.333486,2.722031
1645180859509.461,17733078088,1340.783272,416.889811,2.641983,0.693748,0.354841,2.561264,0.702902,0.339975,2.722702
1645180859521.273,17733089191,1369.918213,415.494508,2.640587,0.708115,0.35478,2.570953,0.718883,0.33771,2.71022
1645180859532.1218,17733100294,1387.143402,417.694724,2.647331,0.715855,0.356577,2.580292,0.729086,0.339581,2.714371
1645180859542.288,17733111397,1383.532047,414.526266,2.645195,0.714098,0.355872,2.573822,0.727082,0.335005,2.716568
1645180859554.584,17733122500,1382.887001,415.380335,2.644455,0.713759,0.358848,2.575668,0.726748,0.333453,2.713242
1645180859671.46,17733133604,1387.384357,417.771113,2.641624,0.715049,0.362227,2.570648,0.730143,0.334058,2.712601
1645180859672.456,17733144707,1389.178562,419.289386,2.638824,0.717662,0.36163,2.568619,0.729399,0.337186,2.70903
1645180859674.452,17733155810,1391.095905,422.812915,2.642883,0.718397,0.363501,2.573502,0.730662,0.341188,2.712265
1645180859676.4531,17733166914,1389.307308,423.667592,2.640976,0.717178,0.362949,2.574295,0.730017,0.343164,2.707657
1645180859677.4531,17733178017,1388.411865,423.534358,2.646713,0.716235,0.36139,2.581665,0.730028,0.3445,2.711761
1645180859677.4531,17733189120,1383.853111,419.968235,2.643059,0.716928,0.356642,2.57074,0.724586,0.343305,2.715378
1645180859680.461,17733200223,1384.407635,418.813527,2.647537,0.717943,0.355697,2.578644,0.724148,0.342325,2.716431
1645180859682.448,17733211326,1391.646595,419.78969,2.648514,0.721103,0.35632,2.578766,0.728529,0.343329,2.718262
1645180859683.461,17733222430,1392.634792,422.107673,2.654655,0.719182,0.356381,2.581909,0.731479,0.347132,2.727402
1645180859684.449,17733233533,1392.690868,419.686031,2.655418,0.717836,0.354351,2.581757,0.732883,0.345125,2.72908
1645180859685.461,17733244637,1386.754875,418.262208,2.656296,0.715396,0.352318,2.582397,0.72914,0.344786,2.730194
1645180859687.461,17733255740,1383.920631,414.918405,2.650528,0.716067,0.35126,2.577866,0.725517,0.340271,2.72319
1645180859698.7878,17733266843,1382.273941,414.541805,2.650505,0.715373,0.350739,2.576584,0.724496,0.340164,2.724426
1645180859709.202,17733277946,1384.046173,413.179225,2.645966,0.716378,0.348937,2.573624,0.725337,0.339695,2.718307
1645180859721.091,17733289049,1387.976475,411.876869,2.657898,0.716854,0.347861,2.587402,0.728954,0.3386,2.728394
1645180859731.988,17733300152,1392.447224,412.811279,2.668915,0.719727,0.346185,2.601151,0.730739,0.341834,2.736679
1645180859742.754,17733311256,1392.499123,414.071774,2.671951,0.718913,0.348648,2.603394,0.731607,0.341472,2.740509
1645180859754.786,17733322359,1394.09111,417.59761,2.664177,0.720935,0.349795,2.598999,0.731243,0.346201,2.729355
1645180859765.379,17733333463,1388.589764,417.99776,2.660759,0.718718,0.350223,2.589951,0.72773,0.34644,2.731567
1645180859776.118,17733344566,1389.612064,420.271879,2.66993,0.720313,0.3553,2.596436,0.7272,0.345153,2.743423
1645180859787.7458,17733355669,1386.405144,415.835559,2.671196,0.717941,0.355533,2.593353,0.726231,0.337527,2.749039
1645180859798.767,17733366772,1388.22464,415.169942,2.664291,0.717083,0.355238,2.587051,0.728984,0.336712,2.741531
1645180859809.126,17733377875,1388.958492,408.690673,2.662743,0.717561,0.344822,2.595596,0.729271,0.336329,2.729889
1645180859821.185,17733388978,1391.26482,407.743889,2.665535,0.719659,0.343982,2.599686,0.729575,0.335591,2.731384
1645180859832.122,17733400082,1393.299522,407.099283,2.676155,0.721238,0.342685,2.610428,0.730116,0.335814,2.741882
1645180859842.3728,17733411185,1391.265392,407.948613,2.676636,0.720016,0.343818,2.606064,0.729219,0.336096,2.747208
1645180859854.546,17733422289,1393.653374,408.481961,2.680473,0.71973,0.340144,2.608398,0.731992,0.340659,2.752548
1645180859865.3691,17733433392,1411.453228,408.08571,2.681526,0.728547,0.341922,2.611755,0.741717,0.338221,2.751297
1645180859875.8162,17733444495,1446.433411,407.341844,2.685333,0.748249,0.340848,2.616013,0.758452,0.338055,2.754654
1645180859887.858,17733455598,1458.056202,404.961115,2.683624,0.755342,0.338107,2.613678,0.763467,0.336828,2.753571
1645180859898.666,17733466701,1459.065514,403.293926,2.686279,0.756252,0.337031,2.61264,0.763607,0.335125,2.759918
1645180859909.177,17733477804,1448.882675,402.215356,2.688507,0.752859,0.335525,2.614914,0.756394,0.334834,2.7621
1645180859920.852,17733488908,1451.10117,404.258573,2.691681,0.753156,0.340731,2.628159,0.758408,0.333034,2.755203
1645180859931.8792,17733500011,1450.244865,407.201725,2.682747,0.75443,0.340825,2.62468,0.756241,0.337845,2.740814
1645180859941.924,17733511115,1457.541332,409.862012,2.677528,0.757261,0.346735,2.624268,0.761011,0.336368,2.730789
1645180859953.927,17733522218,1457.023258,410.862726,2.674683,0.758479,0.346975,2.614288,0.759254,0.337796,2.735077
1645180859964.924,17733533321,1456.112766,412.944281,2.677383,0.755361,0.350301,2.617691,0.761423,0.337939,2.737076
1645180859975.881,17733544424,1455.013103,414.288318,2.67907,0.755818,0.35063,2.616348,0.759821,0.33985,2.741791
1645180859987.4238,17733555527,1456.941605,417.167741,2.66996,0.756249,0.352399,2.605087,0.761398,0.34288,2.734833
1645180859998.384,17733566630,1457.978668,417.207456,2.664345,0.757814,0.355338,2.597198,0.760914,0.340008,2.731491
1645180860008.508,17733577734,1455.746841,417.814761,2.65667,0.757022,0.354128,2.590881,0.759381,0.34223,2.722458
1645180860021.389,17733588837,1453.925629,417.843336,2.652229,0.754745,0.354112,2.585648,0.759761,0.342293,2.718811
1645180860031.39,17733599941,1415.886497,413.792235,2.649727,0.735663,0.350725,2.588287,0.739219,0.338929,2.711166
1645180860042.393,17733611044,1282.693233,403.876805,2.654694,0.660601,0.348336,2.595322,0.675537,0.324792,2.714066
1645180860052.47,17733622147,1202.28075,404.190856,2.654984,0.61115,0.35117,2.596176,0.641226,0.322481,2.713791
1645180860065.414,17733633250,851.509438,423.761702,2.636314,0.417648,0.3719,2.551605,0.469341,0.33437,2.721024
1645180860075.457,17733644353,539.957743,470.090675,2.630577,0.273097,0.402966,2.535141,0.289359,0.380518,2.726013
1645180860087.384,17733655456,531.517096,471.134734,2.639488,0.271745,0.405793,2.548813,0.281919,0.379432,2.730164
1645180860098.461,17733666560,505.268869,471.631086,2.644775,0.260707,0.407125,2.552536,0.265614,0.378927,2.737015
1645180860108.4858,17733677664,498.113451,460.616058,2.648354,0.262098,0.395655,2.557144,0.25677,0.372038,2.739563
1645180860120.922,17733688767,488.113804,454.729575,2.656586,0.255469,0.388056,2.56543,0.252983,0.369826,2.747742
1645180860131.8318,17733699870,487.336121,450.64981,2.646683,0.254441,0.38027,2.549988,0.2532,0.370813,2.743378
1645180860142.27,17733710973,491.603222,455.031753,2.643379,0.255085,0.385712,2.544098,0.257002,0.372674,2.742661
1645180860153.986,17733722076,490.363169,456.307429,2.635178,0.25406,0.384435,2.530777,0.256735,0.376078,2.739578
1645180860165.113,17733733179,490.906706,461.974221,2.647064,0.255085,0.392719,2.545166,0.256276,0.377238,2.748962
1645180860175.263,17733744282,490.65834,462.372833,2.640671,0.254114,0.392211,2.5401,0.256988,0.37841,2.741241
1645180860187.458,17733755386,493.961334,463.22481,2.637604,0.257077,0.39449,2.53566,0.257466,0.377551,2.739548
1645180860198.648,17733766490,491.830301,461.629754,2.633934,0.255003,0.391961,2.53537,0.25732,0.377422,2.732498
1645180860209.044,17733777593,489.832277,462.201279,2.636276,0.255112,0.39326,2.536316,0.25513,0.377075,2.736237
1645180860220.877,17733788696,489.324045,462.129772,2.639702,0.253204,0.391755,2.539749,0.256509,0.378461,2.739655
1645180860231.6091,17733799799,490.499268,462.030745,2.635971,0.255344,0.392275,2.536331,0.255593,0.377776,2.735611
1645180860242.398,17733810902,491.374855,464.973414,2.634384,0.256299,0.394988,2.531723,0.25555,0.379968,2.737045
1645180860254.4302,17733822005,492.007799,468.165046,2.63768,0.257717,0.398789,2.542725,0.254791,0.381487,2.732635
1645180860265.671,17733833108,488.447428,467.080164,2.633263,0.254236,0.398127,2.538788,0.254564,0.38034,2.727737
1645180860275.658,17733844212,487.70751,470.117176,2.627243,0.254531,0.402441,2.538574,0.253498,0.381088,2.715912
1645180860286.651,17733855316,486.680317,470.57907,2.623543,0.255805,0.403548,2.532104,0.251153,0.380751,2.714981
1645180860298.462,17733866419,493.141794,476.534003,2.630966,0.260524,0.410462,2.531418,0.253166,0.383761,2.730515
1645180860308.882,17733877522,496.627893,470.370555,2.635384,0.262026,0.406916,2.53447,0.255295,0.377035,2.736298
1645180860320.7231,17733888625,494.061155,468.299443,2.634911,0.259061,0.408036,2.53302,0.255586,0.372463,2.736801
1645180860331.813,17733899728,490.44734,461.806583,2.633743,0.255468,0.402724,2.546051,0.255415,0.366954,2.721436
1645180860342.019,17733910831,486.315937,461.003637,2.630424,0.253085,0.400094,2.539261,0.253494,0.368245,2.721588
1645180860354.065,17733921934,488.238974,461.022091,2.632919,0.254009,0.399454,2.533249,0.254573,0.368917,2.73259
1645180860365.449,17733933038,488.971939,466.969711,2.632988,0.255757,0.402716,2.522415,0.253588,0.375566,2.743561
1645180860375.457,17733944142,492.010717,469.594628,2.632782,0.257347,0.405842,2.527374,0.255164,0.376815,2.73819
1645180860387.302,17733955245,489.681244,466.732854,2.629341,0.256697,0.401299,2.529419,0.253388,0.376589,2.729263
1645180860398.438,17733966348,490.626154,463.248128,2.641426,0.256001,0.398362,2.543564,0.255068,0.373718,2.739288
1645180860409.2751,17733977451,489.372282,462.993121,2.647873,0.254379,0.400783,2.547073,0.255384,0.370872,2.748672
1645180860421.3008,17733988554,491.686049,462.238991,2.648956,0.255198,0.398476,2.550797,0.256975,0.371922,2.747116
1645180860431.687,17733999657,490.705833,462.459022,2.645966,0.25551,0.400497,2.550415,0.255642,0.370268,2.741516
1645180860442.3708,17734010760,493.397169,462.601036,2.643433,0.257433,0.397006,2.547501,0.256522,0.373996,2.739365
1645180860454.315,17734021864,493.791962,465.353286,2.646881,0.255972,0.401134,2.555008,0.258395,0.374455,2.738754
1645180860465.07,17734032968,492.081556,466.578412,2.642189,0.254826,0.398236,2.547745,0.257759,0.379394,2.736633
1645180860475.5818,17734044071,494.188471,467.147362,2.6409,0.254213,0.398736,2.546906,0.260567,0.379843,2.734894
1645180860487.623,17734055174,493.741693,463.661134,2.647263,0.254631,0.39416,2.546844,0.259683,0.378609,2.747681
1645180860498.198,17734066277,489.6807,458.980197,2.650795,0.251341,0.387807,2.544647,0.258743,0.37716,2.756943
1645180860509.242,17734077380,488.05644,454.313654,2.648903,0.251697,0.38327,2.540344,0.256696,0.373919,2.757462
1645180860520.239,17734088483,488.306036,453.122896,2.645935,0.251624,0.381418,2.535294,0.257028,0.373787,2.756577
1645180860531.308,17734099586,509.342966,446.903211,2.646103,0.262943,0.378407,2.543732,0.267622,0.366431,2.748474
1645180860542.256,17734110691,543.323307,426.330811,2.640938,0.279386,0.361993,2.535614,0.286576,0.348559,2.746262
1645180860554.238,17734121794,562.755747,415.212321,2.635414,0.29262,0.353846,2.536423,0.293584,0.338175,2.734406
1645180860565.238,17734132897,570.156269,413.571918,2.627754,0.29765,0.350657,2.5345,0.296263,0.338629,2.721008
1645180860575.233,17734144000,571.68849,416.057879,2.627647,0.298587,0.351676,2.538879,0.296922,0.341753,2.716415
1645180860586.8472,17734155103,577.105608,414.210552,2.621048,0.299447,0.348537,2.531464,0.301704,0.341814,2.710632
1645180860598.266,17734166206,577.475939,409.916174,2.618553,0.299974,0.344448,2.523178,0.301564,0.338745,2.713928
1645180860608.5789,17734177309,578.243208,409.229153,2.613441,0.299806,0.345232,2.516785,0.302531,0.336816,2.710098
1645180860620.555,17734188412,575.6563,410.311979,2.613899,0.299604,0.345535,2.51799,0.300038,0.338318,2.709808
1645180860631.318,17734199517,573.594904,408.762324,2.613823,0.297997,0.346199,2.52771,0.299498,0.335071,2.699936
1645180860641.9211,17734210620,573.808136,407.497072,2.612381,0.29946,0.341636,2.526978,0.298257,0.337526,2.697784
1645180860653.702,17734221723,574.549742,408.295405,2.614311,0.299812,0.342384,2.52597,0.298677,0.338109,2.702652
1645180860664.785,17734232826,575.03932,409.142232,2.610062,0.29977,0.344498,2.512329,0.299229,0.337406,2.707794
1645180860674.791,17734243929,572.300692,411.057258,2.612122,0.297986,0.346533,2.511383,0.29816,0.338562,2.71286
1645180860686.714,17734255032,573.025188,411.766666,2.611259,0.298573,0.34827,2.507675,0.298328,0.338008,2.714844
1645180860698.494,17734266135,574.335737,408.488041,2.605415,0.299743,0.34079,2.496765,0.298523,0.340023,2.714066
1645180860708.493,17734277238,574.226789,407.311606,2.610336,0.300418,0.340027,2.505707,0.297735,0.338826,2.714966
1645180860719.4878,17734288343,573.407393,407.145256,2.608368,0.299616,0.33886,2.507919,0.297684,0.339715,2.708817
1645180860730.491,17734299446,578.039474,411.457032,2.620331,0.302066,0.340602,2.526108,0.300059,0.34516,2.714554
1645180860741.822,17734310549,578.097782,412.228543,2.626099,0.301697,0.341653,2.530823,0.300488,0.345394,2.721375
1645180860752.849,17734321652,580.699596,411.075479,2.628502,0.304476,0.341869,2.527603,0.300419,0.343256,2.729401
1645180860764.658,17734332755,576.331301,411.640888,2.627373,0.301342,0.345863,2.524216,0.299003,0.340206,2.73053
1645180860775.08,17734343858,579.994755,410.807884,2.627945,0.303448,0.346283,2.527939,0.300714,0.338397,2.727951
1645180860786.24,17734354961,577.556505,410.700238,2.637901,0.301241,0.344231,2.543686,0.300381,0.340269,2.732117
1645180860798.238,17734366064,573.84141,415.570915,2.643974,0.299241,0.352021,2.547363,0.29851,0.340598,2.740585
1645180860808.288,17734377169,573.046789,415.61805,2.64109,0.297351,0.353975,2.537231,0.299573,0.338722,2.744949
1645180860820.182,17734388272,575.928497,419.216126,2.640381,0.296958,0.359088,2.536804,0.302968,0.339606,2.743958
1645180860831.2449,17734399375,580.449028,411.332381,2.633438,0.300531,0.352134,2.533615,0.304104,0.33342,2.733261
1645180860841.393,17734410478,581.748047,412.351978,2.647125,0.301158,0.352493,2.552765,0.30483,0.334761,2.741486
1645180860853.3262,17734421581,579.395142,410.349262,2.647491,0.302222,0.350344,2.552628,0.301315,0.333571,2.742355
1645180860864.62,17734432684,578.416786,416.972888,2.661446,0.302917,0.359689,2.573105,0.299601,0.335266,2.749786
1645180860875.051,17734443787,602.692566,418.448907,2.662415,0.314146,0.360993,2.567001,0.313659,0.336422,2.757828
1645180860886.677,17734454891,635.084066,415.525138,2.658951,0.331216,0.359141,2.561111,0.33033,0.333401,2.75679
1645180860897.6282,17734465995,662.181244,410.371614,2.654236,0.34545,0.349684,2.556076,0.344323,0.334269,2.752396
1645180860908.5,17734477098,676.497717,409.110153,2.653481,0.351595,0.350779,2.562729,0.35309,0.331072,2.744232
1645180860919.9778,17734488201,675.794878,409.351444,2.658958,0.350259,0.35044,2.570984,0.353694,0.331812,2.746933
1645180860931.345,17734499304,683.735876,405.484343,2.655235,0.353084,0.345746,2.56189,0.35914,0.330062,2.748581
1645180860941.74,17734510407,685.438528,403.590059,2.654343,0.353044,0.340785,2.556595,0.360954,0.331865,2.75209
1645180860952.924,17734521510,688.279924,405.380505,2.645882,0.356188,0.345039,2.552551,0.36077,0.330595,2.739212
1645180860964.567,17734532613,687.72337,406.45718,2.643448,0.35552,0.346787,2.558914,0.360858,0.330642,2.727982
1645180860975.101,17734543717,688.131895,408.33528,2.642883,0.357517,0.350269,2.560806,0.359287,0.33029,2.72496
1645180860986.258,17734554821,688.354769,407.930553,2.650002,0.356712,0.347132,2.569077,0.360324,0.332752,2.730927
1645180860998.017,17734565924,686.126833,412.553,2.65947,0.356339,0.352098,2.571579,0.358376,0.33549,2.74736
1645180861008.249,17734577027,687.20933,411.3415,2.660423,0.355567,0.349854,2.572372,0.360276,0.335715,2.748474
1645180861020.3098,17734588130,683.518581,410.029328,2.661148,0.354641,0.347864,2.570831,0.357358,0.335518,2.751465
1645180861031.416,17734599233,681.437817,405.748165,2.654861,0.351961,0.34473,2.563919,0.35787,0.331517,2.745804
1645180861041.785,17734610336,680.7936,406.215692,2.654243,0.350894,0.344617,2.56752,0.358266,0.332409,2.740967
1645180861053.292,17734621439,682.461147,407.594633,2.657425,0.35067,0.345978,2.572006,0.360227,0.333347,2.742844
1645180861064.507,17734632543,684.824724,411.80039,2.656815,0.352421,0.347022,2.565536,0.360938,0.339312,2.748093
1645180861075.104,17734643647,685.719795,409.810978,2.655807,0.354679,0.34719,2.56572,0.359612,0.335828,2.745895
1645180861087.07,17734654750,683.296738,408.489561,2.651016,0.353489,0.346731,2.558594,0.358279,0.334085,2.743439
1645180861098.0688,17734665853,682.667685,407.828289,2.649635,0.353243,0.348642,2.561203,0.357869,0.331071,2.738068
1645180861108.458,17734676956,653.464251,418.158764,2.644844,0.336392,0.358017,2.552124,0.3443,0.338915,2.737564
1645180861119.4302,17734688059,648.751659,423.650801,2.633301,0.332529,0.36439,2.537781,0.343254,0.341694,2.728821
1645180861131.12,17734699162,581.992779,431.486768,2.638489,0.29756,0.365738,2.535507,0.308683,0.353406,2.74147
1645180861142.166,17734710265,524.905014,426.866877,2.642975,0.268688,0.356016,2.531204,0.278089,0.355428,2.754745
1645180861152.979,17734721369,515.220737,428.471035,2.653603,0.26313,0.360083,2.543167,0.273559,0.354035,2.764038
1645180861164.548,17734732473,514.932146,430.586779,2.65905,0.264019,0.366486,2.551605,0.272368,0.351159,2.766495
1645180861174.525,17734743576,505.668526,435.3212,2.659668,0.259747,0.373281,2.553375,0.266991,0.352254,2.765961
1645180861186.5498,17734754679,508.086519,435.754842,2.663521,0.260852,0.375975,2.557907,0.268405,0.350283,2.769135
1645180861197.706,17734765782,510.582447,434.273207,2.66349,0.261248,0.373509,2.555267,0.270608,0.350279,2.771713
1645180861208.3062,17734776885,511.236734,436.501586,2.671394,0.262787,0.375376,2.567734,0.269751,0.352127,2.775055
1645180861220.354,17734787988,511.980343,435.643494,2.668846,0.266127,0.373365,2.567001,0.267186,0.352707,2.770691
1645180861231.056,17734799091,511.860695,437.101042,2.682953,0.266248,0.372237,2.574432,0.266941,0.356265,2.791473
1645180861241.687,17734810195,512.432442,434.594911,2.678192,0.267043,0.371082,2.566269,0.266741,0.353242,2.790115
1645180861253.689,17734821299,507.799644,440.431058,2.685669,0.262207,0.376686,2.576828,0.266751,0.357366,2.79451
1645180861264.573,17734832402,504.797802,443.99668,2.671776,0.261023,0.384726,2.572464,0.264808,0.355269,2.771088
1645180861274.918,17734843505,503.422995,450.327033,2.673454,0.260508,0.387838,2.569977,0.26389,0.362707,2.776932
1645180861286.54,17734854608,508.1991,449.906641,2.674515,0.264173,0.385734,2.571106,0.265201,0.364111,2.777924
1645180861297.653,17734865711,507.529793,446.63018,2.670662,0.262661,0.378824,2.563721,0.266016,0.365559,2.777603
1645180861308.341,17734876814,508.15115,447.906375,2.67733,0.262231,0.380298,2.573669,0.267093,0.366213,2.780991
1645180861319.586,17734887918,507.539463,447.886902,2.67733,0.261674,0.380929,2.574661,0.267013,0.365549,2.779999
1645180861330.944,17734899021,508.965025,452.914953,2.689796,0.263154,0.385859,2.580399,0.267018,0.368999,2.799194
1645180861341.562,17734910125,508.013163,450.766718,2.691353,0.262372,0.383837,2.580994,0.266808,0.367441,2.801712
1645180861353.607,17734921228,508.198385,449.606127,2.689468,0.261361,0.384439,2.571289,0.268013,0.364905,2.807648
1645180861364.446,17734932331,506.422806,450.263804,2.686386,0.259455,0.38588,2.570358,0.268069,0.364559,2.802414
1645180861375.53,17734943434,510.985336,454.137683,2.688194,0.259959,0.389904,2.573044,0.272318,0.366992,2.803345
1645180861386.333,17734954537,509.677763,455.093569,2.696274,0.259801,0.38751,2.593292,0.271114,0.37098,2.799255
1645180861397.366,17734965640,510.593319,455.203271,2.699867,0.260875,0.385165,2.606934,0.270993,0.373507,2.792801
1645180861408.3818,17734976744,504.7435,452.836776,2.705299,0.259481,0.381769,2.605606,0.266293,0.372959,2.804993
1645180861419.446,17734987847,506.592064,452.64042,2.715652,0.260529,0.381905,2.602997,0.267171,0.372496,2.828308
1645180861430.4458,17734998951,510.017395,447.286981,2.719856,0.260852,0.379959,2.604355,0.270416,0.36552,2.835358
1645180861441.188,17735010054,511.749229,445.68969,2.727264,0.262975,0.380028,2.617844,0.270097,0.362788,2.836685
1645180861453.14,17735021157,506.809845,444.146186,2.717484,0.260872,0.379097,2.612122,0.267055,0.361146,2.822845
1645180861464.171,17735032260,503.748207,444.831777,2.715355,0.262481,0.380295,2.60495,0.262257,0.361091,2.82576
1645180861474.863,17735043363,507.657423,444.21097,2.720169,0.262973,0.377052,2.608536,0.265837,0.3633,2.831802
1645180861486.053,17735054466,508.219671,446.584636,2.726112,0.264388,0.379351,2.614304,0.265008,0.364957,2.837921
1645180861497.59,17735065570,506.593409,449.668622,2.736168,0.263486,0.381604,2.626862,0.264215,0.367844,2.845474
1645180861507.966,17735076673,503.580465,449.645287,2.741455,0.262532,0.382991,2.631332,0.262031,0.366418,2.851578
1645180861520.0042,17735087777,506.885147,447.815394,2.745964,0.262847,0.381073,2.635681,0.265159,0.365286,2.856247
1645180861530.926,17735098880,508.584423,442.673564,2.746307,0.261927,0.37435,2.633118,0.267849,0.363439,2.859497
1645180861541.318,17735109983,507.854319,446.291506,2.745956,0.261632,0.377569,2.627914,0.267383,0.36625,2.863998
1645180861552.771,17735121086,506.273003,449.545294,2.748581,0.261669,0.379834,2.633911,0.265698,0.369408,2.863251
1645180861658.074,17735132189,507.189932,453.106248,2.754906,0.261029,0.382602,2.644287,0.267294,0.372575,2.865524
1645180861659.099,17735143292,510.131092,452.421945,2.756035,0.262203,0.381229,2.647308,0.269183,0.372807,2.864761
1645180861660.086,17735154396,513.213329,449.31677,2.751923,0.26354,0.379944,2.640167,0.271058,0.368918,2.863678
1645180861661.1208,17735165499,537.736216,446.324569,2.751251,0.276154,0.381369,2.643616,0.283988,0.362506,2.858887
1645180861661.1208,17735176603,570.735312,439.058554,2.744041,0.291882,0.374591,2.630661,0.302634,0.357173,2.857422
1645180861662.141,17735187706,587.207022,436.9569,2.744049,0.302503,0.372704,2.633545,0.309171,0.355558,2.854553
1645180861662.141,17735198809,582.046909,437.453073,2.739746,0.300493,0.372156,2.631378,0.305806,0.356932,2.848114
1645180861663.141,17735209912,577.601738,436.369658,2.750763,0.298436,0.374372,2.648224,0.303233,0.352911,2.853302
1645180861663.141,17735221015,581.914616,435.199374,2.751556,0.29999,0.37249,2.643021,0.306171,0.352842,2.860092
1645180861663.644,17735232119,583.596754,431.682587,2.750114,0.300907,0.366597,2.638901,0.307006,0.352874,2.861328
1645180861674.386,17735243222,586.096859,433.471638,2.744728,0.302227,0.364428,2.630585,0.30829,0.358025,2.858871
1645180861686.362,17735254325,582.829943,433.271492,2.743866,0.300252,0.36526,2.635635,0.306863,0.356859,2.852097
1645180861697.543,17735265429,584.122095,436.922175,2.75573,0.302963,0.368874,2.645828,0.305497,0.359329,2.865631
1645180861707.88,17735276532,582.470913,437.036723,2.757332,0.299898,0.370484,2.645309,0.306842,0.357911,2.869354
1645180861719.082,17735287635,583.840199,432.969153,2.759964,0.30092,0.366589,2.645477,0.307246,0.355026,2.874451
1645180861730.792,17735298738,583.818512,432.132286,2.759308,0.300847,0.36473,2.650925,0.307297,0.35549,2.867691
1645180861740.9402,17735309841,582.344742,430.45392,2.761658,0.30178,0.36262,2.658417,0.304829,0.354803,2.864899
1645180861752.126,17735320945,582.445221,433.230346,2.768738,0.300008,0.363188,2.674515,0.306706,0.358863,2.862961
1645180861764.088,17735332048,587.536983,434.533328,2.772179,0.301538,0.369082,2.676147,0.31048,0.355141,2.86821
1645180861774.401,17735343151,587.527399,435.818285,2.772621,0.302216,0.373149,2.675919,0.309792,0.353215,2.869324
1645180861786.217,17735354255,585.654688,435.164845,2.767288,0.302947,0.374854,2.664291,0.30711,0.350421,2.870285
1645180861797.2952,17735365358,579.451418,432.734174,2.752602,0.301047,0.372087,2.644073,0.302548,0.349137,2.86113
1645180861807.911,17735376461,580.661516,433.398879,2.761032,0.300337,0.370461,2.65657,0.304519,0.351871,2.865494
1645180861819.07,17735387564,580.513058,433.049208,2.762581,0.300707,0.369595,2.662491,0.303994,0.352154,2.862671
1645180861830.6528,17735398667,578.802652,428.728759,2.763306,0.299661,0.363283,2.66362,0.303258,0.351265,2.862991
1645180861841.37,17735409771,579.499311,424.237114,2.760666,0.300686,0.358942,2.654663,0.302959,0.34812,2.866669
1645180861852.633,17735420874,576.671076,423.880273,2.762589,0.298844,0.357619,2.6595,0.301855,0.348848,2.865677
1645180861863.988,17735431977,579.944286,426.846045,2.767395,0.300802,0.359575,2.664948,0.303307,0.351836,2.869843
1645180861874.1528,17735443081,577.292204,429.417729,2.769669,0.299332,0.360666,2.670105,0.302014,0.355031,2.869232
1645180861886.076,17735454184,582.371435,432.789016,2.771797,0.301828,0.365237,2.669189,0.304809,0.356078,2.874405
1645180861897.1382,17735465287,578.922672,429.08054,2.770164,0.298771,0.359701,2.668549,0.304274,0.355433,2.87178
1645180861907.767,17735476390,580.969648,428.555918,2.775436,0.301242,0.361043,2.669952,0.303935,0.353216,2.88092
1645180861919.2222,17735487493,580.413837,426.869971,2.770393,0.302692,0.358861,2.661514,0.301906,0.352589,2.879272
1645180861931.0588,17735498597,580.310755,428.632021,2.772163,0.303144,0.362933,2.663406,0.301347,0.351453,2.88092
1645180861941.0168,17735509700,579.591579,425.246572,2.768181,0.301123,0.358688,2.661026,0.302618,0.350056,2.875336
1645180861953.053,17735520803,577.998276,423.02708,2.775742,0.298509,0.355608,2.670609,0.303573,0.349437,2.880875
1645180861963.884,17735531907,577.928753,424.914837,2.783203,0.296003,0.355995,2.673477,0.306006,0.352196,2.892929
1645180861974.477,17735543010,578.349323,429.150724,2.785614,0.297665,0.360096,2.679703,0.304782,0.355155,2.891525
1645180861985.972,17735554113,580.943928,428.125548,2.784248,0.298788,0.360741,2.682068,0.306362,0.352801,2.886429
1645180861997.1,17735565216,584.05303,428.32827,2.786217,0.303413,0.363735,2.691513,0.304976,0.350145,2.88092
1645180862007.863,17735576319,580.441589,426.508462,2.787567,0.298678,0.360771,2.694107,0.305949,0.350076,2.881027
1645180862019.085,17735587423,574.754734,426.796657,2.787247,0.29571,0.360047,2.687424,0.302993,0.351281,2.88707
1645180862030.49,17735598526,575.715036,427.619219,2.786095,0.297102,0.360047,2.685318,0.302601,0.352651,2.886871
1645180862040.865,17735609629,577.701502,427.605003,2.788101,0.299518,0.362038,2.687561,0.302254,0.350637,2.888641
1645180862052.4758,17735620733,580.300541,429.619449,2.78791,0.301425,0.364648,2.689362,0.303055,0.351384,2.886459
1645180862063.606,17735631836,574.709444,428.659147,2.789375,0.296623,0.363268,2.695816,0.302032,0.351164,2.882935
1645180862074.28,17735642939,574.452524,429.978615,2.778687,0.297148,0.363423,2.681076,0.30124,0.353208,2.876297
1645180862085.88,17735654042,572.997065,428.47724,2.775589,0.296312,0.363468,2.683304,0.30056,0.35066,2.867874
1645180862097.13,17735665146,577.43494,432.842088,2.762558,0.297614,0.371567,2.666763,0.303881,0.349836,2.858353
1645180862108.033,17735676249,576.176062,432.089514,2.76622,0.297444,0.373837,2.670212,0.30274,0.346312,2.862228
1645180862119.11,17735687352,583.424234,431.891745,2.765953,0.299467,0.374125,2.665237,0.308267,0.345695,2.866669
1645180862130.381,17735698455,615.449696,426.952296,2.773178,0.316269,0.369798,2.67189,0.324825,0.341789,2.874466
1645180862139.573,17735709559,725.275068,409.675062,2.769417,0.361291,0.358663,2.677322,0.394204,0.324129,2.861511
1645180862152.481,17735720662,812.303123,399.23805,2.763817,0.412458,0.347356,2.677551,0.433691,0.31804,2.850082
1645180862163.718,17735731765,862.728195,388.938099,2.755692,0.440903,0.339384,2.68222,0.457772,0.308846,2.829163
1645180862174.1172,17735742868,873.923006,390.673059,2.743065,0.448114,0.342958,2.6772,0.462222,0.308163,2.808929
1645180862186.0098,17735753972,874.741859,392.379284,2.737129,0.449322,0.344831,2.671249,0.461867,0.309134,2.803009
1645180862196.883,17735765075,880.812321,393.602926,2.731262,0.452821,0.343552,2.666061,0.464691,0.312453,2.796463
1645180862208.611,17735776178,885.315742,392.743134,2.731285,0.456345,0.340932,2.661194,0.465859,0.31364,2.801376
1645180862218.615,17735787281,884.566498,394.986963,2.73465,0.455456,0.34362,2.656525,0.465967,0.314692,2.812775
1645180862230.319,17735798384,884.695559,393.00254,2.726906,0.456446,0.343419,2.641525,0.465112,0.311586,2.812286
1645180862240.802,17735809487,887.86417,395.517057,2.731155,0.458337,0.346259,2.652084,0.466521,0.312936,2.810226
1645180862252.229,17735820590,889.768667,392.159128,2.731094,0.460043,0.340859,2.656998,0.466799,0.31274,2.805191
1645180862263.361,17735831693,889.87896,393.746907,2.733086,0.458318,0.342165,2.660797,0.468639,0.31408,2.805374
1645180862274.253,17735842797,890.810051,391.52087,2.726265,0.457327,0.338491,2.649368,0.4706,0.314044,2.803162
1645180862285.723,17735853900,889.153605,392.098045,2.721275,0.456497,0.339917,2.641556,0.469705,0.31358,2.800995
1645180862296.742,17735865003,894.698067,389.603037,2.729126,0.461083,0.338811,2.650116,0.470894,0.310527,2.808136
1645180862307.7632,17735876106,887.102251,387.876105,2.733208,0.457261,0.336501,2.654846,0.466804,0.309959,2.811569
1645180862319.052,17735887210,888.932905,385.733002,2.735947,0.45775,0.334064,2.655869,0.468221,0.308825,2.816025
1645180862330.273,17735898313,885.564537,384.136516,2.729179,0.456834,0.329216,2.64592,0.465629,0.311011,2.812439
1645180862340.677,17735909416,890.422697,387.894362,2.733063,0.459621,0.33178,2.646835,0.467903,0.314711,2.81929
1645180862352.312,17735920519,891.741657,389.862728,2.73613,0.461277,0.33486,2.649994,0.46762,0.314911,2.822266
1645180862363.393,17735931623,892.314377,390.109885,2.731812,0.460224,0.337214,2.641769,0.46927,0.312969,2.821854
1645180862373.6228,17735942726,890.77589,388.07888,2.732315,0.459261,0.338243,2.645142,0.468631,0.308555,2.819489
1645180862385.696,17735953829,886.954994,390.430373,2.737114,0.455698,0.340186,2.655121,0.468214,0.310531,2.819107
1645180862396.875,17735964932,886.870537,393.733943,2.746277,0.456344,0.345325,2.670502,0.46748,0.310898,2.822052
1645180862407.161,17735976036,888.301105,393.985659,2.752426,0.456826,0.347744,2.672195,0.468488,0.308899,2.832657
1645180862419.1958,17735987139,892.475195,391.709286,2.746262,0.459851,0.34471,2.659042,0.469811,0.308139,2.833481
1645180862430.336,17735998242,892.01045,392.665905,2.753281,0.458903,0.347488,2.665985,0.470275,0.306956,2.840576
1645180862440.663,17736009345,893.562155,392.94017,2.755615,0.459864,0.346591,2.670288,0.47093,0.308309,2.840942
1645180862452.7122,17736020449,892.118654,394.071937,2.760826,0.459616,0.345242,2.674057,0.469674,0.311544,2.847595
1645180862463.457,17736031552,892.285509,396.75765,2.764389,0.459304,0.346754,2.675613,0.47016,0.314509,2.853165
1645180862474.04,17736042655,893.63122,398.091155,2.766998,0.459807,0.348431,2.677155,0.471058,0.315054,2.856842
1645180862485.327,17736053758,892.020435,396.877813,2.77137,0.458015,0.350363,2.682816,0.471173,0.3111,2.859924
1645180862496.872,17736064862,889.363718,393.953758,2.769402,0.455893,0.347098,2.686188,0.470527,0.309492,2.852615
1645180862507.3691,17736075965,890.678444,392.863065,2.773613,0.456845,0.343534,2.685715,0.470945,0.311238,2.861511
1645180862519.3738,17736087068,890.031109,394.257063,2.766243,0.455856,0.344297,2.680786,0.47126,0.312798,2.8517
1645180862530.396,17736098172,892.054596,395.568877,2.767952,0.45758,0.345918,2.681107,0.471644,0.313364,2.854797
1645180862540.626,17736109275,886.436062,395.850939,2.764702,0.454935,0.350293,2.682587,0.468436,0.309459,2.846817
1645180862552.1729,17736120378,912.877178,391.857147,2.767204,0.470801,0.347088,2.680359,0.480113,0.306007,2.85405
1645180862563.6,17736131481,968.761768,391.280633,2.763939,0.501524,0.341848,2.670807,0.507602,0.310287,2.857071
1645180862573.982,17736142584,1023.835602,390.903533,2.757362,0.528933,0.338413,2.674438,0.537562,0.313093,2.840286
1645180862585.1492,17736153688,1039.079361,388.39463,2.754601,0.538257,0.336205,2.684036,0.544117,0.311119,2.825165
1645180862596.7751,17736164791,1030.406971,384.417361,2.755745,0.532883,0.331203,2.691742,0.540458,0.309493,2.819748
1645180862606.9182,17736175893,1040.708656,386.411494,2.753838,0.534474,0.329829,2.687561,0.549598,0.31419,2.820114
1645180862618.744,17736186997,1047.865391,390.77282,2.759377,0.538594,0.332007,2.69133,0.552933,0.319281,2.827423
1645180862630.079,17736198100,1048.444576,394.084579,2.755272,0.540684,0.334169,2.685699,0.551446,0.322639,2.824844
1645180862640.2422,17736209203,1047.052116,393.392569,2.753418,0.539261,0.334194,2.675049,0.551418,0.32146,2.831787
1645180862652.01,17736220306,1044.798603,391.991258,2.752518,0.536679,0.333794,2.674301,0.551652,0.319525,2.830734
1645180862663.3489,17736231409,1043.734932,393.408769,2.756104,0.533924,0.340334,2.682037,0.5533,0.315347,2.83017
1645180862673.502,17736242513,1045.557346,391.948038,2.758202,0.538129,0.343232,2.685959,0.550993,0.310015,2.830444
1645180862685.287,17736253616,1048.077106,393.04955,2.759445,0.540481,0.344495,2.689957,0.551266,0.310587,2.828934
1645180862696.7002,17736264719,1049.421616,390.044743,2.760582,0.540269,0.334599,2.687469,0.552878,0.315476,2.833694
1645180862707.188,17736275823,1048.05748,393.630499,2.75631,0.537824,0.334977,2.682327,0.553902,0.321074,2.830292
1645180862718.334,17736286926,1047.451172,393.589747,2.753464,0.538009,0.333969,2.677277,0.553086,0.322014,2.829651
1645180862729.9958,17736298029,1027.803726,397.579551,2.746658,0.528945,0.34211,2.669754,0.541684,0.320522,2.823563
1645180862740.4128,17736309132,1004.962807,399.984884,2.739143,0.518683,0.343463,2.6577,0.528153,0.323179,2.820587
1645180862752.654,17736320235,987.371006,401.168686,2.732811,0.509716,0.343785,2.64975,0.518796,0.324829,2.815872
1645180862763.491,17736331339,992.211342,398.215896,2.72728,0.513082,0.339871,2.64267,0.520472,0.323822,2.81189
1645180862773.612,17736342442,994.193287,395.053375,2.733803,0.513319,0.33531,2.656158,0.522299,0.323113,2.811447
1645180862785.373,17736353545,997.310543,397.58479,2.74044,0.515584,0.338001,2.657318,0.523281,0.32464,2.823563
1645180862796.5542,17736364649,996.619778,401.501441,2.751221,0.515291,0.340968,2.671204,0.522854,0.328201,2.831238
1645180862806.9949,17736375752,996.691704,406.081885,2.748192,0.514986,0.346559,2.667297,0.523235,0.330244,2.829086
1645180862818.902,17736386855,994.678459,408.113265,2.742561,0.512965,0.347704,2.656998,0.523158,0.332485,2.828125
1645180862829.928,17736397958,992.2752,406.110924,2.734276,0.510544,0.346724,2.644119,0.523076,0.330128,2.824432
1645180862840.413,17736409061,992.115498,405.008376,2.733032,0.509866,0.347635,2.643494,0.523588,0.327379,2.822571
1645180862851.907,17736420165,991.085758,402.081853,2.737732,0.506897,0.3459,2.653503,0.525484,0.324237,2.82196
1645180862863.129,17736431268,992.79213,397.575831,2.730232,0.507661,0.341582,2.643784,0.526498,0.321045,2.816681
1645180862874.1838,17736442372,989.260254,395.903134,2.725143,0.508086,0.342666,2.634308,0.522394,0.317172,2.815979
1645180862885.286,17736453475,992.708702,394.658124,2.719536,0.511569,0.341165,2.632629,0.522503,0.316599,2.806442
1645180862896.6082,17736464578,990.22047,398.017663,2.720451,0.512565,0.344774,2.626663,0.518914,0.318589,2.81424
1645180862907.064,17736475681,932.468662,400.528014,2.732521,0.482801,0.345948,2.636292,0.488521,0.321599,2.828751
1645180862918.118,17736486784,911.342268,405.3895,2.723267,0.470591,0.354233,2.620819,0.478724,0.321416,2.825714
1645180862929.81,17736497887,736.940832,418.600237,2.729973,0.371317,0.363941,2.630859,0.39633,0.333726,2.829086
1645180862940.464,17736508991,592.95742,437.423068,2.729958,0.300455,0.36579,2.622513,0.317209,0.363249,2.837402
1645180862951.578,17736520094,585.646334,438.464963,2.745941,0.297133,0.36691,2.634674,0.312916,0.363865,2.857208
1645180862963.451,17736531197,588.929644,441.239691,2.74691,0.301184,0.369801,2.636765,0.312285,0.365598,2.857056
1645180862974.489,17736542300,572.159328,442.178768,2.736862,0.295858,0.374778,2.620926,0.300141,0.362187,2.852798
1645180862984.914,17736553403,569.23439,438.970363,2.728951,0.295898,0.371403,2.617584,0.297055,0.360215,2.840317
1645180862996.595,17736564506,573.976393,440.108764,2.730614,0.296864,0.375002,2.616165,0.301028,0.358512,2.845062
1645180863007.0952,17736575609,575.170326,438.919169,2.732025,0.29689,0.373645,2.625305,0.302245,0.357887,2.838745
1645180863018.665,17736586712,578.572569,443.031532,2.729988,0.298377,0.378771,2.618896,0.304303,0.359615,2.84108
1645180863029.783,17736597816,575.010195,443.573678,2.725159,0.299092,0.379029,2.613693,0.299877,0.36026,2.836624
1645180863040.483,17736608919,575.162115,447.629428,2.722977,0.298586,0.381542,2.611389,0.300541,0.364507,2.834564
1645180863052.0488,17736620023,573.817892,445.64572,2.717964,0.297259,0.379123,2.608429,0.300468,0.363619,2.827499
1645180863063.215,17736631126,573.86899,447.227955,2.717827,0.296925,0.379485,2.609863,0.300855,0.365895,2.82579
1645180863073.582,17736642229,573.208952,448.006243,2.713364,0.298179,0.37776,2.607361,0.298913,0.368917,2.819366
1645180863085.339,17736653332,575.736465,449.085206,2.711929,0.301185,0.378928,2.61055,0.298541,0.369548,2.813309
1645180863096.3809,17736664435,576.44145,448.218745,2.712914,0.298916,0.379227,2.614044,0.301544,0.367804,2.811783
1645180863107.017,17736675538,576.658859,447.595954,2.715904,0.298862,0.384043,2.617416,0.301825,0.36195,2.814392
1645180863118.693,17736686642,572.453041,448.321992,2.717575,0.295342,0.38532,2.609665,0.300963,0.361884,2.825485
1645180863129.89,17736697745,571.285429,445.614552,2.721001,0.295448,0.378701,2.60791,0.299641,0.36399,2.834091
1645180863140.114,17736708849,573.171101,442.657363,2.721954,0.296301,0.374258,2.607239,0.300752,0.363504,2.83667
1645180863151.842,17736719952,570.871325,440.844816,2.722183,0.296695,0.37347,2.607666,0.297963,0.361271,2.8367
1645180863163.88,17736731055,569.808369,447.549695,2.720703,0.297619,0.383432,2.612198,0.295931,0.362484,2.829208
1645180863173.284,17736742158,566.775255,453.103924,2.717728,0.295515,0.388848,2.610428,0.294876,0.366325,2.825027
1645180863185.102,17736753261,613.441572,449.689525,2.718193,0.317913,0.384986,2.616409,0.321089,0.364496,2.819977
1645180863196.421,17736764364,735.785151,431.801587,2.706505,0.376331,0.370382,2.610077,0.390112,0.349287,2.802933
1645180863206.906,17736775468,1009.866486,419.184422,2.708931,0.50242,0.36154,2.633179,0.549524,0.337101,2.784683
1645180863219.024,17736786571,1190.263882,414.083254,2.715363,0.604352,0.35905,2.662445,0.635506,0.331089,2.76828
1645180863229.728,17736797675,1303.015308,420.731592,2.734352,0.670604,0.360881,2.691818,0.686704,0.340338,2.776886
1645180863240.768,17736808778,1378.196869,414.484406,2.740524,0.71589,0.354984,2.699829,0.719732,0.335824,2.781219
1645180863251.765,17736819881,1387.499371,415.350598,2.740273,0.722053,0.351301,2.698608,0.723258,0.34095,2.781937
1645180863262.858,17736830984,1393.063717,420.141149,2.730881,0.72366,0.350868,2.684235,0.727448,0.349367,2.777527
1645180863273.812,17736842087,1404.916077,426.774502,2.72184,0.728152,0.355584,2.674805,0.735303,0.355707,2.768875
1645180863285.811,17736853190,1402.07468,429.276788,2.720909,0.726918,0.359889,2.674759,0.733576,0.355572,2.767059
1645180863296.804,17736864294,1398.146954,427.976918,2.725174,0.722656,0.361401,2.677155,0.733747,0.351894,2.773193
1645180863306.798,17736875397,1403.002682,421.335036,2.732399,0.72621,0.355379,2.680389,0.735251,0.346846,2.784409
1645180863318.814,17736886500,1404.53516,419.786149,2.727592,0.727907,0.349698,2.670013,0.73515,0.349945,2.785172
1645180863329.834,17736897603,1407.755585,417.490071,2.72538,0.730974,0.34724,2.670349,0.735439,0.348577,2.780411
1645180863339.927,17736908706,1404.245968,421.773684,2.721375,0.727641,0.353138,2.666519,0.735115,0.349818,2.77623
1645180863351.815,17736919809,1400.800896,421.509397,2.73114,0.726541,0.356383,2.681839,0.732627,0.346133,2.780441
1645180863362.5842,17736930912,1396.465759,422.001493,2.731796,0.722872,0.357735,2.684067,0.73178,0.3456,2.779526
1645180863373.22,17736942016,1399.264812,417.871052,2.726791,0.727035,0.352805,2.677856,0.730532,0.343646,2.775726
1645180863385.108,17736953119,1404.522743,414.424217,2.714737,0.729441,0.353158,2.660217,0.733603,0.337549,2.769257
1645180863396.139,17736964223,1411.340218,417.053711,2.715813,0.731975,0.356131,2.65744,0.738171,0.338959,2.774185
1645180863406.843,17736975326,1403.794842,419.551957,2.715446,0.727501,0.358224,2.656128,0.734785,0.341029,2.774765
1645180863418.3508,17736986429,1391.930466,415.30239,2.718628,0.720582,0.354492,2.662216,0.729345,0.337678,2.77504
1645180863429.4282,17736997532,1380.628109,407.858652,2.71302,0.715229,0.345124,2.660019,0.722926,0.33464,2.766022
1645180863439.823,17737008635,1379.679222,402.218717,2.714104,0.713629,0.338221,2.663498,0.723536,0.332143,2.764709
1645180863451.69,17737019738,1379.722881,404.102486,2.714478,0.713462,0.336001,2.654831,0.723749,0.337503,2.774124
1645180863462.848,17737030841,1377.823505,404.48935,2.715607,0.714405,0.338875,2.655319,0.720828,0.335274,2.775894
1645180863472.999,17737041945,1373.794327,406.942624,2.714554,0.713258,0.34138,2.648987,0.717778,0.336858,2.780121
1645180863485.015,17737053049,1374.399548,408.842933,2.713478,0.71407,0.345433,2.656769,0.717597,0.335971,2.770187
1645180863496.126,17737064152,1375.89735,407.807297,2.717384,0.711414,0.342839,2.662445,0.721812,0.33684,2.772324
1645180863506.75,17737075255,1379.184208,407.7389,2.713623,0.711985,0.342077,2.665497,0.724665,0.337488,2.761749
1645180863518.1711,17737086358,1366.088104,408.706659,2.711891,0.703458,0.34069,2.661102,0.719551,0.340488,2.76268
1645180863529.263,17737097461,1285.400562,403.667486,2.706848,0.663053,0.343136,2.656113,0.675906,0.329643,2.757584
1645180863539.4148,17737108564,1156.999741,395.523065,2.714348,0.560656,0.34371,2.652496,0.644552,0.315495,2.776199
1645180863550.554,17737119667,1048.2724,389.602089,2.706604,0.492656,0.349233,2.636856,0.599295,0.300104,2.776352
1645180863562.812,17737130771,640.066795,437.875432,2.702118,0.357139,0.373438,2.608856,0.309598,0.356355,2.79538
1645180863671.0789,17737141875,595.813637,449.491543,2.701378,0.300052,0.384841,2.613434,0.320587,0.364312,2.789322
1645180863672.13,17737152978,586.732635,444.387746,2.706093,0.296901,0.379102,2.613647,0.314279,0.361544,2.798538
1645180863672.13,17737164081,591.639719,441.334552,2.704758,0.302994,0.377956,2.607193,0.313298,0.357602,2.802322
1645180863674.103,17737175184,577.289944,444.772428,2.69043,0.299802,0.380377,2.595703,0.301542,0.36091,2.785156
1645180863675.097,17737186287,578.75802,448.663992,2.686653,0.300824,0.385663,2.594803,0.302049,0.36211,2.778503
1645180863680.1108,17737197390,577.114305,449.294919,2.677284,0.298903,0.384226,2.589355,0.302258,0.364598,2.765213
1645180863685.1,17737208493,573.759241,449.955118,2.665497,0.296032,0.384345,2.574722,0.301634,0.36558,2.756271
1645180863687.1,17737219597,570.606365,448.694158,2.655655,0.294289,0.38288,2.562454,0.300092,0.364944,2.748856
1645180863689.101,17737230700,570.768585,449.872917,2.656487,0.29198,0.385696,2.563202,0.302571,0.364092,2.749771
1645180863690.099,17737241803,569.840813,451.010585,2.652107,0.291429,0.389333,2.558548,0.302155,0.362352,2.745667
1645180863692.098,17737252906,574.498129,452.25724,2.651657,0.294174,0.389999,2.553345,0.304261,0.363763,2.749969
1645180863696.097,17737264009,574.308672,449.974984,2.638481,0.294551,0.384436,2.527206,0.303687,0.365522,2.749756
1645180863706.499,17737275112,574.80423,450.126529,2.629715,0.294938,0.382284,2.51976,0.303816,0.367926,2.73967
1645180863718.583,17737286215,568.952007,447.800821,2.616417,0.290635,0.380193,2.505112,0.302023,0.366141,2.727722
1645180863729.2449,17737297319,569.11314,447.53986,2.618736,0.292082,0.387149,2.521011,0.300744,0.35875,2.716461
1645180863739.829,17737308423,570.547686,444.298249,2.61306,0.293157,0.386399,2.518661,0.301164,0.354098,2.707458
1645180863751.413,17737319526,571.510105,445.328486,2.611946,0.296453,0.386556,2.518204,0.29887,0.355659,2.705688
1645180863763.4448,17737330629,569.84602,446.45142,2.604774,0.295669,0.384771,2.509659,0.297921,0.359314,2.69989
1645180863773.303,17737341732,569.693213,451.834935,2.604012,0.295849,0.389285,2.511765,0.297581,0.363774,2.696259
1645180863784.894,17737352835,570.133953,454.737675,2.608582,0.296499,0.39119,2.518356,0.297391,0.366706,2.698807
1645180863796.8582,17737363938,571.876745,454.337025,2.617065,0.295658,0.387162,2.524384,0.300047,0.370066,2.709747
1645180863806.516,17737375041,566.677837,452.188915,2.6175,0.292405,0.385051,2.52533,0.297884,0.368597,2.709671
1645180863818.1309,17737386144,566.167889,456.222153,2.616653,0.290554,0.391221,2.528931,0.299204,0.369149,2.704376
1645180863829.176,17737397249,562.179193,456.88414,2.612617,0.289001,0.392147,2.523651,0.296602,0.369326,2.701584
1645180863839.853,17737408352,561.836386,456.652361,2.615097,0.290235,0.391465,2.525375,0.295012,0.369622,2.704819
1645180863851.459,17737419455,544.679947,453.235781,2.616699,0.270228,0.387098,2.534973,0.297146,0.368295,2.698425
1645180863862.354,17737430558,514.092836,449.466598,2.613564,0.258565,0.385748,2.526886,0.276948,0.363363,2.700241
1645180863873.3972,17737441661,477.15138,446.624047,2.615356,0.244594,0.385465,2.518478,0.252439,0.358908,2.712234
1645180863885.419,17737452764,480.418911,449.305809,2.610794,0.249368,0.388619,2.498764,0.251069,0.360224,2.722824
1645180863895.869,17737463867,483.195376,459.056854,2.61792,0.248769,0.396535,2.507904,0.254559,0.36856,2.727936
1645180863906.9368,17737474970,479.589472,460.999113,2.616623,0.249285,0.398355,2.508636,0.250287,0.369977,2.724609
1645180863918.061,17737486075,477.852058,462.41852,2.617157,0.248741,0.396349,2.518448,0.249022,0.374349,2.715866
1645180863929.1638,17737497178,474.335375,454.555893,2.612061,0.247737,0.390559,2.513748,0.246362,0.367035,2.710373
1645180863939.6018,17737508281,475.170836,455.543178,2.610626,0.246687,0.389904,2.51265,0.248283,0.369334,2.708603
1645180863951.653,17737519384,477.868452,453.202504,2.615265,0.247391,0.389339,2.514908,0.250389,0.365998,2.715622
1645180863962.464,17737530487,479.479465,452.198535,2.612587,0.249498,0.388524,2.522186,0.24996,0.365141,2.702988
1645180863973.196,17737541590,476.194053,451.606286,2.615952,0.245609,0.388412,2.532623,0.250426,0.364265,2.69928
1645180863985.046,17737552693,472.254853,449.574798,2.618797,0.244118,0.387214,2.536255,0.247815,0.362078,2.70134
1645180863995.839,17737563796,470.42696,448.847115,2.615112,0.241062,0.386534,2.523972,0.248966,0.361544,2.706253
1645180864005.994,17737574901,474.474692,448.615748,2.615623,0.243753,0.385953,2.524139,0.250492,0.36174,2.707108
1645180864018.197,17737586003,507.161636,448.48187,2.610229,0.260273,0.383372,2.515793,0.268021,0.364098,2.704666
1645180864029.1582,17737597106,538.740549,451.436001,2.614708,0.277424,0.382968,2.519409,0.283765,0.369425,2.710007
1645180864039.935,17737608209,581.996756,450.172538,2.611534,0.300155,0.381752,2.514877,0.306092,0.368535,2.708191
1645180864051.228,17737619312,581.802063,446.616447,2.608109,0.300889,0.379525,2.517273,0.305155,0.364836,2.698944
1645180864062.458,17737630415,584.795408,442.95491,2.607201,0.302482,0.375481,2.512726,0.30668,0.362777,2.701675
1645180864072.916,17737641518,591.906195,442.433292,2.606148,0.3054,0.373934,2.511261,0.311169,0.363455,2.701035
1645180864084.9458,17737652622,594.225769,442.645866,2.611618,0.307031,0.371438,2.51413,0.311954,0.366305,2.709106
1645180864095.25,17737663726,593.125792,442.664999,2.613144,0.306608,0.373441,2.525146,0.311231,0.364334,2.701141
1645180864106.242,17737674829,592.292747,441.548109,2.622009,0.30489,0.372997,2.537811,0.312082,0.362917,2.706207
1645180864117.87,17737685932,591.579494,442.86899,2.623131,0.305749,0.376241,2.538223,0.310479,0.361874,2.708038
1645180864129.215,17737697035,592.242279,444.183254,2.633621,0.305609,0.377906,2.549103,0.31131,0.3624,2.71814
1645180864139.59,17737708138,591.394072,442.890501,2.630951,0.30557,0.376416,2.539917,0.310465,0.361735,2.721985
1645180864150.747,17737719241,591.648073,442.681164,2.6278,0.305853,0.376961,2.532852,0.310447,0.360841,2.722748
1645180864162.42,17737730344,593.389606,440.397459,2.622787,0.307871,0.372421,2.518478,0.310243,0.361575,2.727097
1645180864173.33,17737741448,590.768681,439.558321,2.62809,0.306622,0.369982,2.52533,0.308762,0.362616,2.73085
1645180864184.499,17737752552,592.993698,438.930291,2.635086,0.308042,0.368221,2.547989,0.30966,0.36333,2.722183
1645180864195.524,17737763655,593.060074,441.421419,2.642082,0.307371,0.373087,2.55806,0.3104,0.362615,2.726105
1645180864206.271,17737774758,597.284031,442.019838,2.644821,0.309576,0.379802,2.563919,0.312595,0.356898,2.725723
1645180864217.4429,17737785861,595.558004,441.815972,2.644638,0.308398,0.382555,2.559021,0.311975,0.353805,2.730255
1645180864228.96,17737796964,593.614998,440.161228,2.644859,0.308408,0.382348,2.560623,0.309941,0.351254,2.729095
1645180864239.5,17737808067,591.49847,437.824094,2.645546,0.308187,0.376901,2.557724,0.307957,0.352805,2.733368
1645180864251.313,17737819170,591.079102,439.396298,2.648521,0.307888,0.376596,2.559265,0.30782,0.355731,2.737778
1645180864262.444,17737830274,593.982525,440.433043,2.63797,0.311004,0.376098,2.554352,0.307728,0.357957,2.721588
1645180864272.712,17737841378,593.490429,442.948598,2.637962,0.308558,0.378503,2.558182,0.309661,0.359744,2.717743
1645180864284.7468,17737852481,592.474337,443.573856,2.636726,0.307703,0.37864,2.557068,0.309457,0.36065,2.716385
1645180864295.6692,17737863584,590.994387,444.255531,2.641426,0.305429,0.379265,2.565674,0.31019,0.361161,2.717178
1645180864306.1472,17737874687,592.028618,445.420039,2.636963,0.308678,0.378619,2.556992,0.308019,0.363748,2.716934
1645180864317.544,17737885790,594.445152,445.032424,2.636589,0.310384,0.379532,2.552399,0.30883,0.362189,2.720779
1645180864328.7,17737896893,596.392994,443.926281,2.638313,0.312866,0.380207,2.548004,0.308376,0.35967,2.728622
1645180864339.329,17737907996,595.38763,445.127159,2.642441,0.310857,0.380973,2.557953,0.309339,0.360906,2.726929
1645180864351.007,17737919100,596.349277,445.961505,2.646599,0.311778,0.380688,2.557816,0.309419,0.362581,2.735382
1645180864362.288,17737930204,594.855251,452.444154,2.656273,0.311147,0.387165,2.574387,0.308494,0.366909,2.738159
1645180864372.732,17737941306,593.348951,450.746638,2.652992,0.310426,0.384841,2.561707,0.307646,0.366404,2.744278
1645180864383.898,17737952409,618.295012,447.731513,2.652771,0.32443,0.381573,2.563644,0.319627,0.364647,2.741898
1645180864395.449,17737963512,665.728741,441.093081,2.649406,0.345328,0.37408,2.555283,0.34814,0.361075,2.74353
1645180864406.127,17737974615,719.559145,440.910262,2.656021,0.37216,0.374396,2.57399,0.377381,0.360455,2.738052
1645180864417.363,17737985718,729.842949,439.160514,2.656273,0.37749,0.375053,2.577957,0.382763,0.356882,2.734589
1645180864428.772,17737996822,723.210411,436.156636,2.655518,0.375895,0.372944,2.581055,0.377449,0.353984,2.72998
1645180864439.7622,17738007925,726.630363,432.252342,2.658714,0.375491,0.370825,2.583923,0.381416,0.349595,2.733505
1645180864450.988,17738019029,727.472076,434.066784,2.654053,0.376617,0.369939,2.579544,0.381167,0.353506,2.728561
1645180864461.7468,17738030132,730.44734,435.572273,2.659912,0.379738,0.372789,2.586136,0.381145,0.353164,2.733688
1645180864472.536,17738041235,729.338551,434.423947,2.657043,0.377871,0.372298,2.574371,0.381857,0.351742,2.739716
1645180864483.9832,17738052338,730.534716,431.550086,2.666496,0.377076,0.371266,2.583496,0.383898,0.347984,2.749496
1645180864495.234,17738063441,728.086653,434.308094,2.662483,0.375593,0.373393,2.576706,0.382831,0.350454,2.74826
1645180864505.717,17738074544,729.968176,434.432942,2.662674,0.376557,0.373198,2.583008,0.383827,0.350857,2.74234
1645180864517.3062,17738085648,728.56679,435.801548,2.655533,0.376557,0.374603,2.574493,0.382367,0.351733,2.736572
1645180864528.432,17738096751,729.789705,433.204079,2.66243,0.377275,0.36954,2.585434,0.382923,0.352467,2.739426
1645180864539.0698,17738107855,731.727104,432.265091,2.662964,0.380165,0.370292,2.581192,0.38205,0.350149,2.744736
1645180864550.7332,17738118958,734.428196,429.047942,2.660522,0.382437,0.367005,2.581207,0.382592,0.348075,2.739838
1645180864561.844,17738130061,733.266048,428.228581,2.654045,0.380596,0.368815,2.576599,0.383223,0.344899,2.731491
1645180864572.578,17738141164,733.803492,431.725055,2.655029,0.379842,0.373608,2.577011,0.384536,0.345934,2.733047
1645180864583.848,17738152267,730.015354,433.743525,2.662521,0.378169,0.376696,2.581741,0.382263,0.34621,2.743301
1645180864595.671,17738163370,727.080431,432.736015,2.660873,0.375255,0.372421,2.573959,0.38212,0.348806,2.747787
1645180864605.947,17738174474,728.08857,433.063316,2.664673,0.375969,0.369081,2.575623,0.382457,0.352692,2.753723
1645180864617.568,17738185577,732.711296,436.775029,2.666428,0.376195,0.370763,2.575912,0.387046,0.357195,2.756943
1645180864628.771,17738196681,736.553936,434.859735,2.663124,0.378002,0.370901,2.571548,0.389242,0.353866,2.7547
1645180864638.9329,17738207784,778.177042,433.234549,2.662407,0.395956,0.371214,2.573059,0.414645,0.350843,2.751755
1645180864650.847,17738218887,809.370375,430.564481,2.660782,0.414338,0.369884,2.568985,0.428756,0.347724,2.752579
1645180864661.9438,17738229990,836.049557,434.402633,2.663208,0.428828,0.375134,2.57135,0.442057,0.34887,2.755066
1645180864672.148,17738241093,835.703001,436.017072,2.659172,0.430659,0.3769,2.569397,0.439865,0.349795,2.748947
1645180864684.0562,17738252196,832.720156,435.986245,2.654945,0.427885,0.377901,2.569214,0.439532,0.348743,2.740677
1645180864695.178,17738263300,837.771749,435.549009,2.658791,0.431667,0.380955,2.57991,0.441012,0.34496,2.737671
1645180864706.218,17738274403,841.28171,434.63679,2.665588,0.433145,0.377974,2.584595,0.44319,0.346421,2.746582
1645180864717.149,17738285507,843.506813,437.162572,2.670555,0.435553,0.379308,2.583496,0.4431,0.349296,2.757614
1645180864728.421,17738296609,841.419582,442.965639,2.680351,0.435339,0.38271,2.593109,0.44114,0.355566,2.767593
1645180864739.0151,17738307712,842.03373,447.514021,2.677574,0.433895,0.388556,2.592911,0.443224,0.357301,2.762238
1645180864750.324,17738318815,842.636547,444.48207,2.676369,0.43252,0.386129,2.599335,0.445226,0.354675,2.753403
1645180864761.307,17738329918,840.11281,442.78602,2.669678,0.431041,0.381121,2.589249,0.444077,0.356855,2.750107
1645180864772.276,17738341021,844.307499,440.77515,2.675392,0.434018,0.376297,2.589386,0.445469,0.358328,2.761398
1645180864783.938,17738352125,843.781328,437.550151,2.674866,0.435444,0.371866,2.57724,0.443495,0.357384,2.772491
1645180864795.072,17738363228,844.959955,432.498693,2.674004,0.433445,0.363039,2.573944,0.446722,0.357792,2.774063
1645180864805.5989,17738374332,841.545954,434.629369,2.674301,0.433504,0.365205,2.575943,0.443106,0.359177,2.772659
1645180864817.3162,17738385435,838.608999,437.763137,2.673447,0.4321,0.368801,2.587112,0.441451,0.360804,2.759781
1645180864828.3132,17738396538,839.173365,440.070802,2.667267,0.433035,0.374512,2.578735,0.441104,0.35894,2.755798
1645180864838.9312,17738407641,840.598354,436.48147,2.665382,0.432201,0.371942,2.581512,0.443423,0.355527,2.749252
1645180864850.599,17738418744,839.300137,436.939323,2.670639,0.430192,0.372415,2.580063,0.444079,0.355817,2.761215
1645180864861.663,17738429848,839.472342,433.815908,2.673462,0.431512,0.370495,2.584976,0.442938,0.352532,2.761948
1645180864872.229,17738440951,838.095074,438.630027,2.668159,0.429822,0.373337,2.578522,0.443194,0.357713,2.757797
1645180864883.99,17738452054,838.55032,437.908691,2.653046,0.430805,0.371371,2.565643,0.442685,0.358477,2.740448
1645180864895.0752,17738463158,839.313812,439.090061,2.647408,0.430943,0.369631,2.559708,0.443342,0.362186,2.735107
1645180864905.438,17738474261,839.266205,437.111074,2.64666,0.431438,0.36986,2.560852,0.442797,0.358659,2.732468
1645180864917.287,17738485364,840.820284,435.011458,2.666824,0.43148,0.368849,2.583923,0.444375,0.35617,2.749725
1645180864928.435,17738496467,838.510637,435.070521,2.671455,0.429323,0.373424,2.597336,0.444126,0.351694,2.745575
1645180864938.603,17738507570,839.047508,435.079086,2.675789,0.430754,0.373076,2.600067,0.443254,0.352055,2.751511
1645180864950.635,17738518673,839.721079,438.040316,2.663643,0.430527,0.373863,2.583694,0.444182,0.356204,2.743591
1645180864961.618,17738529777,841.06636,440.354526,2.667061,0.431118,0.374838,2.579453,0.444993,0.359086,2.754669
1645180864971.927,17738540880,839.83881,437.327832,2.664764,0.430745,0.371637,2.578995,0.444087,0.357243,2.750534
1645180864983.881,17738551984,841.407309,438.597518,2.66301,0.432094,0.372518,2.56897,0.444372,0.358478,2.75705
1645180864994.977,17738563087,841.124754,436.794627,2.656288,0.433836,0.370604,2.558914,0.442335,0.357387,2.753662
1645180865006.019,17738574190,837.522011,439.275098,2.654053,0.42901,0.373966,2.555496,0.443409,0.358159,2.752609
1645180865017.171,17738585293,810.205393,442.184883,2.657822,0.412849,0.382374,2.570465,0.431115,0.354601,2.745178
1645180865028.3052,17738596396,786.422539,446.106166,2.664551,0.39722,0.383982,2.579132,0.42197,0.359528,2.749969
1645180865039.231,17738607499,764.639854,447.913224,2.663521,0.389723,0.383019,2.577087,0.406777,0.363504,2.749954
1645180865050.454,17738618603,770.072994,444.143021,2.659859,0.392512,0.374484,2.570786,0.409647,0.365754,2.748932
1645180865061.6929,17738629706,768.641968,444.479048,2.65786,0.393634,0.3757,2.570328,0.407034,0.365098,2.745392
1645180865072.191,17738640810,764.468908,443.964297,2.651863,0.391594,0.375607,2.566757,0.404728,0.364334,2.736969
1645180865083.708,17738651912,761.479311,448.638672,2.651733,0.390882,0.379341,2.568176,0.402325,0.36839,2.735291
1645180865095.757,17738663015,762.152767,447.299373,2.647621,0.390218,0.377047,2.559021,0.403691,0.368452,2.736221
1645180865105.227,17738674118,759.748363,448.932248,2.64341,0.389616,0.379034,2.555557,0.401789,0.369187,2.731262
1645180865117.1218,17738685221,771.447401,442.628825,2.64106,0.395854,0.377015,2.554596,0.407737,0.3607,2.727524
1645180865128.253,17738696325,826.863499,432.149935,2.62735,0.423905,0.366711,2.541977,0.437411,0.353539,2.712723
1645180865138.745,17738707428,899.425507,425.787431,2.625114,0.456856,0.363987,2.538345,0.480045,0.345658,2.711884
1645180865150.6602,17738718531,935.061092,423.57443,2.61882,0.478871,0.359306,2.531845,0.495151,0.346651,2.705795
1645180865161.694,17738729635,930.125742,425.320226,2.61924,0.476736,0.362433,2.53833,0.492145,0.346434,2.70015
1645180865171.922,17738740738,928.888178,423.073483,2.626656,0.476563,0.358833,2.549438,0.491029,0.34629,2.703873
1645180865183.703,17738751841,929.162035,424.02091,2.631493,0.475432,0.357897,2.551498,0.492445,0.348804,2.711487
1645180865194.9312,17738762944,928.414478,425.988758,2.639366,0.476432,0.359367,2.55603,0.490667,0.350614,2.722702
1645180865205.376,17738774047,928.867807,426.012969,2.634789,0.477108,0.359301,2.551285,0.490462,0.35072,2.718292
1645180865217.436,17738785151,931.838894,425.342149,2.630608,0.480297,0.361223,2.554794,0.490369,0.34768,2.706421
1645180865228.202,17738796254,933.854284,428.844202,2.627945,0.482389,0.362976,2.553909,0.490376,0.351765,2.701981
1645180865238.632,17738807357,934.806147,432.5216,2.627373,0.480961,0.368241,2.555588,0.492795,0.352628,2.699158
1645180865250.4749,17738818461,932.345266,431.128925,2.627792,0.479823,0.365755,2.553635,0.49137,0.352793,2.70195
1645180865261.634,17738829564,930.388641,427.131289,2.630547,0.477791,0.365473,2.560333,0.491364,0.346413,2.70076
1645180865271.986,17738840667,928.483601,424.254066,2.629829,0.478019,0.360022,2.557816,0.489151,0.347068,2.701843
1645180865284.023,17738851770,929.99917,425.435293,2.635414,0.476488,0.36033,2.558136,0.492262,0.348729,2.712692
1645180865294.77,17738862873,933.150558,427.703851,2.629929,0.476337,0.362902,2.5504,0.495695,0.349938,2.709457
1645180865305.321,17738873976,933.862667,427.94863,2.630325,0.478547,0.365533,2.547836,0.494227,0.347715,2.712814
1645180865317.539,17738885080,934.5401,430.730617,2.629051,0.47823,0.371372,2.554916,0.495249,0.346512,2.703186
1645180865328.542,17738896183,932.603931,431.985086,2.636436,0.477845,0.368544,2.563263,0.493617,0.351431,2.70961
1645180865338.608,17738907287,931.408968,434.045863,2.640373,0.476662,0.370913,2.565155,0.493556,0.352497,2.715591
1645180865350.272,17738918390,930.178127,428.819203,2.633041,0.476717,0.363516,2.556076,0.492219,0.351183,2.710007
1645180865361.383,17738929493,929.083672,429.447877,2.627472,0.475204,0.366708,2.538574,0.492591,0.349039,2.71637
1645180865372.183,17738940596,931.6014,431.186664,2.620453,0.475964,0.363786,2.531052,0.494454,0.354858,2.709854
1645180865384.227,17738951699,933.842669,431.555307,2.623917,0.476633,0.362454,2.529205,0.49612,0.356805,2.718628
1645180865394.761,17738962802,937.605944,450.958157,2.612755,0.479756,0.378889,2.531052,0.496917,0.372708,2.694458
1645180865404.806,17738973906,940.148506,448.104751,2.625206,0.477143,0.376181,2.551575,0.502179,0.37066,2.698837
1645180865415.145,17738985009,957.112656,485.37789,2.600151,0.486467,0.417105,2.545197,0.510525,0.391859,2.655106
1645180865426.456,17738996113,,,,,,,,,
1645180865436.677,17739007215,,,,,,,,,
1645180865448.436,17739018318,,,,,,,,,
1645180865460.0562,17739029421,,,,,,,,,
1645180865470.034,17739040525,,,,,,,,,
1645180865481.6848,17739051628,,,,,,,,,
1645180865493.0662,17739062731,,,,,,,,,
1645180865503.591,17739073834,,,,,,,,,
1645180865515.724,17739084938,,,,,,,,,
1645180865527.812,17739096041,1191.230793,516.321087,2.087151,0.6178,0.439764,1.976883,0.623066,0.420771,2.197418
1645180865537.967,17739107144,1143.322964,509.297937,2.202713,0.6178,0.439764,1.976883,0.573162,0.409066,2.428543
1645180865550.058,17739118247,1078.419285,457.109982,2.417755,0.562876,0.384742,2.300674,0.560478,0.377108,2.534836
1645180865561.158,17739129350,1032.507992,400.009131,2.620857,0.529262,0.325375,2.577927,0.546267,0.341307,2.663788
1645180865571.902,17739140453,1035.624161,396.17089,2.624878,0.531456,0.33796,2.553284,0.547319,0.322325,2.696472
1645180865688.5122,17739151557,1035.520935,406.954229,2.61834,0.532825,0.343956,2.54657,0.545843,0.334301,2.690109
1645180865688.5122,17739162660,1033.531036,424.256444,2.603195,0.533162,0.364706,2.522705,0.543433,0.342388,2.683685
1645180865689.492,17739173764,1029.314461,426.617038,2.602577,0.530003,0.366983,2.527679,0.5422,0.344046,2.677475
1645180865689.492,17739184867,1030.844707,423.483288,2.602837,0.529575,0.363599,2.529358,0.544222,0.342206,2.676315
1645180865690.5378,17739195970,1033.548889,416.015893,2.602699,0.530592,0.354935,2.526276,0.546021,0.338425,2.679123
1645180865690.5378,17739207073,1035.411644,419.108552,2.597702,0.531214,0.355029,2.524841,0.54734,0.343486,2.670563
1645180865692.492,17739218176,1032.090111,417.641795,2.598061,0.529823,0.353996,2.52951,0.545271,0.342074,2.666611
1645180865694.494,17739229279,1033.138046,421.279281,2.602913,0.530493,0.357262,2.53244,0.545693,0.344871,2.673386
1645180865696.493,17739240383,1035.517273,420.723599,2.603607,0.5316,0.356298,2.530029,0.547064,0.344908,2.677185
1645180865697.499,17739251486,1038.127728,423.391932,2.60006,0.532365,0.359792,2.52298,0.549018,0.345861,2.677139
1645180865701.508,17739262590,1038.670406,424.330008,2.594803,0.533275,0.361164,2.512863,0.548674,0.346053,2.676743
1645180865704.936,17739273693,1037.628021,422.031856,2.592201,0.533144,0.362244,2.516357,0.547719,0.341142,2.668045
1645180865716.67,17739284796,1039.390984,419.824988,2.591896,0.535181,0.362086,2.518524,0.547518,0.337622,2.665268
1645180865727.793,17739295899,1036.187553,418.886715,2.588646,0.533352,0.361624,2.519852,0.54601,0.33652,2.65744
1645180865738.8352,17739307002,1033.894043,425.260788,2.58773,0.53252,0.365388,2.509384,0.544453,0.34338,2.666077
1645180865751.075,17739318105,1033.825779,426.656109,2.597046,0.532364,0.365456,2.529388,0.544538,0.345638,2.664703
1645180865761.146,17739329209,1034.596424,424.734628,2.602936,0.533003,0.362903,2.540039,0.544701,0.344988,2.665833
1645180865771.832,17739340312,1034.336872,426.069796,2.607803,0.534079,0.360768,2.546371,0.543356,0.349348,2.669235
1645180865783.346,17739351416,1035.341835,424.975258,2.613716,0.534067,0.357998,2.536377,0.544414,0.350294,2.691055
1645180865794.438,17739362518,1036.350231,427.257997,2.617424,0.535544,0.359378,2.536499,0.543988,0.352719,2.698349
1645180865805.0188,17739373621,1036.148987,420.272487,2.624634,0.535089,0.35606,2.540482,0.544233,0.344394,2.708786
1645180865816.602,17739384725,1035.948544,418.202949,2.619934,0.534579,0.356767,2.546585,0.544534,0.340238,2.693283
1645180865827.699,17739395828,1031.105804,417.764193,2.625954,0.529905,0.35703,2.554535,0.544164,0.339243,2.697372
1645180865838.395,17739406931,1033.404636,415.909374,2.628807,0.531517,0.357603,2.553513,0.544946,0.33558,2.704102
1645180865849.557,17739418034,1031.284676,416.122878,2.635933,0.530156,0.355475,2.564163,0.544099,0.338063,2.707703
1645180865860.761,17739429137,1032.214222,415.458226,2.626762,0.532006,0.352326,2.56131,0.543218,0.340104,2.692215
1645180865871.5789,17739440241,1027.263794,415.691739,2.617332,0.530245,0.355604,2.553436,0.539822,0.337215,2.681229
1645180865882.449,17739451344,1027.460747,420.78529,2.613609,0.531383,0.360166,2.548386,0.538889,0.341143,2.678833
1645180865894.409,17739462447,1024.270077,423.315704,2.623756,0.52951,0.363721,2.547073,0.537438,0.341805,2.700439
1645180865905.059,17739473550,1024.185219,426.078629,2.625481,0.52993,0.364477,2.551636,0.536929,0.345654,2.699326
1645180865916.49,17739484653,1021.116314,423.83498,2.618973,0.52791,0.361769,2.53508,0.535753,0.344623,2.702866
1645180865927.623,17739495756,1027.516708,421.878129,2.603485,0.531864,0.361926,2.521515,0.538466,0.341204,2.685455
1645180865938.656,17739506860,1036.616249,418.175018,2.596283,0.535376,0.356935,2.512253,0.544432,0.340024,2.680313
1645180865949.788,17739517963,1043.729839,414.674735,2.59642,0.537397,0.355382,2.522018,0.549821,0.335743,2.670822
1645180865961.109,17739529067,1083.093224,420.35045,2.601257,0.556071,0.357804,2.524643,0.572151,0.34278,2.677872
1645180865971.866,17739540170,1134.715748,436.930007,2.598969,0.580641,0.374326,2.526062,0.601354,0.353891,2.671875
1645180865982.9568,17739551273,1163.01075,440.807873,2.603058,0.597631,0.37789,2.532776,0.613838,0.35679,2.67334
1645180865994.227,17739562376,1161.968937,437.994146,2.597702,0.597901,0.379828,2.532455,0.612483,0.350162,2.662949
1645180866004.938,17739573479,1160.175934,438.489139,2.591003,0.595418,0.376493,2.527374,0.613099,0.354323,2.654633
1645180866016.885,17739584582,1164.169979,438.91958,2.574326,0.598039,0.376748,2.507095,0.614638,0.354785,2.641556
1645180866027.621,17739595686,1163.563843,438.597375,2.572571,0.598137,0.373762,2.503265,0.613909,0.357233,2.641876
1645180866038.228,17739606789,1164.862747,436.74801,2.565201,0.598786,0.376371,2.499313,0.614613,0.351543,2.631088
1645180866049.663,17739617893,1160.993099,436.568141,2.570206,0.596895,0.375023,2.508423,0.612473,0.352591,2.631989
1645180866060.878,17739628996,1160.401096,438.680434,2.565598,0.598445,0.375241,2.507065,0.610307,0.355893,2.62413
1645180866071.907,17739640099,1157.519588,432.980543,2.56514,0.600408,0.367523,2.498245,0.605341,0.354111,2.632034
1645180866083.0122,17739651202,1161.053123,436.625093,2.559387,0.602387,0.367897,2.486053,0.607043,0.359812,2.632721
1645180866093.653,17739662305,1156.639137,432.764769,2.557991,0.599409,0.366345,2.49057,0.605423,0.354929,2.625412
1645180866104.849,17739673408,1157.207565,437.988245,2.549538,0.598916,0.36836,2.488785,0.606509,0.36162,2.610291
1645180866116.01,17739684512,1154.725227,435.59913,2.552383,0.596573,0.367913,2.497406,0.606266,0.358086,2.607361
1645180866127.511,17739695615,1158.432426,435.289639,2.551987,0.59869,0.367051,2.492416,0.60801,0.358431,2.611557
1645180866138.104,17739706719,1155.888004,435.381442,2.546867,0.59759,0.368573,2.48584,0.60646,0.357063,2.607895
1645180866149.581,17739717822,1139.270325,434.436446,2.537216,0.590215,0.366982,2.47464,0.596525,0.357079,2.599792
1645180866160.731,17739728925,1127.38369,434.471834,2.531136,0.583462,0.365847,2.46936,0.590896,0.358273,2.592911
1645180866171.763,17739740028,1113.267517,428.015757,2.531166,0.574556,0.36143,2.471359,0.585098,0.351929,2.590973
1645180866183.003,17739751131,1117.286797,430.398721,2.529366,0.577053,0.367686,2.473557,0.586788,0.349645,2.585175
1645180866194.0889,17739762234,1121.289139,431.020045,2.530289,0.576508,0.369666,2.47345,0.591501,0.3487,2.587128
1645180866204.666,17739773337,1116.850605,430.012769,2.527359,0.571856,0.367271,2.474655,0.59153,0.349417,2.580063
1645180866216.7349,17739784440,1117.626915,425.539416,2.526093,0.569313,0.360936,2.472137,0.594882,0.348297,2.580048
1645180866227.3918,17739795544,1115.973873,425.53001,2.529411,0.56869,0.361677,2.47757,0.593783,0.34754,2.581253
1645180866237.952,17739806647,1115.027103,427.542275,2.530777,0.568773,0.363293,2.471237,0.592714,0.349277,2.590317
1645180866249.5698,17739817750,1115.545349,430.170947,2.533524,0.571349,0.366284,2.468445,0.590677,0.350668,2.598602
1645180866260.643,17739828853,1116.340656,432.946801,2.523643,0.573028,0.368597,2.457565,0.589827,0.352981,2.589722
1645180866271.451,17739839956,1115.45351,432.706422,2.523415,0.573942,0.369145,2.465042,0.587989,0.352032,2.581787
1645180866282.605,17739851059,1114.387779,432.932496,2.528778,0.570499,0.368559,2.473877,0.590322,0.352995,2.583679
1645180866294.016,17739862163,1111.777554,433.048546,2.528252,0.570375,0.367065,2.474884,0.587726,0.354683,2.581619
1645180866304.6218,17739873266,1113.992844,433.082181,2.525276,0.570809,0.368864,2.467361,0.5896,0.35294,2.583191
1645180866316.239,17739884370,1113.763733,432.661217,2.513466,0.571918,0.369512,2.460129,0.588252,0.35159,2.566803
1645180866327.098,17739895473,1112.185993,432.245082,2.519287,0.57116,0.369748,2.460419,0.587367,0.35066,2.578156
1645180866338.051,17739906576,1111.540947,432.767576,2.512932,0.571134,0.372839,2.452118,0.586721,0.34844,2.573746
1645180866349.212,17739917679,1113.204632,432.542503,2.516808,0.572536,0.374645,2.446884,0.587052,0.346259,2.586731
1645180866360.7349,17739928782,1113.608952,437.704682,2.511688,0.573351,0.37759,2.442886,0.586658,0.351918,2.58049
1645180866371.181,17739939885,1152.50227,436.721671,2.522415,0.592007,0.374722,2.457504,0.608517,0.353147,2.587326
1645180866382.78,17739950989,1199.135857,438.03792,2.524727,0.617491,0.374396,2.474228,0.631609,0.355667,2.575226
1645180866393.871,17739962092,1240.175743,434.299511,2.535027,0.640651,0.372106,2.490814,0.651198,0.351727,2.579239
1645180866404.4958,17739973196,1258.9884,435.26262,2.523888,0.651238,0.371382,2.478867,0.660208,0.354056,2.568909
1645180866416.055,17739984299,1258.504543,436.078995,2.523552,0.649775,0.36997,2.474228,0.661167,0.356828,2.572876
1645180866427.243,17739995402,1267.964001,435.985494,2.514709,0.650813,0.369228,2.46257,0.669982,0.357414,2.566849
1645180866437.4448,17740006505,1278.181343,438.604903,2.507843,0.656469,0.371527,2.451874,0.67497,0.359481,2.563812
1645180866449.4578,17740017608,1277.139874,436.594427,2.504921,0.656743,0.37154,2.44693,0.673611,0.356117,2.562912
1645180866460.403,17740028711,1273.156185,436.937499,2.505577,0.654348,0.368527,2.446594,0.671857,0.359702,2.56456
1645180866471.124,17740039815,1269.602222,434.334022,2.509705,0.654463,0.366292,2.452576,0.668039,0.357598,2.566833
1645180866482.705,17740050918,1269.957905,432.795238,2.503998,0.655329,0.367406,2.453293,0.667543,0.353919,2.554703
1645180866493.725,17740062022,1267.553616,435.522741,2.505684,0.65792,0.371117,2.454865,0.662448,0.354754,2.556503
1645180866504.247,17740073125,1264.983273,435.924429,2.50782,0.654565,0.372642,2.451538,0.663126,0.353898,2.564102
1645180866516.289,17740084228,1265.638905,445.146757,2.520584,0.655698,0.378644,2.45697,0.662676,0.363267,2.584198
1645180866527.3289,17740095331,1269.063549,448.955065,2.528099,0.653683,0.384767,2.46489,0.668258,0.363492,2.591309
1645180866537.7231,17740106434,1272.65316,449.999303,2.524956,0.656501,0.38668,2.467865,0.669179,0.363319,2.582047
1645180866548.578,17740117537,1276.526756,445.239347,2.519859,0.660675,0.384147,2.46936,0.66904,0.357919,2.570358
1645180866560.432,17740128640,1268.921013,443.068188,2.513344,0.660316,0.380439,2.46315,0.661477,0.358008,2.563538
1645180866570.905,17740139743,1264.549828,444.239277,2.511292,0.656897,0.382535,2.459961,0.660342,0.357864,2.562622
1645180866582.7,17740150847,1264.186306,447.728258,2.519302,0.655037,0.384192,2.461319,0.661824,0.362022,2.577286
1645180866593.786,17740161950,1273.942337,447.883093,2.529121,0.657849,0.386468,2.469604,0.669174,0.360004,2.588638
1645180866604.307,17740173053,1273.332195,446.42728,2.538223,0.658253,0.385538,2.475784,0.668135,0.358507,2.600662
1645180866616.191,17740184156,1270.386887,441.571265,2.53447,0.655978,0.383972,2.47789,0.667342,0.35198,2.591049
1645180866627.047,17740195259,1266.46843,439.31492,2.534256,0.656208,0.380452,2.470352,0.66303,0.351739,2.59816
1645180866637.202,17740206362,1269.057369,437.134069,2.538925,0.657599,0.375066,2.476395,0.664335,0.353491,2.601456
1645180866649.31,17740217466,1268.573227,432.684714,2.540695,0.655747,0.368653,2.477737,0.665683,0.352488,2.603653
1645180866660.3242,17740228569,1271.72121,429.022551,2.534706,0.654225,0.365189,2.475876,0.670485,0.349848,2.593536
1645180866671.447,17740239673,1273.309708,429.519546,2.537766,0.655608,0.365263,2.48143,0.670757,0.350603,2.594101
1645180866682.775,17740250776,1271.799946,437.270254,2.540405,0.65683,0.370629,2.483093,0.667961,0.358155,2.597717
1645180866693.806,17740261879,1267.012939,438.993716,2.543129,0.658221,0.371205,2.491333,0.661584,0.360451,2.594925
1645180866704.127,17740272982,1265.026188,437.365043,2.547356,0.656152,0.369774,2.49823,0.661583,0.359168,2.596481
1645180866715.8762,17740284085,1298.40826,438.471955,2.552177,0.671607,0.37141,2.505402,0.680901,0.359376,2.598953
1645180866727.0,17740295188,1332.95248,443.692946,2.570007,0.687354,0.372331,2.518814,0.701138,0.367157,2.621201
1645180866737.53,17740306292,1365.881367,453.216147,2.577599,0.708196,0.380167,2.528412,0.714597,0.375193,2.626785
1645180866749.9211,17740317395,1362.708836,455.533737,2.586914,0.70796,0.381389,2.532455,0.711529,0.377834,2.641373
1645180866760.432,17740328499,1358.395958,455.186033,2.586784,0.702043,0.385763,2.528305,0.712953,0.372881,2.645264
1645180866770.583,17740339602,1366.400013,454.136038,2.587746,0.704795,0.384428,2.523209,0.718538,0.372466,2.652283
1645180866782.713,17740350705,1365.746899,445.944411,2.571976,0.704115,0.377074,2.500824,0.718538,0.366167,2.643127
1645180866793.621,17740361808,1367.727299,447.214043,2.572784,0.708469,0.378915,2.498108,0.716247,0.366442,2.647461
1645180866804.122,17740372911,1364.873428,446.480316,2.573837,0.707484,0.378218,2.502167,0.71426,0.365916,2.645508
1645180866815.454,17740384014,1365.715256,451.951879,2.57592,0.70781,0.387503,2.514114,0.71481,0.36575,2.637726
1645180866827.3362,17740395118,1363.510609,455.085826,2.582596,0.704586,0.391121,2.526886,0.715738,0.367356,2.638306
1645180866837.477,17740406221,1368.197937,455.194616,2.579292,0.705754,0.396465,2.524109,0.719452,0.362192,2.634476
1645180866849.169,17740417325,1370.491676,453.776014,2.585693,0.70575,0.395609,2.531067,0.721846,0.360685,2.64032
1645180866860.409,17740428428,1374.428272,455.248421,2.58194,0.708386,0.398475,2.522476,0.723311,0.360272,2.641403
1645180866870.5698,17740439531,1373.21909,455.929899,2.585594,0.70902,0.398338,2.530853,0.721416,0.361545,2.640335
1645180866882.493,17740450634,1371.107883,458.854634,2.580116,0.710176,0.399069,2.518723,0.718062,0.365688,2.64151
1645180866893.598,17740461736,1370.534706,454.863703,2.577316,0.710393,0.393432,2.516281,0.717248,0.364674,2.638351
1645180866904.251,17740472839,1369.37748,454.437661,2.571823,0.710224,0.393854,2.507614,0.716211,0.363542,2.636032
1645180866916.007,17740483943,1372.948608,455.647731,2.575188,0.711939,0.392555,2.505829,0.718216,0.366858,2.644547
1645180866926.933,17740495046,1370.640564,457.224816,2.578171,0.712793,0.391174,2.510468,0.714958,0.370867,2.645874
1645180866937.577,17740506150,1370.915279,459.266907,2.579323,0.711995,0.392889,2.513672,0.716042,0.372556,2.644974
1645180866949.058,17740517253,1366.340504,458.814114,2.590851,0.707695,0.397037,2.535492,0.715576,0.367653,2.64621
1645180866960.229,17740528356,1366.041756,462.108904,2.583496,0.705907,0.401936,2.529007,0.717053,0.368245,2.637985
1645180866970.298,17740539459,1361.671886,460.763633,2.588905,0.704587,0.399303,2.525604,0.713821,0.368637,2.652206
1645180866982.431,17740550562,1363.659267,459.982377,2.580925,0.704218,0.392942,2.515564,0.716261,0.373695,2.646286
1645180866993.597,17740561665,1363.721409,457.445705,2.58857,0.704104,0.390347,2.522812,0.716439,0.372062,2.654327
1645180867003.661,17740572769,1365.569229,458.180165,2.588371,0.705204,0.390989,2.52507,0.717264,0.372645,2.651672
1645180867015.709,17740583872,1364.519806,456.826437,2.58342,0.706312,0.392491,2.522446,0.715063,0.368886,2.644394
1645180867026.875,17740594976,1365.867176,456.466967,2.5784,0.706867,0.392905,2.516342,0.715911,0.367873,2.640457
1645180867037.618,17740606079,1370.324535,456.858695,2.580467,0.709343,0.392808,2.518616,0.718078,0.368623,2.642319
1645180867048.6082,17740617182,1394.201031,456.73281,2.595314,0.722072,0.395024,2.538223,0.73022,0.366197,2.652405
1645180867059.824,17740628285,1413.408508,460.503137,2.601051,0.7313,0.39772,2.546127,0.741001,0.369786,2.655975
1645180867070.869,17740639388,1437.705059,460.796249,2.597351,0.742829,0.400215,2.546082,0.75478,0.367779,2.648621
1645180867082.316,17740650491,1437.102928,461.412871,2.587563,0.742917,0.401706,2.533142,0.754065,0.367315,2.641983
1645180867093.303,17740661595,1438.655491,459.086895,2.591438,0.741569,0.400146,2.538956,0.757031,0.364999,2.643921
1645180867103.8809,17740672698,1440.681267,460.680896,2.595337,0.742343,0.401881,2.538284,0.758367,0.365921,2.65239
1645180867115.9192,17740683802,1437.613564,460.259432,2.5933,0.741396,0.399212,2.530289,0.756118,0.367887,2.656311
1645180867126.627,17740694905,1438.82412,462.818706,2.58728,0.742544,0.399776,2.52002,0.756231,0.371588,2.654541
1645180867137.321,17740706008,1440.639725,463.020837,2.590004,0.744789,0.398791,2.520782,0.755878,0.372911,2.659225
1645180867149.035,17740717111,1442.720032,463.606346,2.600296,0.745849,0.402377,2.539139,0.756984,0.3703,2.661453
1645180867160.1208,17740728214,1441.215706,459.900624,2.59922,0.746157,0.398822,2.539948,0.755109,0.367679,2.658493
1645180867171.15,17740739317,1438.957272,459.873015,2.600723,0.744099,0.39721,2.53743,0.754815,0.369245,2.664017
1645180867182.222,17740750421,1443.139229,459.870601,2.593704,0.745771,0.392267,2.517548,0.757499,0.374184,2.669861
1645180867193.4731,17740761524,1442.619267,461.274934,2.6026,0.745311,0.394115,2.521057,0.757417,0.374676,2.684143
1645180867203.292,17740772628,1442.849121,459.881169,2.601669,0.745023,0.393658,2.520981,0.757945,0.372811,2.682358
1645180867215.513,17740783731,1438.519821,464.388299,2.610809,0.742891,0.400394,2.540497,0.755567,0.373587,2.681122
1645180867226.756,17740794834,1393.231602,462.222344,2.603798,0.721936,0.403124,2.538971,0.729347,0.367246,2.668625
1645180867236.852,17740805937,1314.228001,456.168401,2.62381,0.655739,0.401283,2.569885,0.713249,0.358998,2.677734
1645180867247.92,17740817040,1233.111591,453.486782,2.60878,0.603743,0.401904,2.544952,0.680748,0.353907,2.672607
1645180867259.833,17740828143,672.956314,477.032554,2.660545,0.382659,0.415337,2.552917,0.318337,0.379717,2.768173
1645180867270.142,17740839247,506.601791,494.150269,2.607445,0.251531,0.425113,2.506699,0.276179,0.398471,2.708191
1645180867282.013,17740850350,509.9685,486.334634,2.622292,0.255256,0.415869,2.522247,0.275961,0.394689,2.722336
1645180867293.787,17740861454,485.932245,484.076482,2.624092,0.246139,0.411902,2.518539,0.26004,0.394892,2.729645
1645180867304.1638,17740872557,487.815485,480.217284,2.639648,0.251565,0.408666,2.53299,0.256576,0.391696,2.746307
1645180867315.594,17740883660,473.588705,486.55858,2.634651,0.245947,0.417523,2.522751,0.247374,0.393408,2.746552
1645180867326.777,17740894763,474.620748,484.551126,2.614456,0.247271,0.416965,2.499786,0.247126,0.390621,2.729126
1645180867336.9292,17740905866,481.45709,484.996784,2.610954,0.250471,0.419437,2.490997,0.251047,0.388891,2.730911
1645180867348.898,17740916969,479.441543,486.988986,2.61631,0.248495,0.423001,2.500626,0.250924,0.388647,2.731995
1645180867359.712,17740928073,474.774985,488.42048,2.626778,0.244127,0.423723,2.517151,0.25043,0.390311,2.736404
1645180867370.616,17740939176,472.03135,488.705885,2.625931,0.241838,0.423482,2.518845,0.249861,0.391028,2.733017
1645180867382.106,17740950280,474.393082,486.604071,2.624985,0.243613,0.419942,2.513046,0.250547,0.391065,2.736923
1645180867393.427,17740961383,474.18354,487.336653,2.619049,0.244596,0.420747,2.499283,0.249345,0.39148,2.738815
1645180867403.573,17740972486,472.151814,486.397165,2.618828,0.242818,0.420406,2.498779,0.249006,0.390256,2.738876
1645180867415.553,17740983589,472.44298,484.646648,2.619461,0.24296,0.416295,2.504593,0.249168,0.39145,2.734329
1645180867426.6912,17740994692,474.932199,479.992068,2.628403,0.24422,0.412902,2.514038,0.250502,0.387084,2.742767
1645180867436.756,17741005795,476.056552,477.116865,2.632668,0.245212,0.410707,2.52153,0.250681,0.384488,2.743805
1645180867448.771,17741016899,473.27332,479.20137,2.633011,0.243526,0.41501,2.522125,0.249467,0.383659,2.743896
1645180867460.1,17741028002,472.364845,481.431913,2.632713,0.243883,0.41243,2.530518,0.248164,0.389956,2.734909
1645180867470.135,17741039106,469.680505,484.294599,2.62368,0.241909,0.412798,2.517319,0.247341,0.394359,2.730042
1645180867482.2878,17741050209,470.567207,483.360708,2.620872,0.242286,0.411581,2.5121,0.247889,0.394021,2.729645
1645180867493.3591,17741061312,470.968509,482.645649,2.623451,0.24164,0.413895,2.514709,0.248952,0.390515,2.732193
1645180867503.96,17741072415,474.351554,485.80699,2.629295,0.244718,0.417185,2.523819,0.249398,0.392493,2.734772
1645180867515.8,17741083518,475.367503,487.03174,2.629234,0.245555,0.416412,2.524429,0.249619,0.395307,2.734039
1645180867526.741,17741094621,474.865766,488.369715,2.624298,0.245993,0.418629,2.519333,0.248659,0.395321,2.729263
1645180867536.894,17741105725,472.811637,491.032487,2.622147,0.243225,0.420388,2.51297,0.249287,0.398,2.731323
1645180867548.713,17741116828,471.941886,490.534097,2.621437,0.242997,0.420551,2.512344,0.248609,0.397006,2.73053
1645180867560.185,17741127932,471.704035,494.37207,2.626244,0.242248,0.421519,2.510056,0.24911,0.402434,2.742432
1645180867570.3088,17741139035,470.511403,489.953399,2.631836,0.242268,0.419796,2.517548,0.247848,0.396793,2.746124
1645180867582.355,17741150138,472.262235,490.400255,2.637398,0.242985,0.421497,2.523605,0.248955,0.395836,2.75119
1645180867687.201,17741161241,474.80238,484.678137,2.642929,0.244807,0.420467,2.532471,0.249779,0.38733,2.753387
1645180867688.8198,17741172344,476.851645,484.500986,2.641434,0.245787,0.421288,2.529053,0.250934,0.386214,2.753815
1645180867688.8198,17741183447,472.087655,491.553462,2.628433,0.243393,0.42015,2.540726,0.248365,0.399106,2.716141
1645180867688.8198,17741194551,468.818021,503.35772,2.60833,0.243393,0.425984,2.529449,0.244959,0.412946,2.68721
1645180867688.8198,17741205654,454.479647,515.73869,2.611229,0.239238,0.421022,2.582489,0.234178,0.438543,2.639969
1645180867689.842,17741216758,,,,,,,,,
1645180867689.842,17741227861,,,,,,,,,
1645180867689.842,17741238964,,,,,,,,,
1645180867689.842,17741250067,,,,,,,,,
1645180867690.8828,17741261170,,,,,,,,,
1645180867701.842,17741272273,,,,,,,,,
1645180867713.494,17741283377,,,,,,,,,
1645180867724.935,17741294480,,,,,,,,,
1645180867735.2258,17741305584,,,,,,,,,
1645180867747.127,17741316687,,,,,,,,,
1645180867758.962,17741327790,,,,,,,,,
1645180867771.027,17741338893,542.907429,580.945426,2.378242,0.276392,0.498763,2.226013,0.289136,0.469479,2.530472
1645180867783.124,17741349996,547.079458,522.360349,2.547256,0.281766,0.434959,2.458206,0.288109,0.435641,2.636307
1645180867792.858,17741361099,547.887383,507.434392,2.558067,0.282607,0.410083,2.479828,0.288109,0.435641,2.636307
1645180867803.597,17741372203,556.2852,478.179145,2.628319,0.287169,0.393668,2.533875,0.292295,0.403297,2.722763
1645180867815.2969,17741383306,557.023487,485.324746,2.605911,0.28844,0.404417,2.50209,0.291793,0.404458,2.709732
1645180867827.357,17741394410,564.90695,492.755216,2.603584,0.29174,0.420059,2.494308,0.296704,0.4012,2.71286
1645180867837.026,17741405513,563.307867,494.935083,2.598267,0.28952,0.42352,2.48288,0.297259,0.401372,2.713654
1645180867848.594,17741416616,562.937193,493.308574,2.599823,0.289868,0.421258,2.483612,0.296525,0.400923,2.716034
1645180867859.825,17741427719,560.551071,489.524782,2.612709,0.289283,0.418153,2.504486,0.294625,0.397722,2.720932
1645180867870.378,17741438822,561.436987,483.849531,2.61792,0.292231,0.411619,2.517105,0.292599,0.394797,2.718735
1645180867881.798,17741449925,566.295948,486.156088,2.623543,0.296693,0.412534,2.518677,0.293199,0.397726,2.728409
1645180867893.8489,17741461029,564.870529,483.305544,2.62571,0.295313,0.410321,2.523956,0.293093,0.395188,2.727463
1645180867903.794,17741472132,565.658684,490.380388,2.629997,0.292752,0.416331,2.52301,0.296476,0.400969,2.736984
1645180867915.212,17741483236,557.328787,485.465419,2.629662,0.284463,0.413248,2.527939,0.296088,0.395861,2.731384
1645180867926.5898,17741494339,557.022142,490.054429,2.629761,0.283642,0.4175,2.512619,0.296589,0.399257,2.746902
1645180867937.743,17741505442,554.335327,487.382376,2.63356,0.285574,0.418113,2.516449,0.291859,0.394191,2.750671
1645180867948.566,17741516545,558.859606,488.549888,2.63855,0.288877,0.419496,2.522079,0.293268,0.394754,2.75502
1645180867959.686,17741527648,557.899876,484.398937,2.637215,0.28718,0.415989,2.525726,0.293966,0.391342,2.748703
1645180867970.881,17741538751,557.191658,486.014646,2.647736,0.285764,0.41364,2.538712,0.294644,0.396384,2.75676
1645180867981.82,17741549855,555.899591,488.544595,2.653618,0.284799,0.415803,2.548309,0.294263,0.398438,2.758926
1645180867993.215,17741560958,558.7498,489.028037,2.664444,0.289064,0.41633,2.569809,0.292967,0.398717,2.759079
1645180868003.581,17741572062,559.293165,487.182283,2.671974,0.287475,0.414615,2.571976,0.295122,0.397356,2.771973
1645180868015.676,17741583165,542.310877,483.572352,2.683205,0.276311,0.414106,2.583496,0.288596,0.391848,2.782913
1645180868026.689,17741594268,534.298525,481.636029,2.68927,0.271989,0.409244,2.574142,0.284572,0.393483,2.804398
1645180868037.749,17741605371,520.419159,478.111768,2.697678,0.267139,0.409025,2.580612,0.274964,0.387828,2.814743
1645180868048.73,17741616474,522.250614,480.093974,2.697357,0.270073,0.409084,2.57579,0.273938,0.391072,2.818924
1645180868059.885,17741627577,516.425686,481.986576,2.692596,0.26557,0.413345,2.576706,0.272373,0.389966,2.808487
1645180868070.444,17741638681,520.276623,482.366359,2.692535,0.269239,0.414075,2.575882,0.272716,0.389869,2.809189
1645180868081.845,17741649784,528.72983,483.148474,2.691521,0.273795,0.415235,2.570679,0.276965,0.390012,2.812363
1645180868092.9922,17741660888,530.05188,480.13401,2.691994,0.275498,0.41145,2.572205,0.27664,0.388773,2.811783
1645180868103.6711,17741671991,527.87982,481.021035,2.694931,0.272402,0.41091,2.574692,0.277473,0.390792,2.81517
1645180868114.724,17741683094,523.265905,478.983217,2.694695,0.269171,0.408202,2.577591,0.275897,0.390103,2.811798
1645180868126.7131,17741694197,525.298662,484.388924,2.69973,0.269492,0.415682,2.581497,0.277694,0.391633,2.817963
1645180868137.718,17741705300,524.56953,482.277328,2.693649,0.269634,0.416287,2.583664,0.276792,0.387509,2.803635
1645180868148.4312,17741716403,525.529776,481.720591,2.691818,0.271683,0.415941,2.590729,0.275744,0.386927,2.792908
1645180868159.744,17741727507,523.353424,481.694001,2.686829,0.271543,0.415609,2.590485,0.273617,0.387214,2.783173
1645180868170.1929,17741738610,521.473303,482.090521,2.678047,0.271307,0.414693,2.575592,0.271894,0.388791,2.780502
1645180868181.644,17741749714,521.762638,480.574894,2.677917,0.271246,0.412812,2.569901,0.272257,0.388146,2.785934
1645180868192.939,17741760817,541.098804,479.591936,2.672623,0.279632,0.412738,2.56665,0.284012,0.386581,2.778595
1645180868203.1418,17741771920,607.307882,471.664166,2.660652,0.307048,0.410791,2.561157,0.325564,0.375316,2.760147
1645180868214.855,17741783023,634.319801,469.055611,2.651962,0.321933,0.409522,2.554016,0.338817,0.372237,2.749908
1645180868226.244,17741794126,648.798237,469.073868,2.646538,0.330524,0.411822,2.548157,0.345307,0.369967,2.744919
1645180868237.121,17741805229,632.252712,472.613007,2.64225,0.32383,0.413378,2.543762,0.334766,0.37431,2.740738
1645180868248.17,17741816333,638.358049,473.666579,2.632675,0.327331,0.415405,2.533539,0.337625,0.37404,2.731812
1645180868259.33,17741827436,640.736961,471.823096,2.63575,0.330413,0.41142,2.53363,0.337021,0.374952,2.737869
1645180868270.039,17741838540,640.602322,472.468346,2.629089,0.330631,0.412523,2.528503,0.336663,0.374924,2.729675
1645180868281.414,17741849643,640.779591,470.150059,2.623344,0.330733,0.409963,2.516357,0.336746,0.373621,2.730331
1645180868292.5688,17741860746,643.540277,467.736304,2.616096,0.332698,0.409525,2.508926,0.337657,0.370035,2.723267
1645180868303.394,17741871849,644.242773,469.109917,2.609688,0.332115,0.409242,2.507492,0.338971,0.372608,2.711884
1645180868314.857,17741882952,643.065004,467.408592,2.607773,0.331003,0.405615,2.512451,0.338856,0.373399,2.703094
1645180868326.756,17741894055,641.315117,463.89665,2.599586,0.329401,0.399051,2.495056,0.338635,0.37411,2.704117
1645180868336.648,17741905159,641.711454,465.687829,2.588089,0.330216,0.399309,2.478363,0.338233,0.376837,2.697815
1645180868348.1829,17741916262,641.945057,471.647948,2.581444,0.331567,0.40678,2.465302,0.337126,0.3793,2.697586
1645180868359.3308,17741927366,639.475965,474.822789,2.583084,0.329522,0.408861,2.470047,0.336599,0.382511,2.696121
1645180868370.041,17741938469,637.584372,476.333928,2.58757,0.329307,0.411194,2.479889,0.334843,0.382695,2.695251
1645180868381.4038,17741949572,639.51602,476.02281,2.589951,0.329714,0.410941,2.489304,0.336448,0.382431,2.690598
1645180868392.56,17741960675,637.162657,477.563328,2.589203,0.325973,0.414024,2.49939,0.337738,0.381915,2.679016
1645180868403.107,17741971778,640.816355,476.4238,2.586723,0.329464,0.412015,2.493484,0.338053,0.382024,2.679962
1645180868414.69,17741982881,639.916849,475.245899,2.589249,0.327327,0.409513,2.491714,0.339253,0.382563,2.686783
1645180868425.885,17741993985,644.961262,479.466087,2.593407,0.331204,0.411259,2.487152,0.340631,0.387851,2.699661
1645180868436.846,17742005088,642.703857,478.72687,2.595497,0.326465,0.4118,2.49086,0.343019,0.386078,2.700134
1645180868448.004,17742016192,643.196011,477.22494,2.594261,0.326852,0.410735,2.484543,0.343144,0.38464,2.703979
1645180868459.418,17742027295,642.020931,472.786671,2.591003,0.328398,0.408258,2.479141,0.340374,0.37972,2.702866
1645180868469.957,17742038398,641.673918,473.267072,2.585457,0.331278,0.410923,2.475189,0.337132,0.377855,2.695724
1645180868481.333,17742049501,641.076164,476.004875,2.580841,0.332201,0.412456,2.474396,0.335587,0.380885,2.687286
1645180868492.656,17742060604,639.560766,478.729641,2.577736,0.330453,0.416502,2.475754,0.335756,0.381381,2.679718
1645180868503.689,17742071707,641.848125,480.223542,2.57531,0.333161,0.415229,2.465088,0.33543,0.385143,2.685532
1645180868514.729,17742082811,645.419025,481.434882,2.583687,0.334074,0.414661,2.472092,0.338238,0.38773,2.695282
1645180868526.123,17742093914,644.777441,480.431253,2.584435,0.333708,0.414975,2.478973,0.337935,0.385744,2.689896
1645180868536.103,17742105018,644.067478,478.959274,2.587738,0.330607,0.408791,2.483047,0.340297,0.389474,2.692429
1645180868548.09,17742116121,639.34659,476.286203,2.578857,0.328407,0.409163,2.479019,0.337579,0.384647,2.678696
1645180868559.531,17742127224,639.860973,473.943633,2.579208,0.329757,0.403897,2.477478,0.336765,0.386009,2.680939
1645180868569.984,17742138327,640.051947,477.378058,2.581215,0.330449,0.411973,2.481766,0.336272,0.383657,2.680664
1645180868581.249,17742149430,644.263086,483.239365,2.593117,0.333562,0.417502,2.482697,0.337545,0.387897,2.703537
1645180868593.13,17742160533,645.288935,486.100477,2.596924,0.331891,0.421404,2.479904,0.340285,0.388764,2.713943
1645180868603.112,17742171637,643.252659,485.134327,2.599518,0.332663,0.418434,2.481247,0.337392,0.390123,2.717789
1645180868614.64,17742182740,646.962833,477.350378,2.590202,0.334168,0.409504,2.480392,0.339752,0.386079,2.700012
1645180868626.015,17742193844,686.953468,471.428078,2.575699,0.355755,0.40327,2.468369,0.359822,0.382444,2.683029
1645180868637.089,17742204947,733.096504,465.56409,2.574493,0.375364,0.398546,2.472153,0.388279,0.377394,2.676834
1645180868648.019,17742216050,757.280445,462.92206,2.574326,0.390017,0.397158,2.473953,0.398817,0.374379,2.674698
1645180868659.251,17742227153,750.088749,460.137624,2.576981,0.386886,0.39218,2.479401,0.394457,0.374716,2.674561
1645180868669.289,17742238256,754.729815,460.43576,2.571709,0.389191,0.395152,2.473831,0.396986,0.372241,2.669586
1645180868681.136,17742249359,755.459862,460.267639,2.567169,0.389352,0.395325,2.47348,0.397586,0.371788,2.660858
1645180868692.436,17742260463,755.872078,467.665976,2.581421,0.387178,0.404753,2.493729,0.400189,0.37469,2.669113
1645180868703.469,17742271566,756.036072,466.443604,2.580017,0.384714,0.40259,2.495575,0.402824,0.374816,2.664459
1645180868714.187,17742282670,758.686466,465.878749,2.587067,0.387347,0.401916,2.496124,0.402952,0.374549,2.678009
1645180868726.2349,17742293773,763.035536,464.650905,2.580673,0.392623,0.404061,2.486084,0.402206,0.370357,2.675262
1645180868736.383,17742304876,761.613865,466.677332,2.581802,0.393746,0.405551,2.484253,0.399602,0.372244,2.679352
1645180868747.743,17742315979,759.915247,465.493959,2.582504,0.390501,0.4017,2.481461,0.401078,0.374123,2.683548
1645180868759.0078,17742327082,755.365849,465.991795,2.583595,0.386834,0.397487,2.481049,0.400005,0.379166,2.686142
1645180868769.919,17742338185,755.895166,465.466082,2.579483,0.387994,0.399518,2.478622,0.399397,0.376259,2.680344
1645180868781.039,17742349289,757.000494,467.440903,2.577026,0.390585,0.403478,2.472015,0.397957,0.37559,2.682037
1645180868792.254,17742360392,759.638214,465.360671,2.569084,0.392597,0.401683,2.459961,0.398693,0.373918,2.678207
1645180868802.9102,17742371496,760.262718,463.262862,2.578186,0.393048,0.397638,2.471909,0.398892,0.374467,2.684464
1645180868814.533,17742382599,758.690815,464.24759,2.575668,0.391134,0.399292,2.47966,0.399169,0.374454,2.671677
1645180868825.6472,17742393702,758.739023,464.9212,2.587898,0.388635,0.399831,2.496353,0.401718,0.375038,2.679443
1645180868836.101,17742404805,758.558235,467.942315,2.585304,0.386561,0.401503,2.490128,0.403604,0.3784,2.680481
1645180868847.893,17742415908,761.571693,467.857718,2.587799,0.389392,0.401926,2.486465,0.403912,0.377837,2.689133
1645180868859.134,17742427011,761.510439,465.219623,2.585686,0.390717,0.402797,2.48526,0.402523,0.372569,2.686111
1645180868869.315,17742438115,762.313385,463.071299,2.581657,0.394375,0.402837,2.479584,0.399701,0.368948,2.683731
1645180868881.106,17742449218,760.184383,460.546607,2.579834,0.392524,0.400597,2.478058,0.399334,0.366981,2.68161
1645180868892.4402,17742460322,761.144171,460.256678,2.571831,0.394505,0.398994,2.471176,0.398354,0.3681,2.672485
1645180868902.7358,17742471425,762.983007,458.867455,2.5812,0.391727,0.399306,2.481049,0.403046,0.365474,2.681351
1645180868914.436,17742482528,763.168402,460.033196,2.581215,0.390625,0.399003,2.488297,0.404342,0.367719,2.674133
1645180868925.599,17742493631,759.508924,463.246161,2.588799,0.388414,0.401868,2.493164,0.402742,0.370209,2.684433
1645180868936.104,17742504734,758.095322,467.949557,2.587975,0.388573,0.403317,2.501846,0.401109,0.376599,2.674103
1645180868947.896,17742515837,758.097181,467.430907,2.591637,0.390748,0.401356,2.503769,0.398936,0.377696,2.679504
1645180868959.189,17742526941,760.306578,465.04966,2.595047,0.393226,0.39738,2.515396,0.39876,0.377703,2.674698
1645180868969.3452,17742538044,759.838085,465.838283,2.601059,0.394357,0.395223,2.511963,0.397141,0.381174,2.690155
1645180868980.964,17742549148,762.930279,467.867875,2.608727,0.395577,0.398794,2.519211,0.399142,0.380985,2.698242
1645180868992.409,17742560251,762.452774,467.824048,2.601044,0.39343,0.401952,2.508011,0.400792,0.377755,2.694077
1645180869002.922,17742571354,761.63146,468.241382,2.600983,0.39451,0.402131,2.506683,0.398856,0.378271,2.695282
1645180869014.973,17742582457,760.783854,468.128228,2.596504,0.392929,0.404021,2.50412,0.399554,0.376193,2.688889
1645180869025.65,17742593560,763.087063,471.331215,2.598473,0.393937,0.407098,2.508347,0.400945,0.378454,2.688599
1645180869036.207,17742604663,763.920994,471.213359,2.599312,0.392798,0.410603,2.508606,0.402953,0.374753,2.690018
1645180869047.583,17742615767,763.223476,470.272064,2.599541,0.393482,0.407247,2.496567,0.401543,0.37654,2.702515
1645180869058.83,17742626870,757.999506,472.574401,2.602379,0.391128,0.40749,2.486038,0.398455,0.380134,2.718719
1645180869069.458,17742637974,756.632166,471.345627,2.604134,0.391301,0.408495,2.492432,0.396857,0.377081,2.715836
1645180869080.874,17742649077,761.92975,474.099988,2.609436,0.392915,0.411013,2.506546,0.400761,0.379153,2.712326
1645180869091.999,17742660180,800.237188,472.849149,2.612289,0.412194,0.408653,2.516357,0.421386,0.379429,2.708221
1645180869102.691,17742671283,874.223814,472.394067,2.613724,0.441712,0.405053,2.518738,0.468937,0.38227,2.70871
1645180869114.304,17742682386,907.097254,473.874933,2.60881,0.46358,0.407786,2.518326,0.481313,0.382005,2.699295
1645180869125.412,17742693489,909.749336,472.43076,2.606209,0.465489,0.40637,2.517609,0.482167,0.381014,2.694809
1645180869136.488,17742704593,892.786531,479.118133,2.603699,0.46148,0.410539,2.516708,0.468506,0.387991,2.690689
1645180869147.544,17742715696,891.696138,477.27862,2.605804,0.458688,0.407364,2.515976,0.470162,0.3881,2.695633
1645180869158.875,17742726800,894.270515,478.898656,2.601997,0.461667,0.409037,2.513184,0.469865,0.389128,2.690811
1645180869169.7122,17742737903,893.850603,478.680235,2.602409,0.460929,0.410604,2.514725,0.470165,0.387196,2.690094
1645180869180.768,17742749006,895.622377,477.774596,2.603683,0.463143,0.407412,2.513184,0.469797,0.388879,2.694183
1645180869192.191,17742760109,896.965942,478.285539,2.602463,0.46335,0.410606,2.521042,0.470989,0.386536,2.683884
1645180869202.8142,17742771212,903.492537,476.903558,2.598518,0.466556,0.407844,2.517471,0.474582,0.386995,2.679565
1645180869214.0369,17742782315,904.282808,477.859855,2.602951,0.46734,0.40901,2.526825,0.474621,0.387423,2.679077
1645180869225.2969,17742793419,903.530502,478.12475,2.610542,0.468284,0.406858,2.530273,0.472893,0.390017,2.690811
1645180869236.04,17742804522,898.537531,482.783854,2.610367,0.466433,0.412634,2.526566,0.469543,0.392005,2.694168
1645180869247.081,17742815626,899.252758,483.312982,2.614761,0.466236,0.411705,2.525009,0.470486,0.393817,2.704514
1645180869258.682,17742826729,899.838524,484.815949,2.609344,0.46481,0.410535,2.515305,0.472521,0.397491,2.703384
1645180869269.347,17742837832,899.157829,478.425175,2.613846,0.462071,0.402764,2.519714,0.474551,0.394611,2.707977
1645180869280.894,17742848935,884.65476,474.016821,2.60421,0.45359,0.401357,2.510757,0.467925,0.388671,2.697662
1645180869292.074,17742860038,874.891291,468.326354,2.600006,0.448986,0.395264,2.506119,0.462359,0.38528,2.693893
1645180869302.578,17742871141,864.170866,469.823027,2.604118,0.445102,0.399038,2.511108,0.455076,0.384,2.697128
1645180869314.2031,17742882245,865.647268,474.114311,2.601768,0.44536,0.402882,2.5121,0.456356,0.387308,2.691437
1645180869325.4768,17742893348,865.823708,479.137373,2.608307,0.443491,0.408921,2.519073,0.458409,0.389642,2.69754
1645180869336.122,17742904452,862.604656,477.290225,2.607742,0.442238,0.403573,2.517944,0.456308,0.39191,2.69754
1645180869347.394,17742915555,865.599747,479.769158,2.608963,0.443061,0.401822,2.507263,0.458606,0.397793,2.710663
1645180869358.548,17742926658,864.140682,478.652251,2.60463,0.442909,0.406562,2.508194,0.457238,0.391192,2.701065
1645180869369.123,17742937761,865.730095,478.957093,2.605789,0.444179,0.409862,2.504883,0.457624,0.3884,2.706696
1645180869380.889,17742948864,865.801249,473.734134,2.609894,0.444111,0.406638,2.517441,0.457766,0.382919,2.702347
1645180869392.138,17742959967,863.654566,476.442915,2.624123,0.443241,0.402067,2.519974,0.456399,0.392005,2.728271
1645180869402.377,17742971071,862.711058,476.787722,2.621178,0.440357,0.401459,2.51857,0.4583,0.393187,2.723785
1645180869413.9978,17742982174,862.95373,479.108423,2.625748,0.441633,0.403068,2.519257,0.457277,0.395446,2.732239
1645180869425.155,17742993278,865.256081,475.748438,2.624275,0.443156,0.404608,2.524338,0.458152,0.388306,2.724213
1645180869435.903,17743004381,866.213064,474.882871,2.630714,0.445239,0.403679,2.530258,0.457067,0.387792,2.731171
1645180869447.344,17743015484,866.973839,473.034579,2.624329,0.44589,0.407094,2.524658,0.457208,0.381297,2.723999
1645180869458.71,17743026587,864.417801,475.32565,2.627113,0.444223,0.412313,2.528305,0.456212,0.379896,2.725922
1645180869468.869,17743037690,865.908394,480.019963,2.62558,0.444777,0.416692,2.521576,0.457211,0.383342,2.729584
1645180869480.887,17743048793,865.603294,480.077487,2.627243,0.444372,0.417133,2.53038,0.457298,0.382996,2.724106
1645180869492.075,17743059897,868.211718,480.824357,2.625893,0.446192,0.41761,2.535126,0.458195,0.383764,2.71666
1645180869502.564,17743071000,868.701553,478.959203,2.625465,0.447564,0.416302,2.540527,0.457333,0.381963,2.710403
1645180869514.04,17743082104,867.690153,484.179264,2.631355,0.447458,0.416391,2.543228,0.456385,0.390575,2.719482
1645180869525.238,17743093207,875.530558,486.126959,2.632484,0.45082,0.415167,2.539215,0.461191,0.395045,2.725754
1645180869535.84,17743104310,920.976362,484.850049,2.633652,0.470191,0.417097,2.542847,0.489159,0.390987,2.724457
1645180869547.435,17743115413,951.376705,481.84467,2.627579,0.48936,0.418186,2.537064,0.501657,0.384889,2.718094
1645180869558.468,17743126516,967.530499,479.143417,2.625214,0.496419,0.418689,2.536285,0.511426,0.379883,2.714142
1645180869569.192,17743137619,962.095127,479.289329,2.623604,0.495624,0.417246,2.542358,0.506558,0.38157,2.704849
1645180869580.7642,17743148723,961.408653,479.724491,2.624786,0.494428,0.416052,2.548996,0.50704,0.383489,2.700577
1645180869698.158,17743159826,966.468372,482.208359,2.61013,0.498101,0.413191,2.530121,0.508637,0.39049,2.69014
1645180869699.1938,17743170930,966.173658,479.247755,2.615128,0.497759,0.41017,2.537659,0.508672,0.388577,2.692596
1645180869699.1938,17743182033,967.570438,477.993643,2.617241,0.497968,0.40792,2.534515,0.509918,0.388736,2.699966
1645180869699.1938,17743193136,965.06052,476.474351,2.626114,0.496288,0.405915,2.549286,0.508984,0.388209,2.702942
1645180869700.185,17743204239,966.66707,481.003511,2.625275,0.497604,0.408077,2.543976,0.50934,0.393596,2.706573
1645180869700.185,17743215342,968.681774,485.771817,2.630699,0.500043,0.413923,2.554352,0.509,0.395697,2.707047
1645180869701.185,17743226445,969.742641,487.802607,2.630852,0.501808,0.414154,2.542816,0.50834,0.39885,2.718887
1645180869701.185,17743237549,972.20129,486.262536,2.623322,0.50344,0.411996,2.535156,0.50927,0.398441,2.711487
1645180869701.185,17743248652,969.196701,483.578038,2.618431,0.500113,0.408343,2.523392,0.509467,0.39762,2.71347
1645180869702.178,17743259756,972.708549,478.332478,2.612907,0.500992,0.406861,2.529938,0.512246,0.39036,2.695877
1645180869704.181,17743270859,969.764986,480.164623,2.613701,0.498376,0.411577,2.531448,0.511796,0.388698,2.695953
1645180869714.139,17743281962,969.886951,476.503479,2.609169,0.498693,0.410132,2.532104,0.511606,0.384041,2.686234
1645180869725.06,17743293065,965.301361,483.719283,2.619545,0.497811,0.41159,2.535507,0.507711,0.394609,2.703583
1645180869735.621,17743304168,962.696257,483.335334,2.627235,0.49686,0.410262,2.546448,0.505948,0.395297,2.708023
1645180869747.6658,17743315271,963.546524,486.699414,2.62394,0.497435,0.409593,2.54039,0.506259,0.401573,2.707489
1645180869758.5571,17743326375,967.106409,478.174263,2.618294,0.497939,0.40692,2.54216,0.509463,0.390038,2.694427
1645180869768.885,17743337478,972.89669,476.091564,2.612419,0.499359,0.405579,2.533173,0.514075,0.387907,2.691666
1645180869780.54,17743348582,972.276964,475.57379,2.617653,0.499278,0.406683,2.538452,0.51351,0.38594,2.696854
1645180869791.634,17743359685,970.427599,482.628483,2.615593,0.498661,0.413204,2.535889,0.512201,0.391177,2.695297
1645180869802.1208,17743370788,966.755762,480.129486,2.620232,0.496146,0.414575,2.542419,0.510892,0.385641,2.698044
1645180869814.1738,17743381891,968.348608,480.722505,2.624763,0.497338,0.417619,2.547714,0.511358,0.383585,2.701813
1645180869824.856,17743392994,971.717663,476.504749,2.629326,0.497709,0.417413,2.556946,0.514497,0.376762,2.701706
1645180869835.6472,17743404097,972.180691,476.086324,2.625832,0.498508,0.416581,2.553452,0.51418,0.376896,2.698212
1645180869846.808,17743415201,969.434509,476.2945,2.627701,0.496485,0.418291,2.56749,0.513342,0.375533,2.687912
1645180869858.351,17743426304,969.1539,473.052567,2.621841,0.497873,0.410352,2.558044,0.511662,0.378069,2.685638
1645180869868.823,17743437408,969.019003,473.620963,2.625458,0.498215,0.409843,2.563568,0.51118,0.379526,2.687347
1645180869880.491,17743448511,974.087505,475.317907,2.623199,0.50201,0.40916,2.550446,0.512665,0.383036,2.695953
1645180869891.701,17743459614,970.70549,476.958722,2.625488,0.500894,0.410295,2.542572,0.510258,0.384637,2.708405
1645180869901.733,17743470717,958.626738,478.095531,2.623215,0.49618,0.409395,2.535782,0.50239,0.387431,2.710648
1645180869913.6418,17743481820,941.474504,472.676396,2.622078,0.485247,0.403764,2.537003,0.495456,0.38403,2.707153
1645180869925.058,17743492923,931.022415,471.279466,2.620735,0.477326,0.406301,2.542694,0.492489,0.379165,2.698776
1645180869935.474,17743504027,926.655836,472.17207,2.62281,0.474831,0.408297,2.541931,0.490435,0.378656,2.70369
1645180869947.5352,17743515130,929.185181,477.250081,2.62941,0.475723,0.410789,2.545517,0.492178,0.384628,2.713303
1645180869958.291,17743526234,924.707994,483.401603,2.636032,0.474442,0.414646,2.55188,0.488796,0.391023,2.720184
1645180869968.45,17743537337,921.966133,483.461416,2.63446,0.474668,0.414867,2.54924,0.485714,0.390902,2.719681
1645180869980.663,17743548440,920.424471,481.314898,2.629868,0.474847,0.412895,2.551712,0.483929,0.389296,2.708023
1645180869991.551,17743559543,923.715477,478.77658,2.630791,0.476945,0.41141,2.549545,0.485259,0.386551,2.712036
1645180870002.004,17743570646,923.375216,478.350127,2.631531,0.476448,0.41046,2.551254,0.485401,0.38679,2.711807
1645180870014.038,17743581749,922.467499,475.210369,2.630516,0.475612,0.407541,2.54599,0.485292,0.384477,2.715042
1645180870024.8762,17743592853,921.699486,472.700876,2.624397,0.47527,0.402543,2.539047,0.484834,0.385292,2.709747
1645180870035.4978,17743603956,922.475538,474.466503,2.630257,0.474824,0.402182,2.554245,0.486088,0.388596,2.706268
1645180870046.982,17743615060,921.238203,477.421474,2.631744,0.472974,0.407052,2.55864,0.48665,0.388651,2.704849
1645180870061.221,17743626163,922.385788,480.833155,2.637604,0.474492,0.409627,2.571121,0.486327,0.391762,2.704086
1645180870068.68,17743637266,922.876711,480.200046,2.631363,0.474173,0.408721,2.555435,0.487157,0.391612,2.707291
1645180870080.719,17743648369,922.122059,479.117489,2.624123,0.473906,0.407037,2.548645,0.486637,0.391493,2.6996
1645180870091.573,17743659472,922.978592,477.69388,2.622139,0.473808,0.408031,2.54274,0.487628,0.388125,2.701538
1645180870101.5989,17743670575,921.633911,476.240873,2.625511,0.472987,0.409796,2.549805,0.487048,0.383938,2.701218
1645180870113.6428,17743681679,920.681934,475.728303,2.629944,0.472856,0.410311,2.559525,0.486187,0.38257,2.700363
1645180870124.9211,17743692782,919.846115,474.754626,2.633629,0.470935,0.409868,2.563309,0.487238,0.38139,2.703949
1645180870135.165,17743703886,919.922018,475.093228,2.632339,0.470731,0.409496,2.561737,0.487521,0.382326,2.702942
1645180870146.823,17743714989,922.688341,474.430436,2.634239,0.473246,0.408499,2.552612,0.487888,0.382219,2.715866
1645180870158.181,17743726092,920.986004,476.150697,2.635422,0.474566,0.410696,2.554245,0.484795,0.382889,2.716599
1645180870168.3271,17743737195,921.496639,475.775528,2.633034,0.478465,0.408652,2.548859,0.481427,0.384307,2.717209
1645180870180.0352,17743748298,922.299471,478.021878,2.630608,0.477772,0.410973,2.552643,0.482956,0.38573,2.708572
1645180870191.3892,17743759401,919.611855,480.120474,2.629509,0.474504,0.410825,2.556305,0.483425,0.389376,2.702713
1645180870201.8508,17743770505,921.328011,483.383846,2.640305,0.473361,0.414026,2.566345,0.486356,0.391614,2.714264
1645180870212.999,17743781608,916.147728,482.751131,2.642418,0.469982,0.412551,2.565857,0.484339,0.392035,2.718979
1645180870224.91,17743792712,921.617031,482.351035,2.644478,0.474385,0.411943,2.564957,0.485633,0.391976,2.723999
1645180870235.2852,17743803815,920.374403,480.790526,2.642067,0.472113,0.410254,2.56546,0.48661,0.391063,2.718674
1645180870246.783,17743814918,932.754736,480.130041,2.641289,0.479142,0.408107,2.565964,0.492477,0.39211,2.716614
1645180870258.147,17743826021,947.226934,475.461513,2.637375,0.485715,0.407411,2.558731,0.500979,0.385025,2.716019
1645180870268.301,17743837124,967.256756,474.786508,2.639023,0.496072,0.406711,2.557724,0.511487,0.3846,2.720322
1645180870280.197,17743848227,971.826954,478.527135,2.654167,0.500052,0.413031,2.579544,0.512268,0.384514,2.72879
1645180870291.2732,17743859331,970.708408,480.384368,2.664986,0.500508,0.413686,2.592957,0.510647,0.386954,2.737015
1645180870301.837,17743870434,969.077654,480.46546,2.665131,0.499564,0.412606,2.594284,0.509892,0.38817,2.735977
1645180870313.579,17743881538,972.575283,477.177519,2.657417,0.501196,0.409712,2.578003,0.511903,0.385584,2.736832
1645180870324.615,17743892641,971.316862,481.228763,2.66037,0.496995,0.416704,2.588898,0.514793,0.385344,2.731842
1645180870335.649,17743903744,973.422375,484.521782,2.658615,0.497397,0.421462,2.585617,0.516584,0.386074,2.731613
1645180870346.7031,17743914847,971.495848,483.871454,2.653366,0.497522,0.420254,2.582504,0.514453,0.386198,2.724228
1645180870358.746,17743925950,972.600603,482.564253,2.643784,0.499429,0.415251,2.572403,0.513697,0.389023,2.715164
1645180870368.738,17743937054,971.196814,480.202085,2.64653,0.497461,0.412278,2.572189,0.514202,0.388059,2.720871
1645180870380.137,17743948157,969.010992,479.21108,2.648598,0.496145,0.40985,2.569763,0.513241,0.388835,2.727432
1645180870391.274,17743959260,967.573099,479.485738,2.651283,0.496007,0.411304,2.574997,0.511881,0.387839,2.72757
1645180870402.52,17743970364,968.749294,477.472866,2.645424,0.496435,0.413042,2.571045,0.512679,0.382746,2.719803
1645180870413.386,17743981467,974.206209,479.507464,2.641083,0.498475,0.416122,2.566971,0.516323,0.383058,2.715195
1645180870424.618,17743992570,975.995636,478.469825,2.640076,0.500015,0.412705,2.555283,0.516647,0.384744,2.724869
1645180870434.659,17744003673,974.381647,480.086607,2.642998,0.499949,0.413071,2.557602,0.515032,0.387074,2.728394
1645180870446.744,17744014776,971.987829,481.295675,2.647629,0.498643,0.411218,2.560318,0.513844,0.390942,2.73494
1645180870457.918,17744025880,971.096449,482.299125,2.641823,0.498366,0.413316,2.559021,0.513193,0.390516,2.724625
1645180870468.544,17744036983,974.067879,484.402353,2.640602,0.50037,0.415553,2.564072,0.514284,0.391784,2.717133
1645180870480.617,17744048086,1002.123184,485.257047,2.64283,0.515151,0.418699,2.574432,0.528728,0.390063,2.711227
1645180870491.2878,17744059190,1035.869293,480.636585,2.63327,0.532727,0.413603,2.567535,0.546304,0.387458,2.699005
1645180870502.338,17744070293,1070.694695,474.985993,2.62883,0.548414,0.40639,2.564819,0.566893,0.385253,2.692841
1645180870513.672,17744081396,1069.221382,472.894818,2.621643,0.54896,0.406617,2.55751,0.564813,0.381541,2.685776
1645180870524.7332,17744092499,1063.497047,472.315979,2.620033,0.548021,0.404906,2.551804,0.559788,0.382288,2.688263
1645180870534.771,17744103602,1069.803829,473.479539,2.617073,0.552154,0.406115,2.547897,0.562225,0.383017,2.686249
1645180870546.541,17744114706,1071.384201,475.490195,2.621559,0.552712,0.405295,2.550446,0.563313,0.387188,2.692673
1645180870557.7769,17744125809,1072.869701,479.480088,2.634468,0.549788,0.413385,2.566269,0.567784,0.385748,2.702667
1645180870568.113,17744136912,1072.833195,480.483985,2.639595,0.549692,0.415904,2.57518,0.567842,0.384902,2.70401
1645180870580.0469,17744148016,1071.329784,477.468038,2.636909,0.548653,0.415673,2.569717,0.567315,0.380107,2.704102
1645180870591.279,17744159119,1071.941471,472.892565,2.632057,0.551325,0.408635,2.55986,0.565281,0.379519,2.704254
1645180870601.437,17744170222,1070.33186,467.416424,2.630707,0.549651,0.402732,2.555237,0.565278,0.376296,2.706177
1645180870613.8252,17744181325,1074.914074,469.190437,2.631721,0.553344,0.405637,2.559708,0.566358,0.376347,2.703735
1645180870624.584,17744192428,1076.210518,470.186931,2.62429,0.555605,0.40931,2.551987,0.565447,0.374334,2.696594
1645180870635.647,17744203532,1075.557117,475.617474,2.625175,0.557944,0.414717,2.54866,0.562428,0.377979,2.701691
1645180870646.538,17744214635,1072.612152,471.704918,2.624069,0.555126,0.408911,2.548553,0.562178,0.377264,2.699585
1645180870657.916,17744225738,1069.704552,470.719457,2.63324,0.550688,0.409406,2.568542,0.563588,0.375126,2.697937
1645180870670.237,17744236842,1070.267372,467.694265,2.636635,0.548746,0.407218,2.574203,0.566116,0.372272,2.699066
1645180870680.232,17744247945,1072.154617,473.006666,2.64579,0.54917,0.41572,2.582764,0.567657,0.372624,2.708817
1645180870691.173,17744259048,1074.294949,469.385326,2.641724,0.551616,0.410586,2.561996,0.567442,0.371723,2.721451
1645180870701.414,17744270151,1076.091156,469.14382,2.64418,0.553387,0.411467,2.565704,0.567542,0.37044,2.722656
1645180870713.024,17744281254,1077.413177,470.661736,2.645309,0.555095,0.413345,2.570435,0.567211,0.371091,2.720184
1645180870724.131,17744292358,1075.201263,470.819575,2.652397,0.554234,0.411161,2.579391,0.565768,0.373538,2.725403
1645180870734.782,17744303461,1075.349178,470.368016,2.651009,0.554344,0.412418,2.574265,0.565811,0.371528,2.727753
1645180870746.822,17744314564,1072.227859,467.725199,2.651222,0.554474,0.409919,2.572784,0.56243,0.369623,2.72966
1645180870757.75,17744325668,1074.196186,469.662398,2.650482,0.555366,0.414583,2.573456,0.563588,0.368188,2.727509
1645180870768.09,17744336771,1072.213898,472.219276,2.647636,0.553763,0.414029,2.575317,0.563126,0.373003,2.719955
1645180870780.123,17744347874,1074.365101,471.11755,2.643867,0.553388,0.412484,2.567093,0.565742,0.372712,2.720642
1645180870791.091,17744358977,1073.397388,469.620395,2.638382,0.550399,0.410516,2.561859,0.567723,0.372185,2.714905
1645180870801.712,17744370080,1072.474308,465.141231,2.636215,0.5491,0.410458,2.557083,0.568061,0.364778,2.715347
1645180870812.979,17744381184,1070.800552,463.513076,2.635139,0.547,0.406254,2.562012,0.568418,0.366267,2.708267
1645180870824.125,17744392287,1072.973785,461.495304,2.630608,0.551351,0.404153,2.557999,0.56633,0.365005,2.703217
1645180870834.921,17744403390,1074.371166,463.473183,2.62336,0.552344,0.40651,2.552353,0.566793,0.365946,2.694366
1645180870846.3572,17744414494,1076.01162,463.344026,2.623756,0.554307,0.40454,2.544983,0.566539,0.3677,2.70253
1645180870857.6018,17744425597,1074.29266,466.576463,2.623474,0.551111,0.408562,2.547668,0.567944,0.369065,2.69928
1645180870868.0872,17744436700,1074.772511,468.627191,2.627129,0.551114,0.404363,2.549332,0.568441,0.376683,2.704926
1645180870879.586,17744447803,1069.139271,472.228235,2.631073,0.547791,0.412351,2.567139,0.565896,0.374696,2.695007
1645180870890.513,17744458906,1068.279762,471.210873,2.627846,0.550481,0.4086,2.558502,0.562311,0.376752,2.697189
1645180870901.294,17744470010,1065.291195,465.76944,2.620636,0.549011,0.4067,2.556396,0.560668,0.369582,2.684875
1645180870912.857,17744481113,1070.074654,467.579055,2.615524,0.551472,0.405403,2.540329,0.563189,0.373896,2.69072
1645180870924.166,17744492216,1069.673481,466.076285,2.612434,0.548504,0.403881,2.533768,0.565739,0.372913,2.691101
1645180870935.008,17744503320,1071.22736,469.439936,2.613327,0.550016,0.407395,2.534897,0.565846,0.375005,2.691757
1645180870946.2522,17744514423,1067.402573,460.108906,2.592789,0.546642,0.395757,2.50798,0.565236,0.371091,2.677597
1645180870957.376,17744525526,1068.185005,465.453261,2.593086,0.54831,0.406597,2.519272,0.564382,0.369159,2.666901
1645180870967.967,17744536629,1082.5383,471.813029,2.588501,0.555955,0.409974,2.511597,0.571689,0.376381,2.665405
1645180870979.65,17744547732,1118.831577,476.044267,2.591576,0.574312,0.415934,2.512482,0.591137,0.377473,2.67067
1645180870990.964,17744558836,1147.804985,476.45005,2.582657,0.590189,0.408259,2.501541,0.605441,0.385824,2.663773
1645180871001.417,17744569939,1176.146622,472.52267,2.567627,0.603565,0.40678,2.485107,0.621588,0.380758,2.650146
1645180871012.564,17744581042,1173.302021,473.825276,2.563957,0.605665,0.40683,2.490005,0.616525,0.382879,2.637909
1645180871024.235,17744592146,1175.077457,473.683798,2.560127,0.605771,0.411145,2.489807,0.618268,0.378328,2.630447
1645180871034.686,17744603249,1182.091312,480.397797,2.556999,0.609625,0.415573,2.489426,0.62172,0.38509,2.624573
1645180871045.892,17744614352,1178.241234,481.837159,2.557182,0.608298,0.416731,2.496567,0.619036,0.386331,2.617798
1645180871057.041,17744625455,1182.164268,482.017583,2.561737,0.607614,0.414825,2.506088,0.623807,0.388538,2.617386
1645180871067.931,17744636558,1179.974842,477.028674,2.558571,0.608166,0.410387,2.50058,0.620975,0.384661,2.616562
1645180871079.514,17744647662,1183.685703,475.225335,2.550224,0.606986,0.40754,2.477707,0.62602,0.384502,2.622742
1645180871090.525,17744658765,1179.336319,475.458169,2.542496,0.607101,0.406653,2.466156,0.621375,0.385777,2.618835
1645180871101.187,17744669868,1176.678085,476.731914,2.544434,0.605836,0.411542,2.474213,0.61987,0.383011,2.614655
1645180871113.261,17744680972,1178.442879,476.633388,2.53759,0.610017,0.415632,2.47879,0.617528,0.378757,2.59639
1645180871123.983,17744692075,1181.933956,474.716127,2.529686,0.612408,0.416016,2.469315,0.618773,0.375178,2.590057
1645180871134.61,17744703178,1182.663345,476.363629,2.527794,0.6109,0.418921,2.467392,0.621041,0.375019,2.588196
1645180871145.874,17744714281,1181.299725,475.756663,2.532326,0.608727,0.418592,2.467072,0.621794,0.374335,2.59758
1645180871157.9038,17744725384,1180.823708,476.510149,2.544266,0.608641,0.417352,2.477112,0.621383,0.376832,2.61142
1645180871167.766,17744736488,1182.706432,474.457866,2.53936,0.609583,0.410726,2.469467,0.622403,0.380037,2.609253
1645180871179.4,17744747591,1181.845264,475.233257,2.545128,0.609025,0.409698,2.477142,0.622064,0.382357,2.613113
1645180871190.484,17744758694,1183.747787,473.100257,2.541046,0.608029,0.409641,2.473328,0.625042,0.378859,2.608765
1645180871200.855,17744769798,1182.339077,472.516483,2.536324,0.607774,0.408289,2.4655,0.62383,0.379239,2.607147
1645180871212.676,17744780901,1185.213318,470.093769,2.524551,0.606779,0.406416,2.465668,0.627819,0.377073,2.583435
1645180871224.11,17744792004,1179.00032,475.459832,2.52314,0.605565,0.407945,2.463593,0.62256,0.384488,2.582687
1645180871234.438,17744803107,1178.841076,474.672407,2.518837,0.605027,0.409437,2.45665,0.622932,0.381684,2.581024
1645180871245.9468,17744814210,1172.0438,471.906692,2.512802,0.604842,0.407996,2.450119,0.616037,0.378515,2.575485
1645180871257.3682,17744825314,1175.132446,471.444315,2.510895,0.605324,0.406377,2.451599,0.618773,0.379364,2.57019
1645180871267.517,17744836417,1175.694752,476.659191,2.513565,0.606029,0.40914,2.456833,0.618653,0.385292,2.570297
1645180871281.948,17744847520,1180.50024,487.796813,2.526749,0.607948,0.421686,2.462219,0.62174,0.391309,2.591278
1645180871290.6138,17744858624,1181.819859,485.758013,2.523132,0.609516,0.422215,2.4543,0.621547,0.387382,2.591965
1645180871300.982,17744869727,1183.850441,480.636513,2.526215,0.610621,0.417022,2.46402,0.622557,0.384038,2.588409
1645180871312.397,17744880830,1184.572849,476.760721,2.527863,0.611211,0.411882,2.46608,0.622719,0.382719,2.589645
1645180871323.674,17744891933,1188.600655,481.314129,2.531891,0.611805,0.414107,2.469177,0.62632,0.388083,2.594604
1645180871334.371,17744903036,1187.74229,481.19064,2.533875,0.611846,0.41379,2.460754,0.625386,0.388194,2.606995
1645180871345.867,17744914140,1186.040497,479.223883,2.526405,0.610423,0.410409,2.443924,0.625035,0.388297,2.608887
1645180871357.6091,17744925243,1191.984615,472.22389,2.525917,0.61362,0.405863,2.440079,0.628031,0.381177,2.611755
1645180871367.858,17744936346,1228.503742,472.729057,2.531769,0.632243,0.405952,2.452728,0.647448,0.38193,2.610809
1645180871379.25,17744947450,1260.855846,474.035025,2.533348,0.648663,0.405724,2.46524,0.664729,0.384334,2.601456
1645180871390.672,17744958553,1274.367828,478.98615,2.539749,0.654402,0.409369,2.474197,0.673065,0.388941,2.605301
1645180871400.821,17744969656,1272.742367,478.911817,2.535141,0.65378,0.410454,2.468658,0.671994,0.387733,2.601624
1645180871412.597,17744980759,1272.686749,481.526059,2.545013,0.655275,0.415427,2.481415,0.67044,0.387117,2.608612
1645180871423.761,17744991862,1275.287704,486.238718,2.551643,0.658559,0.418433,2.485458,0.669866,0.391964,2.617828
1645180871434.248,17745002966,1277.455559,492.735118,2.545296,0.659794,0.426733,2.473633,0.670889,0.394492,2.616959
1645180871445.949,17745014069,1274.243832,494.765997,2.547699,0.657836,0.42811,2.483231,0.669501,0.3965,2.612167
1645180871457.0972,17745025172,1273.043175,491.231614,2.547165,0.655696,0.421982,2.485657,0.670391,0.396737,2.608673
1645180871467.567,17745036276,1274.548359,491.508543,2.550224,0.656434,0.418619,2.491791,0.67122,0.400562,2.608658
1645180871479.2312,17745047379,1276.870995,487.306112,2.547249,0.659784,0.414849,2.476379,0.67029,0.397328,2.618118
1645180871538.903,17745058482,1277.233372,487.790662,2.541962,0.660729,0.420898,2.463577,0.669723,0.392086,2.620346
1645180871539.9238,17745069585,1276.63147,481.146026,2.547813,0.661797,0.414478,2.467773,0.668028,0.387432,2.627853
1645180871540.909,17745080688,1274.825306,478.907973,2.537781,0.657118,0.406669,2.451157,0.670825,0.391511,2.624405
1645180871541.903,17745091792,1278.452339,480.505461,2.541306,0.658489,0.405792,2.456604,0.673232,0.39505,2.626007
1645180871542.9111,17745102895,1275.418968,483.170557,2.543266,0.656188,0.411437,2.45755,0.672374,0.393848,2.628983
1645180871545.899,17745113998,1274.128647,486.597866,2.550682,0.655854,0.420541,2.475479,0.671363,0.390456,2.625885
1645180871557.039,17745125102,1268.575459,484.942639,2.556213,0.653713,0.41729,2.483002,0.66772,0.390948,2.629425
1645180871567.6711,17745136205,1269.877625,484.442067,2.557358,0.65463,0.41538,2.48407,0.668159,0.392023,2.630646
1645180871579.182,17745147308,1274.352951,485.057706,2.561569,0.655122,0.415341,2.482376,0.672329,0.393089,2.640762
1645180871590.2952,17745158411,1277.011871,484.803218,2.565323,0.657148,0.417885,2.478287,0.673073,0.39012,2.652359
1645180871699.83,17745169514,1276.956081,482.946986,2.564888,0.658117,0.418249,2.476471,0.672046,0.386663,2.653305
1645180871700.848,17745180618,1276.264744,480.827254,2.574745,0.659441,0.414765,2.486282,0.670001,0.386614,2.663208
1645180871701.845,17745191721,1276.280766,475.14537,2.571472,0.658782,0.407669,2.494476,0.670678,0.38424,2.648468
1645180871702.844,17745202824,1276.339188,474.743164,2.583366,0.65753,0.403585,2.51181,0.67199,0.387653,2.654922
1645180871704.849,17745213928,1277.674198,474.426448,2.582207,0.658373,0.40663,2.518448,0.672538,0.384081,2.645966
1645180871705.842,17745225031,1278.740902,480.861712,2.589996,0.658543,0.411943,2.520996,0.673479,0.389493,2.658997
1645180871705.842,17745236134,1278.747025,485.532492,2.592178,0.656282,0.416618,2.52359,0.675746,0.392603,2.660767
1645180871707.55,17745247237,1275.583305,488.251859,2.596642,0.653956,0.415723,2.526657,0.674776,0.39803,2.666626
1645180871707.55,17745258340,1275.841885,482.914066,2.604294,0.654769,0.413284,2.53595,0.674233,0.391573,2.672638
1645180871707.55,17745269444,1276.611958,474.689931,2.608467,0.658668,0.408461,2.535721,0.671136,0.382689,2.681213
1645180871712.401,17745280547,1273.886604,470.829839,2.602455,0.658184,0.409837,2.525467,0.668781,0.374879,2.679443
1645180871723.55,17745291650,1271.145859,472.259438,2.607414,0.655561,0.409522,2.535858,0.668549,0.377577,2.67897
1645180871734.136,17745302754,1273.158932,481.562483,2.615913,0.655722,0.418463,2.549423,0.670485,0.384141,2.682404
1645180871745.93,17745313857,1278.014946,482.711917,2.622955,0.658188,0.416797,2.556595,0.673077,0.387722,2.689316
1645180871756.9312,17745324960,1280.569153,486.378229,2.614319,0.659789,0.421741,2.543152,0.674137,0.38889,2.685486
1645180871767.957,17745336063,1280.656128,481.21587,2.609436,0.659634,0.41471,2.538666,0.674383,0.387316,2.680206
1645180871779.259,17745347166,1275.763321,484.056276,2.615768,0.658276,0.416686,2.554474,0.670644,0.390075,2.677063
1645180871790.367,17745358270,1276.480522,483.224165,2.613197,0.660124,0.416183,2.549805,0.669543,0.38919,2.67659
1645180871800.711,17745369373,1274.657879,487.022299,2.619102,0.65865,0.422485,2.560776,0.669118,0.389219,2.677429
1645180871812.375,17745380476,1282.178135,480.351126,2.597389,0.66141,0.415576,2.526993,0.674192,0.385009,2.667786
1645180871823.524,17745391580,1281.210823,481.656128,2.588799,0.660062,0.41688,2.520004,0.674533,0.38588,2.657593
1645180871834.089,17745402683,1283.526649,478.644025,2.58136,0.662637,0.411565,2.51033,0.67437,0.386176,2.65239
1645180871845.713,17745413786,1280.167923,479.834443,2.590218,0.661115,0.413264,2.524658,0.672393,0.38646,2.655777
1645180871856.955,17745424889,1278.132191,479.382902,2.589767,0.659018,0.41364,2.524033,0.672369,0.385332,2.655502
1645180871868.016,17745435992,1277.035732,481.681716,2.590538,0.658054,0.415206,2.52243,0.672192,0.387596,2.658646
1645180871879.252,17745447096,1275.638638,484.814501,2.58754,0.656812,0.419216,2.523605,0.671978,0.388808,2.651474
1645180871890.406,17745458199,1277.864513,482.216388,2.591873,0.65825,0.414083,2.528214,0.672859,0.389611,2.655533
1645180871901.7488,17745469302,1285.915375,479.434133,2.579384,0.662121,0.410295,2.521103,0.677375,0.388761,2.637665
1645180871912.422,17745480406,1325.692463,481.030923,2.5783,0.682526,0.409902,2.518936,0.698404,0.391816,2.637665
1645180871924.491,17745491509,1363.262672,486.271673,2.573555,0.703203,0.414258,2.523514,0.716862,0.396195,2.623596
1645180871934.865,17745502612,1398.767738,492.066479,2.57209,0.721637,0.418421,2.520966,0.735412,0.40169,2.623215
1645180871945.752,17745513715,1392.826939,494.494379,2.574081,0.719625,0.418638,2.520493,0.731236,0.405519,2.62767
1645180871957.0042,17745524818,1393.34507,494.50348,2.575943,0.718077,0.417504,2.516754,0.733325,0.406669,2.635132
1645180871967.592,17745535922,1399.793358,495.676875,2.575241,0.722903,0.41755,2.511688,0.735215,0.408578,2.638794
1645180871979.661,17745547025,1403.398991,491.129905,2.579826,0.725256,0.414986,2.519165,0.736618,0.403564,2.640488
1645180871990.1782,17745558128,1402.595959,490.287763,2.581749,0.725484,0.415612,2.524719,0.735553,0.401534,2.638779
1645180872000.823,17745569232,1401.91412,493.527299,2.58532,0.726368,0.420029,2.530594,0.733959,0.402517,2.640045
1645180872012.196,17745580335,1400.541916,491.927862,2.571419,0.723678,0.418806,2.520386,0.73522,0.401074,2.622452
1645180872024.384,17745591438,1398.008881,492.636842,2.562927,0.721657,0.42143,2.509567,0.734602,0.399632,2.616287
1645180872034.3882,17745602541,1399.113808,489.694422,2.560486,0.721677,0.417165,2.503357,0.735734,0.398993,2.617615
1645180872045.5588,17745613644,1399.399738,494.092709,2.573242,0.723234,0.423047,2.513443,0.734475,0.400441,2.633041
1645180872056.652,17745624748,1405.367603,493.85528,2.576775,0.726081,0.422222,2.520844,0.737843,0.40087,2.632706
1645180872067.351,17745635851,1405.863419,493.449926,2.575287,0.725987,0.424561,2.525574,0.738454,0.397855,2.625
1645180872078.96,17745646954,1405.312214,496.468699,2.569061,0.726288,0.432221,2.523743,0.737579,0.395227,2.61438
1645180872089.744,17745658058,1401.326466,497.48894,2.57235,0.724205,0.431086,2.530869,0.73551,0.398062,2.613831
1645180872100.7969,17745669161,1404.333401,496.760058,2.571037,0.725026,0.43449,2.527145,0.737822,0.393443,2.614929
1645180872112.3818,17745680264,1409.101009,495.881224,2.559013,0.728027,0.42549,2.502243,0.739787,0.400978,2.615784
1645180872123.33,17745691367,1409.997139,496.304816,2.551956,0.729531,0.427418,2.490051,0.739216,0.399756,2.613861
1645180872134.171,17745702470,1406.380119,497.256696,2.548096,0.727848,0.427906,2.489685,0.737132,0.400855,2.606506
1645180872145.297,17745713574,1404.156876,497.080725,2.556137,0.727119,0.431147,2.50351,0.735544,0.397321,2.608765
1645180872156.6929,17745724677,1406.730881,496.763295,2.560432,0.727308,0.431284,2.497528,0.738037,0.396655,2.623337
1645180872168.0,17745735780,1405.439587,496.974778,2.563972,0.727412,0.429282,2.500336,0.736588,0.399009,2.627609
1645180872178.8489,17745746884,1408.509865,495.491034,2.55442,0.727371,0.42825,2.489594,0.739827,0.397569,2.619247
1645180872190.175,17745757987,1407.432632,495.358926,2.554092,0.726641,0.428123,2.492203,0.739434,0.397475,2.615982
1645180872200.313,17745769090,1408.782806,495.658118,2.552597,0.726107,0.427923,2.489136,0.741375,0.398174,2.616058
1645180872212.36,17745780193,1404.969063,493.540925,2.557838,0.725091,0.426107,2.500885,0.738419,0.396461,2.614792
1645180872223.448,17745791296,1404.478226,492.55321,2.554787,0.725592,0.423007,2.499222,0.737407,0.397915,2.610352
1645180872234.018,17745802400,1402.401524,491.511762,2.550911,0.724467,0.419328,2.498596,0.736368,0.399858,2.603226
1645180872246.263,17745813503,1396.456776,495.133638,2.549171,0.721602,0.419976,2.494003,0.733041,0.405247,2.60434
1645180872256.974,17745824606,1394.386482,496.363646,2.546936,0.721496,0.421936,2.496399,0.73099,0.405337,2.597473
1645180872267.975,17745835710,1359.208946,493.419635,2.547539,0.701078,0.41957,2.499924,0.714765,0.402796,2.595154
1645180872278.224,17745846813,1350.629139,495.364505,2.534164,0.695622,0.420638,2.480698,0.711283,0.404969,2.587631
1645180872290.031,17745857916,1087.010651,487.640369,2.536865,0.558904,0.426763,2.477631,0.573399,0.385971,2.5961
1645180872299.847,17745869019,727.871675,491.874325,2.564804,0.392083,0.423261,2.506927,0.366117,0.396529,2.622681
1645180872311.851,17745880122,727.871675,491.874325,2.564804,0.392083,0.423261,2.506927,0.366117,0.396529,2.622681
1645180872323.231,17745891226,529.303451,524.282151,2.586754,0.249737,0.455764,2.525772,0.301621,0.41804,2.647736
1645180872333.442,17745902329,468.354592,540.111834,2.571106,0.240932,0.465403,2.476929,0.246937,0.434783,2.665283
1645180872345.13,17745913432,461.684217,537.667269,2.572334,0.238082,0.463641,2.474609,0.242839,0.432471,2.670059
1645180872356.7131,17745924536,451.490922,535.434365,2.558273,0.230529,0.46556,2.460388,0.239774,0.426831,2.656158
1645180872366.873,17745935639,455.771112,534.893954,2.553726,0.234124,0.46455,2.462341,0.240638,0.42694,2.645111
1645180872378.736,17745946742,457.746305,537.465298,2.549347,0.236081,0.464684,2.459641,0.240738,0.431092,2.639053
1645180872390.041,17745957845,456.313462,540.727293,2.559311,0.235596,0.462379,2.466171,0.23973,0.438833,2.652451
1645180872400.41,17745968948,454.94698,537.335926,2.555824,0.23434,0.458854,2.45723,0.239563,0.436706,2.654419
1645180872411.57,17745980052,451.441212,534.522057,2.565002,0.230983,0.456776,2.463608,0.239269,0.434094,2.666397
1645180872423.358,17745991155,454.621181,536.545265,2.563377,0.233834,0.458597,2.466522,0.239729,0.435645,2.660233
1645180872433.482,17746002258,454.229236,540.445286,2.556175,0.233444,0.463213,2.457825,0.239711,0.437529,2.654526
1645180872445.123,17746013362,453.271294,543.639475,2.552116,0.232933,0.46507,2.46022,0.239225,0.440996,2.644012
1645180872456.774,17746024465,450.629511,541.619021,2.543617,0.231007,0.458715,2.440125,0.238399,0.443983,2.64711
1645180872466.924,17746035568,452.950859,541.622436,2.5494,0.232031,0.460452,2.446426,0.239793,0.442252,2.652374
1645180872478.635,17746046671,454.281793,540.658307,2.552185,0.235601,0.458801,2.447037,0.23761,0.442296,2.657333
1645180872490.093,17746057774,452.610168,539.903069,2.556183,0.235175,0.462743,2.464142,0.236294,0.437095,2.648224
1645180872500.117,17746068878,449.744682,539.534605,2.555733,0.234616,0.461807,2.46257,0.233868,0.437417,2.648895
1645180872512.336,17746079981,451.289706,538.568401,2.552505,0.234029,0.463815,2.462723,0.236064,0.433799,2.642288
1645180872523.143,17746091085,455.503621,537.171578,2.552002,0.233913,0.461001,2.457458,0.24057,0.434285,2.646545
1645180872533.691,17746102189,455.374475,540.059817,2.557526,0.23387,0.462707,2.464081,0.240478,0.437392,2.65097
1645180872545.083,17746113292,452.816491,541.458821,2.562645,0.230951,0.462403,2.471741,0.240733,0.440028,2.653549
1645180872556.242,17746124395,451.112194,544.330841,2.572113,0.232088,0.465625,2.490952,0.23782,0.441593,2.653275
1645180872566.877,17746135498,453.690734,542.090428,2.568176,0.232023,0.460994,2.48848,0.240571,0.44249,2.647873
1645180872577.929,17746146601,452.876801,539.659452,2.571495,0.232288,0.456785,2.486099,0.239459,0.442647,2.656891
1645180872589.938,17746157705,454.400725,537.791508,2.570267,0.233231,0.453346,2.47403,0.240103,0.442973,2.666504
1645180872600.149,17746168808,451.903381,537.181878,2.578224,0.233161,0.457073,2.479385,0.237572,0.43823,2.677063
1645180872611.816,17746179911,453.364892,538.100696,2.580696,0.234142,0.46297,2.486877,0.238113,0.433865,2.674515
1645180872623.014,17746191015,449.636393,534.890682,2.580933,0.230716,0.463428,2.493439,0.237655,0.428056,2.668427
1645180872633.75,17746202118,451.779671,533.129579,2.581993,0.231765,0.460223,2.494995,0.238839,0.428327,2.668991
1645180872644.897,17746213221,484.786119,527.217078,2.583542,0.250219,0.451848,2.490784,0.254766,0.426847,2.6763
1645180872656.549,17746224324,519.731627,525.546616,2.586769,0.268086,0.448795,2.490204,0.273301,0.427116,2.683334
1645180872666.7048,17746235427,552.256393,521.381289,2.592987,0.281494,0.444576,2.500946,0.293773,0.424393,2.685028
1645180872678.271,17746246531,549.291058,519.683719,2.591881,0.280912,0.442489,2.506714,0.291266,0.423651,2.677048
1645180872690.013,17746257634,549.188061,520.448345,2.596107,0.283585,0.442952,2.519943,0.288485,0.424462,2.672272
1645180872700.214,17746268737,556.96332,518.942195,2.59539,0.287445,0.439046,2.51799,0.292725,0.425858,2.672791
1645180872711.631,17746279841,558.874769,517.421114,2.593323,0.286854,0.439658,2.515289,0.295307,0.422711,2.671356
1645180872722.796,17746290944,555.543308,515.52794,2.586342,0.282198,0.438841,2.504333,0.296493,0.420372,2.66835
1645180872733.4968,17746302047,559.316998,519.846404,2.58168,0.284451,0.445116,2.500153,0.298171,0.421294,2.663208
1645180872744.942,17746313151,557.153006,523.08805,2.577103,0.283103,0.446764,2.496658,0.297265,0.42505,2.657547
1645180872756.376,17746324254,554.704943,524.611241,2.57811,0.282967,0.447779,2.500946,0.29485,0.426573,2.655273
1645180872766.966,17746335358,554.728975,519.285536,2.570938,0.282729,0.444209,2.491013,0.295114,0.421267,2.650864
1645180872778.016,17746346461,554.281826,517.9295,2.57238,0.283421,0.44343,2.497864,0.293956,0.419786,2.646896
1645180872789.375,17746357564,559.411812,515.598285,2.567368,0.284918,0.44091,2.486771,0.297803,0.41842,2.647964
1645180872800.17,17746368668,557.283897,517.123264,2.566048,0.283975,0.442874,2.490463,0.296529,0.418998,2.641632
1645180872811.388,17746379771,561.116867,521.408504,2.564354,0.28632,0.447897,2.481674,0.298176,0.421117,2.647034
1645180872822.546,17746390874,562.150183,522.496766,2.571861,0.28857,0.445371,2.489853,0.297003,0.425457,2.65387
1645180872833.078,17746401977,562.952557,524.426508,2.575737,0.289851,0.446227,2.494568,0.296558,0.427817,2.656906
1645180872844.811,17746413080,562.518139,523.374367,2.571724,0.289824,0.444057,2.491547,0.296133,0.428233,2.651901
1645180872855.778,17746424184,560.464354,520.345616,2.557877,0.287983,0.444566,2.48349,0.295834,0.422677,2.632263
1645180872866.8188,17746435287,561.070948,518.643057,2.551987,0.287529,0.442667,2.477921,0.29692,0.421739,2.626053
1645180872878.147,17746446390,558.630352,516.878575,2.557571,0.285362,0.440288,2.478638,0.296544,0.421176,2.636505
1645180872889.5,17746457494,557.726498,518.132937,2.558098,0.286306,0.442172,2.47876,0.294659,0.421383,2.637436
1645180872900.558,17746468597,549.194098,514.999169,2.559029,0.279432,0.441822,2.474319,0.292645,0.41651,2.643738
1645180872911.425,17746479700,537.297821,511.962247,2.561378,0.272747,0.438175,2.481262,0.286938,0.415096,2.641495
1645180872922.845,17746490803,530.233984,511.765462,2.574417,0.269582,0.44071,2.492783,0.282745,0.412233,2.656052
1645180872933.11,17746501906,522.735415,513.269663,2.582031,0.267567,0.440659,2.506363,0.276949,0.414791,2.6577
1645180872944.7751,17746513010,526.854286,513.853115,2.58036,0.270907,0.442912,2.514526,0.2779,0.41351,2.646194
1645180872956.1108,17746524113,527.29497,514.175141,2.566307,0.271902,0.442848,2.507278,0.277364,0.414111,2.625336
1645180872966.1392,17746535216,530.337496,515.878862,2.564384,0.275062,0.447227,2.504074,0.277373,0.412571,2.624695
1645180872978.142,17746546320,539.625807,520.251524,2.56675,0.279911,0.45058,2.492065,0.2822,0.416506,2.641434
1645180872989.541,17746557424,597.594137,507.701039,2.582031,0.305006,0.438325,2.501129,0.317488,0.407843,2.662933
1645180872999.394,17746568527,731.739006,484.749413,2.578438,0.367379,0.42047,2.496857,0.394849,0.387446,2.660019
1645180873012.409,17746579630,795.684071,464.033425,2.575821,0.40491,0.400633,2.495056,0.423927,0.372756,2.656586
1645180873022.771,17746590733,819.32559,459.257501,2.562675,0.417859,0.398835,2.490097,0.435605,0.366594,2.635254
1645180873033.4128,17746601837,817.896852,453.00023,2.57032,0.417833,0.392604,2.501846,0.434143,0.362396,2.638794
1645180873044.569,17746612940,828.109703,452.062082,2.573486,0.421895,0.390829,2.508896,0.44072,0.362608,2.638077
1645180873055.486,17746624043,831.142273,456.743556,2.577011,0.424282,0.392019,2.506012,0.441491,0.369221,2.64801
1645180873066.672,17746635147,826.222286,463.026649,2.575203,0.424074,0.394072,2.503555,0.436574,0.377639,2.646851
1645180873078.224,17746646250,827.003231,464.347708,2.574348,0.423993,0.395871,2.506134,0.437469,0.378042,2.642563
1645180873089.385,17746657353,828.37924,465.43107,2.572807,0.425885,0.398037,2.511749,0.43701,0.377681,2.633865
1645180873099.875,17746668456,831.038818,467.816913,2.572121,0.425286,0.401468,2.510696,0.440379,0.378226,2.633545
1645180873111.5588,17746679559,832.297726,467.213237,2.573647,0.426447,0.4028,2.511688,0.440529,0.375888,2.635605
1645180873122.65,17746690663,832.086496,464.940655,2.571907,0.425155,0.398837,2.498474,0.441602,0.376064,2.64534
1645180873133.293,17746701766,833.5322,461.34696,2.576195,0.426527,0.397108,2.498322,0.441736,0.371803,2.654068
1645180873144.774,17746712869,835.745287,463.161582,2.580994,0.427807,0.399288,2.499634,0.442761,0.372648,2.662354
1645180873156.063,17746723973,835.314875,464.52089,2.589371,0.429774,0.40116,2.515717,0.440346,0.373042,2.663025
1645180873166.984,17746735076,833.066654,466.340125,2.596008,0.426961,0.40212,2.524765,0.440816,0.375114,2.667252
1645180873178.234,17746746179,830.014973,464.891857,2.592934,0.425068,0.400234,2.515747,0.439531,0.374586,2.67012
1645180873189.314,17746757282,829.829149,465.20251,2.601662,0.424789,0.398623,2.510437,0.439616,0.376715,2.692886
1645180873199.949,17746768385,832.51565,464.471841,2.610245,0.427295,0.396222,2.522568,0.439909,0.377898,2.697922
1645180873211.543,17746779489,833.28249,463.397437,2.612564,0.427025,0.392432,2.528046,0.440978,0.379897,2.697083
1645180873222.607,17746790592,832.943945,466.455871,2.610916,0.426158,0.394874,2.530289,0.441492,0.382552,2.691544
1645180873233.1172,17746801696,827.520447,468.685502,2.614693,0.423355,0.395004,2.52681,0.438646,0.386139,2.702576
1645180873244.895,17746812800,805.25239,474.810433,2.624969,0.410661,0.402612,2.532272,0.428144,0.388739,2.717667
1645180873255.95,17746823903,789.363499,475.401646,2.634102,0.401073,0.408817,2.553757,0.42118,0.383519,2.714447
1645180873266.449,17746835006,774.543829,475.626308,2.646477,0.397956,0.413793,2.563065,0.40886,0.378918,2.729889
1645180873277.993,17746846109,780.408325,475.867671,2.657173,0.402276,0.412473,2.578537,0.410649,0.380639,2.735809
1645180873289.257,17746857212,779.953165,477.40944,2.660782,0.402453,0.413263,2.573486,0.409998,0.382419,2.748077
1645180873300.296,17746868316,774.927006,480.232251,2.665413,0.398747,0.412849,2.578766,0.408468,0.387538,2.75206
1645180873311.247,17746879419,773.91901,478.124553,2.662193,0.397426,0.410356,2.569748,0.40874,0.386518,2.754639
1645180873322.174,17746890522,774.553699,472.180456,2.666756,0.398826,0.3999,2.572678,0.408001,0.387067,2.760834
1645180873333.137,17746901626,775.551538,469.265467,2.675301,0.398446,0.396196,2.576187,0.40942,0.385913,2.774414
1645180873344.751,17746912729,775.189304,470.010495,2.682594,0.399975,0.397901,2.591461,0.407514,0.38545,2.773727
1645180873355.9128,17746923832,771.640377,469.873095,2.688522,0.396505,0.399106,2.608246,0.407287,0.384016,2.768799
1645180873366.074,17746934935,771.506166,466.945213,2.69397,0.395387,0.397899,2.61615,0.408265,0.380343,2.77179
1645180873378.042,17746946038,771.934175,466.057885,2.695496,0.393647,0.3961,2.621872,0.410452,0.380664,2.769119
1645180873389.294,17746957142,775.412693,470.150596,2.695274,0.3967,0.400407,2.613022,0.411022,0.383177,2.777527
1645180873399.228,17746968245,775.548506,472.16363,2.698547,0.396806,0.403976,2.613098,0.411057,0.382964,2.783997
1645180873411.208,17746979348,777.400732,474.479628,2.698547,0.397403,0.405925,2.608139,0.412389,0.384875,2.788956
1645180873422.563,17746990452,776.303215,470.204741,2.698494,0.395288,0.400939,2.601761,0.413361,0.382736,2.795227
1645180873432.724,17747001555,776.663132,467.786855,2.702789,0.395392,0.395948,2.604416,0.413632,0.383697,2.801163
1645180873444.633,17747012658,779.383278,468.319792,2.704514,0.397576,0.397021,2.608978,0.414282,0.383512,2.800049
1645180873455.75,17747023761,778.764982,471.301425,2.711777,0.397129,0.403789,2.626099,0.414085,0.381714,2.797455
1645180873466.197,17747034865,777.875977,474.172121,2.708244,0.395508,0.406993,2.623444,0.41478,0.383294,2.793045
1645180873478.026,17747045968,774.680872,470.980722,2.707115,0.39295,0.402037,2.616745,0.414009,0.382931,2.797485
1645180873489.048,17747057071,776.241074,471.6097,2.70813,0.393387,0.401033,2.622696,0.415198,0.384983,2.793564
1645180873499.2112,17747068175,775.094519,467.310727,2.70639,0.39386,0.39486,2.62114,0.41353,0.383992,2.791641
1645180873511.205,17747079279,773.254023,469.034958,2.705467,0.392677,0.396574,2.625,0.412796,0.385151,2.785934
1645180873522.484,17747090382,766.646004,467.156839,2.696938,0.389115,0.39281,2.614059,0.409475,0.385785,2.779816
1645180873533.002,17747101485,698.362455,479.336983,2.702591,0.357071,0.406223,2.619949,0.37039,0.392672,2.785233
1645180873544.162,17747112588,647.854815,486.804968,2.705879,0.343562,0.415028,2.6185,0.331286,0.396314,2.793259
1645180873555.687,17747123691,560.127697,501.556027,2.717659,0.289013,0.430962,2.612122,0.294453,0.404965,2.823196
1645180873566.708,17747134795,517.303133,502.237523,2.720886,0.266601,0.42827,2.606689,0.272257,0.408793,2.835083
1645180873577.836,17747145898,514.003773,506.594878,2.728661,0.263308,0.432551,2.620132,0.272112,0.411773,2.837189
1645180873589.041,17747157001,509.301338,514.766783,2.736443,0.262208,0.440989,2.633423,0.268314,0.416955,2.839462
1645180873599.4438,17747168105,503.829975,519.006532,2.72924,0.261073,0.446333,2.626633,0.26375,0.418678,2.831848
1645180873611.222,17747179208,504.003925,518.763453,2.719208,0.259597,0.447285,2.61087,0.265407,0.41732,2.827545
1645180873712.412,17747190311,504.069271,512.231326,2.710541,0.25824,0.441351,2.598007,0.266832,0.412368,2.823074
1645180873714.927,17747201414,503.623753,512.452054,2.714111,0.257558,0.438729,2.599579,0.26705,0.415358,2.828644
1645180873715.417,17747212517,502.251806,512.037975,2.719597,0.257853,0.437726,2.609436,0.265326,0.415671,2.829758
1645180873715.417,17747223621,499.393158,512.163216,2.713257,0.256423,0.435795,2.600449,0.263779,0.417811,2.826065
1645180873715.417,17747234724,496.729689,509.813958,2.706802,0.255613,0.435192,2.591599,0.261814,0.414498,2.822006
1645180873716.407,17747245827,497.507,510.031468,2.700134,0.255143,0.434885,2.580612,0.263093,0.415167,2.819656
1645180873717.4138,17747256931,499.249964,509.077871,2.699974,0.255793,0.435348,2.580322,0.264259,0.413115,2.819626
1645180873717.4138,17747268035,501.161842,510.466254,2.705376,0.256252,0.437622,2.588959,0.265791,0.413156,2.821793
1645180873717.4138,17747279138,503.172455,509.243149,2.705467,0.257981,0.437351,2.587662,0.266157,0.411387,2.823273
1645180873722.155,17747290241,502.360382,507.228541,2.700203,0.25601,0.439086,2.585999,0.267282,0.406295,2.814407
1645180873732.177,17747301344,503.94762,508.137721,2.698532,0.257324,0.440178,2.587143,0.267622,0.406718,2.809921
1645180873744.463,17747312447,505.563698,511.304569,2.707596,0.257718,0.443068,2.599167,0.268911,0.409107,2.816025
1645180873755.784,17747323551,510.712996,512.867224,2.714546,0.264297,0.443503,2.611969,0.267696,0.411276,2.817123
1645180873765.961,17747334654,509.635391,512.565815,2.712395,0.262621,0.443416,2.608368,0.268249,0.41086,2.816422
1645180873777.773,17747345758,507.440128,508.236837,2.705208,0.26144,0.441174,2.59848,0.267143,0.405887,2.811935
1645180873788.799,17747356861,504.676924,509.958726,2.702667,0.258263,0.439035,2.58754,0.267442,0.410896,2.817795
1645180873799.5442,17747367964,505.797186,510.599238,2.703651,0.258888,0.439889,2.591019,0.267984,0.41111,2.816284
1645180873810.958,17747379067,504.056168,512.972295,2.712029,0.258305,0.441195,2.608658,0.266754,0.413759,2.815399
1645180873822.572,17747390170,502.287083,509.825635,2.705284,0.25702,0.441484,2.607407,0.266195,0.408225,2.803162
1645180873832.647,17747401274,499.993916,507.854265,2.706955,0.257007,0.438855,2.602829,0.26382,0.407569,2.811081
1645180873844.2532,17747412377,497.424431,505.373651,2.705704,0.256467,0.436686,2.597427,0.261683,0.405603,2.81398
1645180873855.659,17747423480,498.747654,503.65693,2.717583,0.256203,0.433572,2.609116,0.263325,0.405856,2.82605
1645180873866.643,17747434584,502.324677,503.72386,2.721169,0.259068,0.432726,2.616852,0.264187,0.406814,2.825485
1645180873877.546,17747445687,505.648384,503.954816,2.721077,0.26098,0.431876,2.622025,0.265737,0.408048,2.820129
1645180873888.701,17747456790,504.999619,507.85659,2.728806,0.261926,0.436565,2.631638,0.264115,0.409863,2.825974
1645180873898.883,17747467893,502.378922,508.400381,2.735062,0.258706,0.436613,2.639984,0.264606,0.410721,2.830139
1645180873910.898,17747478996,500.379438,509.563333,2.742828,0.256932,0.435428,2.64949,0.264297,0.413844,2.836166
1645180873922.375,17747490100,501.775818,507.037389,2.741989,0.256916,0.431509,2.643524,0.265767,0.413553,2.840454
1645180873932.766,17747501203,497.844286,504.180425,2.745766,0.255319,0.429441,2.645264,0.263269,0.41086,2.846268
1645180873943.9238,17747512307,501.371098,502.001685,2.747459,0.255385,0.427717,2.636902,0.266877,0.408952,2.858017
1645180873955.583,17747523411,521.152296,501.165158,2.744209,0.26366,0.426714,2.640045,0.279207,0.408562,2.848373
1645180873965.936,17747534514,566.602793,500.595278,2.743202,0.28164,0.429212,2.641998,0.308571,0.405114,2.844406
1645180873977.3582,17747545617,594.25478,500.485039,2.738083,0.298598,0.431792,2.64035,0.320417,0.402349,2.835815
1645180873988.516,17747556720,602.759113,502.223217,2.73793,0.303787,0.439815,2.645782,0.324087,0.397224,2.830078
1645180873999.39,17747567823,601.739845,503.309298,2.739105,0.305439,0.438604,2.646545,0.321373,0.400245,2.831665
1645180874010.733,17747578927,603.456173,502.969748,2.739677,0.307434,0.437864,2.641586,0.321166,0.400418,2.837769
1645180874022.239,17747590030,604.547911,498.789704,2.742004,0.309486,0.430372,2.635971,0.320251,0.400944,2.848038
1645180874032.387,17747601133,601.339703,499.813181,2.739876,0.306742,0.430046,2.631454,0.319654,0.402976,2.848297
1645180874044.084,17747612237,602.93026,498.11132,2.74157,0.306008,0.429577,2.635773,0.322045,0.400609,2.847366
1645180874055.15,17747623340,604.430065,504.014593,2.741257,0.307372,0.434373,2.642548,0.322242,0.405651,2.839966
1645180874066.01,17747634443,610.45701,506.430173,2.737915,0.311305,0.438648,2.640732,0.324588,0.405403,2.835098
1645180874077.378,17747645546,608.889484,503.151512,2.740448,0.311087,0.431139,2.641617,0.323173,0.407446,2.839279
1645180874088.837,17747656649,606.856842,500.957859,2.745331,0.309805,0.429833,2.644852,0.322338,0.405097,2.84581
1645180874099.875,17747667753,607.020521,500.262916,2.74778,0.309425,0.428879,2.644363,0.322888,0.404892,2.851196
1645180874110.744,17747678856,607.145891,507.022154,2.750381,0.311183,0.4381,2.64798,0.321261,0.406937,2.852783
1645180874122.221,17747689959,606.107597,507.87347,2.749832,0.311331,0.440306,2.65271,0.320032,0.40615,2.846954
1645180874133.092,17747701063,603.328171,507.410914,2.748451,0.30922,0.437535,2.651138,0.319247,0.40815,2.845764
1645180874143.9978,17747712166,602.005348,506.129676,2.745712,0.307101,0.438453,2.657928,0.319988,0.405097,2.833496
1645180874156.026,17747723269,604.336224,504.0694,2.737228,0.307647,0.434611,2.642334,0.321869,0.405505,2.832123
1645180874165.365,17747734372,602.126627,502.334923,2.734085,0.307369,0.435883,2.635742,0.319846,0.401341,2.832428
1645180874177.39,17747745476,603.315067,502.86119,2.727554,0.306384,0.435326,2.625351,0.322069,0.402776,2.829758
1645180874188.952,17747756580,604.839048,500.810874,2.719452,0.30637,0.434326,2.612335,0.323671,0.400359,2.826569
1645180874199.127,17747767683,606.189051,503.736627,2.727135,0.308479,0.434958,2.622223,0.322968,0.404603,2.832047
1645180874210.335,17747778786,607.603283,504.390138,2.727966,0.31201,0.433067,2.619583,0.32091,0.407583,2.836349
1645180874222.105,17747789890,606.65062,506.239432,2.744797,0.311794,0.434043,2.64151,0.320134,0.409689,2.848083
1645180874232.2422,17747800993,600.595293,507.772332,2.744453,0.30793,0.43625,2.643265,0.31769,0.410038,2.845642
1645180874243.871,17747812096,603.047619,508.719993,2.742485,0.307559,0.438798,2.644165,0.320615,0.409068,2.840805
1645180874255.418,17747823199,547.721472,522.10781,2.735596,0.276826,0.452606,2.628036,0.293717,0.417574,2.843155
1645180874265.885,17747834302,496.963205,535.541064,2.744232,0.253991,0.467709,2.630447,0.263679,0.42486,2.858017
1645180874277.09,17747845406,493.799429,535.057873,2.753716,0.253884,0.463488,2.644699,0.260491,0.428275,2.862732
1645180874288.962,17747856509,496.778097,538.087124,2.757889,0.257206,0.463171,2.641495,0.260271,0.43364,2.874283
1645180874299.103,17747867612,493.794565,541.070634,2.759583,0.255136,0.463398,2.64856,0.259234,0.438386,2.870605
1645180874310.7468,17747878716,487.454939,542.2041,2.75914,0.251037,0.465309,2.642761,0.256729,0.438364,2.875519
1645180874319.9612,17747889819,481.750917,534.129006,2.747688,0.245773,0.460877,2.642136,0.256051,0.429338,2.853241
1645180874332.561,17747900922,480.433817,530.61018,2.747467,0.244807,0.457487,2.636276,0.255645,0.426863,2.858658
1645180874343.906,17747912025,485.61965,532.42237,2.753937,0.248962,0.459888,2.6436,0.256892,0.427483,2.864273
1645180874355.4512,17747923129,493.363781,542.579305,2.763542,0.255589,0.466665,2.646332,0.258332,0.437634,2.880753
1645180874365.712,17747934232,491.536016,542.883682,2.761223,0.255163,0.46603,2.649078,0.256854,0.438776,2.873367
1645180874377.172,17747945335,489.627457,543.334347,2.75473,0.251766,0.46719,2.64003,0.258263,0.438367,2.869431
1645180874388.631,17747956438,485.494695,541.707623,2.755356,0.247908,0.467114,2.642303,0.257816,0.435732,2.868408
1645180874399.382,17747967542,486.851835,542.763609,2.752884,0.247924,0.467116,2.636673,0.259214,0.43749,2.869095
1645180874410.424,17747978646,483.122392,541.599941,2.754333,0.24687,0.464982,2.644196,0.256382,0.437684,2.864471
1645180874421.895,17747989749,510.699234,539.24818,2.751083,0.25947,0.461314,2.643875,0.272508,0.437433,2.858292
1645180874432.523,17748000852,602.089262,527.195942,2.746239,0.297266,0.453553,2.637222,0.32991,0.425107,2.855255
1645180874444.233,17748011955,670.169334,520.27908,2.735519,0.337147,0.445517,2.621994,0.360946,0.421615,2.849045
1645180874455.132,17748023059,701.49725,513.269931,2.725365,0.355925,0.442141,2.619232,0.374801,0.413309,2.831497
1645180874466.168,17748034162,698.048744,516.891986,2.706879,0.357195,0.44378,2.607071,0.369939,0.417707,2.806686
1645180874476.5269,17748045265,702.395296,515.264082,2.708237,0.358593,0.445519,2.608444,0.373068,0.413254,2.808029
1645180874488.508,17748056369,710.375834,516.010648,2.705696,0.362661,0.446579,2.603485,0.377314,0.413438,2.807907
1645180874499.028,17748067472,708.487043,515.240496,2.710449,0.363462,0.443285,2.60788,0.374545,0.415449,2.813019
1645180874510.5369,17748078575,709.258976,513.225853,2.700706,0.364067,0.440289,2.592331,0.374744,0.415087,2.809082
1645180874521.7432,17748089678,706.882753,517.805314,2.710442,0.362453,0.444645,2.613754,0.373883,0.418364,2.807129
1645180874532.548,17748100781,713.574858,517.446381,2.704857,0.365554,0.444347,2.605484,0.377754,0.418064,2.80423
1645180874543.966,17748111885,712.874937,521.477133,2.711906,0.364398,0.444117,2.608383,0.37818,0.425012,2.81543
1645180874555.098,17748122988,713.124418,516.329885,2.696281,0.365567,0.434895,2.577286,0.377271,0.425655,2.815277
1645180874565.6309,17748134091,710.438347,518.139982,2.694748,0.36205,0.437296,2.574417,0.37799,0.426271,2.815079
1645180874577.065,17748145195,708.022013,517.672992,2.691216,0.360539,0.441145,2.576447,0.376984,0.421644,2.805984
1645180874588.217,17748156298,713.139811,517.233986,2.695183,0.365289,0.441387,2.582138,0.377565,0.42067,2.808228
1645180874598.732,17748167401,709.429808,516.832656,2.699883,0.36557,0.443638,2.592484,0.37342,0.41775,2.807281
1645180874610.396,17748178505,712.708797,513.850772,2.696938,0.368538,0.438143,2.583878,0.373867,0.418275,2.809998
1645180874621.775,17748189608,710.89797,513.669437,2.6922,0.364866,0.440508,2.574188,0.375652,0.415607,2.810211
1645180874631.854,17748200711,717.462473,516.568279,2.689308,0.367887,0.441274,2.569885,0.379469,0.419673,2.808731
1645180874643.807,17748211814,717.823877,518.845403,2.688675,0.369797,0.44604,2.578751,0.377936,0.418702,2.798599
1645180874655.141,17748222918,715.569849,524.605876,2.699966,0.368496,0.450513,2.59523,0.376889,0.42383,2.804703
1645180874665.302,17748234022,712.96011,522.48947,2.69928,0.366958,0.451342,2.590973,0.375709,0.419474,2.807587
1645180874677.317,17748245125,710.195675,518.710077,2.706367,0.365495,0.446989,2.594345,0.374292,0.417528,2.81839
1645180874688.421,17748256228,712.786818,513.712764,2.706429,0.369127,0.442433,2.596893,0.373359,0.413755,2.815964
1645180874698.8362,17748267331,709.898901,511.693597,2.71125,0.368676,0.439648,2.601608,0.370802,0.413174,2.820892
1645180874710.356,17748278434,711.426287,512.247705,2.702782,0.368675,0.439082,2.587997,0.372394,0.414664,2.817566
1645180874721.511,17748289538,707.774048,515.567529,2.702332,0.365792,0.43876,2.593521,0.371473,0.420519,2.811142
1645180874732.167,17748300641,711.287327,513.129222,2.704041,0.367395,0.43497,2.601593,0.373529,0.420246,2.806488
1645180874743.734,17748311744,709.429722,514.99064,2.708672,0.366404,0.436895,2.615128,0.372585,0.421423,2.802216
1645180874754.949,17748322848,708.980455,514.042979,2.704727,0.365808,0.439135,2.600967,0.372713,0.417603,2.808487
1645180874765.353,17748333951,707.86623,513.918024,2.704597,0.363038,0.437934,2.597488,0.374323,0.418596,2.811707
1645180874777.3918,17748345054,709.017277,513.83087,2.710762,0.364085,0.437222,2.597458,0.374475,0.419163,2.824066
1645180874787.711,17748356158,713.104076,511.951089,2.716553,0.365452,0.435641,2.612991,0.377365,0.417611,2.820114
1645180874798.847,17748367261,711.747637,515.243769,2.716805,0.366502,0.441403,2.612061,0.374901,0.417336,2.821548
1645180874810.313,17748378364,722.965765,512.579584,2.710945,0.369857,0.440309,2.613617,0.383232,0.41399,2.808273
1645180874821.626,17748389467,747.233906,505.726075,2.708145,0.381693,0.436642,2.597046,0.396676,0.406235,2.819244
1645180874832.657,17748400570,774.180794,502.330935,2.707077,0.395533,0.436824,2.593765,0.410906,0.400395,2.820389
1645180874843.8289,17748411674,782.412758,503.700668,2.708961,0.403018,0.434829,2.589981,0.411995,0.404672,2.827942
1645180874854.861,17748422777,778.809128,505.202007,2.709808,0.403694,0.43446,2.593536,0.407566,0.407543,2.82608
1645180874865.298,17748433880,783.69195,502.558154,2.7099,0.403009,0.430003,2.596375,0.413337,0.407594,2.823425
1645180874876.939,17748444984,784.682751,500.816649,2.701195,0.402759,0.431684,2.590683,0.414619,0.403011,2.811707
1645180874888.093,17748456087,782.399025,501.677781,2.704109,0.400907,0.429794,2.599228,0.414092,0.406336,2.80899
1645180874898.714,17748467191,781.877117,502.445322,2.705147,0.401909,0.426283,2.596817,0.412546,0.411125,2.813477
1645180874910.7202,17748478294,784.331589,502.339143,2.713898,0.401686,0.426752,2.608109,0.415327,0.41048,2.819687
1645180874921.5132,17748489397,787.93499,505.581111,2.708496,0.403141,0.428774,2.590103,0.417625,0.413861,2.826889
1645180874932.1511,17748500501,790.061073,508.762085,2.710106,0.405469,0.433478,2.595474,0.417511,0.414459,2.824738
1645180874943.27,17748511604,787.359009,510.175806,2.710152,0.406081,0.435534,2.594574,0.414085,0.414759,2.825729
1645180874955.075,17748522707,784.640779,510.870963,2.714523,0.404256,0.439882,2.612488,0.413078,0.41157,2.816559
1645180874965.1748,17748533810,781.214132,511.93791,2.713974,0.400885,0.443775,2.615738,0.41288,0.409455,2.81221
1645180874976.919,17748544913,781.846418,510.400844,2.712914,0.401016,0.439995,2.615356,0.413407,0.410673,2.810471
1645180874987.8591,17748556017,784.258118,508.045435,2.712074,0.40139,0.436705,2.609451,0.415545,0.410037,2.814697
1645180874998.648,17748567120,784.069433,507.572758,2.70916,0.402168,0.432798,2.605591,0.414571,0.413157,2.812729
1645180875010.17,17748578223,786.054411,510.331839,2.713295,0.402413,0.434768,2.608917,0.416394,0.415785,2.817673
1645180875021.688,17748589327,784.055815,508.693707,2.709862,0.401894,0.435867,2.612289,0.414831,0.411956,2.807434
1645180875031.851,17748600430,785.921316,507.602888,2.706902,0.401098,0.435988,2.602966,0.41757,0.410017,2.810837
1645180875043.479,17748611534,784.789753,507.322508,2.704063,0.40161,0.438919,2.601776,0.415879,0.406619,2.806351
1645180875054.81,17748622637,784.458389,513.693005,2.705223,0.402341,0.439152,2.596741,0.414803,0.417003,2.813705
1645180875064.916,17748633740,789.298182,513.822359,2.713364,0.406429,0.437621,2.610626,0.415757,0.41875,2.816101
1645180875076.673,17748644843,787.679243,508.950001,2.719002,0.405854,0.427275,2.617218,0.414645,0.420975,2.820786
1645180875088.0,17748655946,788.538837,504.311085,2.728165,0.407948,0.424596,2.626785,0.413447,0.415923,2.829544
1645180875098.037,17748667049,782.190943,504.774606,2.734512,0.403795,0.424765,2.633423,0.410987,0.416526,2.835602
1645180875110.093,17748678153,781.456633,507.439703,2.742294,0.402976,0.428315,2.646545,0.411042,0.417418,2.838043
1645180875121.289,17748689256,782.875357,506.345576,2.736549,0.402393,0.425061,2.638275,0.413102,0.418849,2.834824
1645180875131.9128,17748700360,786.947908,502.969444,2.732895,0.404462,0.421899,2.628723,0.415275,0.416384,2.837067
1645180875143.819,17748711463,785.853624,502.621007,2.724182,0.403979,0.422823,2.620316,0.414619,0.414879,2.828049
1645180875154.815,17748722566,782.539587,499.972701,2.728867,0.40192,0.42051,2.631271,0.413225,0.412778,2.826462
1645180875164.967,17748733670,782.793446,503.330147,2.733032,0.401906,0.422036,2.638351,0.413504,0.416847,2.827713
1645180875176.873,17748744773,795.287161,506.066,2.734253,0.406959,0.425457,2.629822,0.421465,0.417986,2.838684
1645180875188.036,17748755876,839.96026,510.482186,2.730835,0.429741,0.429459,2.623657,0.445218,0.421345,2.838013
1645180875198.3582,17748766980,886.457777,509.137076,2.729111,0.453806,0.434023,2.625015,0.469588,0.414538,2.833206
1645180875210.386,17748778083,910.125418,507.121217,2.738075,0.468893,0.429024,2.633453,0.479154,0.416178,2.842697
1645180875221.126,17748789186,902.043314,507.308936,2.739342,0.465034,0.432852,2.636795,0.474594,0.412663,2.841888
1645180875231.882,17748800290,903.354921,507.684249,2.733971,0.464088,0.431763,2.631638,0.476907,0.414377,2.836304
1645180875243.494,17748811393,900.948858,503.453583,2.731346,0.461121,0.430763,2.631424,0.477367,0.408326,2.831268
1645180875254.5012,17748822496,901.235332,507.744491,2.731529,0.461865,0.437721,2.63031,0.476922,0.40852,2.832748
1645180875265.022,17748833599,900.538416,507.895052,2.73893,0.461358,0.437969,2.63858,0.476703,0.408522,2.839279
1645180875276.6,17748844702,902.134523,507.249355,2.731949,0.464051,0.438603,2.633057,0.475673,0.406812,2.830841
1645180875287.955,17748855806,902.088718,504.500163,2.727211,0.464998,0.432329,2.619186,0.474677,0.408504,2.835236
1645180875298.411,17748866909,902.228394,502.807993,2.713699,0.46561,0.431147,2.604782,0.474211,0.406866,2.822617
1645180875309.8818,17748878013,903.363161,503.666478,2.703766,0.465526,0.430888,2.585663,0.475478,0.408557,2.821869
1645180875320.903,17748889116,904.132576,497.981894,2.704407,0.465417,0.42084,2.594086,0.476387,0.40913,2.814728
1645180875331.88,17748900219,906.636257,499.013579,2.708321,0.466482,0.423741,2.596695,0.477931,0.407949,2.819946
1645180875343.129,17748911322,904.496584,495.414841,2.704163,0.465225,0.421022,2.597061,0.476959,0.404669,2.811264
1645180875354.647,17748922425,902.337341,498.686635,2.69973,0.463146,0.428782,2.592377,0.476789,0.402362,2.807083
1645180875364.8938,17748933529,897.831202,496.159869,2.692085,0.461238,0.424989,2.590775,0.474003,0.401944,2.793396
1645180875376.932,17748944633,899.572878,500.632668,2.702827,0.460714,0.423098,2.599457,0.476341,0.41129,2.806198
1645180875387.831,17748955736,900.771818,500.046265,2.701912,0.461501,0.421179,2.596359,0.476803,0.412231,2.807465
1645180875398.19,17748966839,885.813475,507.229096,2.710228,0.454214,0.428226,2.609985,0.468508,0.417156,2.810471
1645180875410.2358,17748977942,871.331034,509.110129,2.699951,0.448484,0.437365,2.603088,0.459152,0.411152,2.796814
1645180875421.04,17748989045,858.023643,511.226302,2.699974,0.441289,0.437219,2.602692,0.452486,0.414824,2.797256
1645180875431.671,17749000149,858.894081,507.630408,2.698853,0.441289,0.431643,2.59552,0.453392,0.414408,2.802185
1645180875443.554,17749011252,862.289572,504.597634,2.699898,0.443993,0.430218,2.596878,0.454226,0.410778,2.802917
1645180875454.438,17749022355,862.685595,504.348528,2.702293,0.445341,0.427539,2.595291,0.45329,0.413042,2.809296
1645180875464.8809,17749033459,861.04022,505.509764,2.702538,0.445271,0.429381,2.59668,0.451646,0.413135,2.808395
1645180875475.912,17749044563,858.117056,504.566503,2.705704,0.442652,0.425576,2.59967,0.45122,0.415368,2.811737
1645180875488.238,17749055666,858.398123,501.398849,2.704956,0.442741,0.423398,2.598343,0.451424,0.412266,2.811569
1645180875498.402,17749066769,859.037561,500.912189,2.705086,0.441899,0.423789,2.594543,0.452931,0.411064,2.815628
1645180875510.186,17749077872,857.97718,502.981567,2.704384,0.441171,0.427568,2.59523,0.452555,0.410735,2.813538
1645180875521.187,17749088975,858.081293,507.529789,2.698097,0.439155,0.437427,2.593689,0.454679,0.408456,2.802505
1645180875531.586,17749100078,856.339703,507.6823,2.697289,0.439184,0.436343,2.594055,0.452837,0.409795,2.800522
1645180875543.063,17749111181,860.49511,512.958437,2.701546,0.441461,0.436528,2.593628,0.454888,0.418403,2.809464
1645180875554.353,17749122285,858.812313,509.481686,2.708443,0.441562,0.431773,2.607269,0.453035,0.417364,2.809616
1645180875565.409,17749133389,860.916796,512.256056,2.703415,0.442698,0.433807,2.600342,0.454091,0.419953,2.806488
1645180875576.314,17749144492,889.441223,512.468702,2.702927,0.459494,0.43483,2.599625,0.467008,0.419285,2.806229
1645180875587.48,17749155595,929.301481,513.338739,2.700974,0.478798,0.437673,2.599335,0.489224,0.417891,2.802612
1645180875598.1309,17749166698,978.094482,505.254006,2.695107,0.503649,0.432764,2.596924,0.5152,0.409326,2.793289
1645180875609.542,17749177802,983.228188,501.331437,2.693314,0.507372,0.429915,2.604492,0.516824,0.405637,2.782135
1645180875721.656,17749188905,980.386276,500.554866,2.678238,0.507185,0.424973,2.583908,0.514051,0.409286,2.772568
1645180875722.644,17749200008,986.358147,502.322978,2.672241,0.50824,0.425293,2.579468,0.519217,0.411912,2.765015
1645180875723.6472,17749211112,987.773724,500.26862,2.668877,0.507053,0.419703,2.565735,0.521878,0.414078,2.772018
1645180875724.646,17749222215,985.346718,502.521443,2.6772,0.505895,0.42348,2.579742,0.520508,0.414056,2.774658
1645180875724.646,17749233318,984.671803,502.540451,2.674789,0.506098,0.423393,2.580139,0.519602,0.414174,2.76944
1645180875724.646,17749244422,984.38839,504.075354,2.667572,0.506958,0.426371,2.577042,0.518447,0.413754,2.758102
1645180875724.646,17749255525,984.983253,501.623726,2.655975,0.507563,0.42196,2.561951,0.518461,0.414079,2.75
1645180875725.641,17749266628,985.426426,507.003003,2.644646,0.506599,0.426452,2.550735,0.519886,0.418553,2.738556
1645180875726.6418,17749277731,988.028927,512.582499,2.649521,0.510074,0.434743,2.561386,0.519123,0.419562,2.737656
1645180875726.6418,17749288834,992.647419,512.401128,2.646149,0.511689,0.438238,2.559357,0.522318,0.415763,2.732941
1645180875731.3271,17749299939,994.200325,510.026461,2.645607,0.514513,0.435271,2.559174,0.521112,0.414773,2.73204
1645180875742.889,17749311042,990.127945,505.479044,2.63652,0.510265,0.428892,2.544037,0.521118,0.413573,2.729004
1645180875753.928,17749322145,986.320324,510.025138,2.643005,0.508966,0.434059,2.554718,0.518451,0.415983,2.731293
1645180875764.7432,17749333248,986.573296,511.141098,2.643547,0.509922,0.438509,2.549744,0.517759,0.413393,2.73735
1645180875776.156,17749344351,988.371506,511.750209,2.640182,0.512012,0.442116,2.550629,0.517541,0.410801,2.729736
1645180875787.503,17749355454,987.334213,511.430204,2.633232,0.511849,0.439426,2.537766,0.516625,0.412957,2.728699
1645180875798.5488,17749366557,985.137634,515.406543,2.629448,0.51002,0.438261,2.542297,0.516165,0.420749,2.716599
1645180875809.5652,17749377660,985.530968,518.345082,2.631111,0.509161,0.439519,2.540298,0.517434,0.42439,2.721924
1645180875820.8562,17749388765,986.25927,515.905935,2.629189,0.508476,0.437542,2.543884,0.518877,0.422301,2.714493
1645180875831.394,17749399868,985.348434,512.263387,2.628746,0.507248,0.435316,2.537598,0.519157,0.418456,2.719894
1645180875842.5542,17749410971,983.350468,509.592175,2.624161,0.506619,0.433941,2.530838,0.517705,0.41538,2.717484
1645180875853.994,17749422074,983.612881,513.305032,2.628029,0.504815,0.440536,2.547882,0.519782,0.414972,2.708176
1645180875864.612,17749433177,988.041687,514.715499,2.622765,0.507304,0.442605,2.542343,0.521906,0.415254,2.703186
1645180875875.677,17749444281,990.223846,518.372458,2.628365,0.507594,0.446726,2.549454,0.523889,0.417228,2.707275
1645180875887.26,17749455384,994.343891,515.222132,2.628792,0.513035,0.439493,2.529572,0.52274,0.419211,2.728012
1645180875897.9458,17749466487,988.136673,514.017195,2.633423,0.510873,0.436264,2.536682,0.518436,0.420431,2.730164
1645180875909.3882,17749477592,991.21994,510.244203,2.624825,0.513184,0.430031,2.525513,0.519337,0.420376,2.724136
1645180875920.53,17749488695,988.314114,511.241162,2.618828,0.511136,0.430475,2.51799,0.518358,0.421594,2.719666
1645180875931.109,17749499798,994.018192,509.355497,2.610207,0.514123,0.430831,2.509354,0.521313,0.418095,2.71106
1645180875942.7742,17749510901,989.311466,510.237569,2.603691,0.511923,0.432599,2.501175,0.51861,0.417797,2.706207
1645180875954.664,17749522004,987.556057,509.344268,2.605247,0.510312,0.43598,2.502747,0.518392,0.412927,2.707748
1645180875964.636,17749533107,994.068947,512.281448,2.606842,0.512573,0.441614,2.510651,0.522916,0.412188,2.703033
1645180875975.7112,17749544210,1037.253342,515.280801,2.624329,0.536056,0.445633,2.538254,0.544416,0.413169,2.710403
1645180875987.0542,17749555313,1071.07235,512.613881,2.61512,0.556388,0.441143,2.53775,0.559312,0.413214,2.69249
1645180875998.007,17749566418,1116.176147,513.473511,2.605026,0.577856,0.440963,2.525146,0.584828,0.414827,2.684906
1645180876009.608,17749577521,1108.595753,508.746636,2.595314,0.573998,0.435944,2.506836,0.58079,0.411967,2.683792
1645180876020.287,17749588624,1115.907555,511.144406,2.596001,0.576795,0.439122,2.511658,0.585608,0.412785,2.680344
1645180876031.2742,17749599727,1120.162697,507.821041,2.589333,0.57813,0.438533,2.511078,0.588706,0.407836,2.667587
1645180876043.322,17749610830,1120.949764,507.938665,2.584824,0.580244,0.437238,2.517471,0.587412,0.409326,2.652176
1645180876054.044,17749621933,1118.325291,509.386146,2.577286,0.576909,0.440524,2.509293,0.588014,0.408452,2.645279
1645180876065.094,17749633036,1119.373112,509.342051,2.575493,0.577523,0.440379,2.502151,0.58849,0.408524,2.648834
1645180876076.106,17749644140,1120.818272,510.29368,2.578125,0.576417,0.443016,2.503372,0.591102,0.407473,2.652878
1645180876087.374,17749655244,1120.95417,508.021939,2.578003,0.577065,0.437679,2.501221,0.590596,0.409025,2.654785
1645180876098.0798,17749666347,1116.773701,508.943957,2.573616,0.574356,0.436578,2.494583,0.58895,0.411662,2.652649
1645180876109.188,17749677450,1119.644222,509.127045,2.566719,0.577119,0.438017,2.496384,0.589177,0.410528,2.637054
1645180876120.627,17749688553,1121.141396,508.623183,2.562744,0.579236,0.440434,2.4879,0.58862,0.407272,2.637589
1645180876131.219,17749699657,1125.034275,512.526441,2.564194,0.582052,0.441573,2.491241,0.589859,0.412638,2.637146
1645180876142.163,17749710760,1123.002377,510.33116,2.566704,0.581138,0.441783,2.490555,0.588656,0.408769,2.642853
1645180876153.84,17749721863,1119.937077,509.995705,2.56826,0.579368,0.438822,2.495316,0.587233,0.411171,2.641205
1645180876164.338,17749732967,1117.446213,531.588167,2.548401,0.579334,0.44893,2.494843,0.584672,0.43705,2.601959
1645180876174.387,17749744071,1124.406567,548.605281,2.515625,0.582752,0.455967,2.469315,0.588504,0.458375,2.561935
1645180876185.864,17749755174,1114.942532,605.091423,2.464577,0.580429,0.481039,2.443161,0.58097,0.527447,2.485992
1645180876195.894,17749766277,,,,,,,,,
1645180876207.324,17749777380,,,,,,,,,
1645180876218.438,17749788483,,,,,,,,,
1645180876229.384,17749799586,,,,,,,,,
1645180876240.791,17749810689,,,,,,,,,
1645180876251.832,17749821793,,,,,,,,,
1645180876262.719,17749832897,,,,,,,,,
1645180876274.558,17749844000,,,,,,,,,
1645180876287.868,17749855103,,,,0.698332,0.503406,1.993698,,,
1645180876297.865,17749866206,1291.238022,690.341485,1.891136,0.653198,0.533203,2.129654,0.691841,0.617367,1.652618
1645180876309.0562,17749877309,1170.101452,740.083015,2.461807,0.625356,0.495134,2.302505,0.5935,0.738338,2.621109
1645180876320.545,17749888413,1140.154896,623.706615,2.544174,0.591175,0.457878,2.502365,0.596486,0.581633,2.585983
1645180876330.7969,17749899516,1112.154751,588.935351,2.646477,0.585139,0.444254,2.54155,0.573355,0.537305,2.751404
1645180876342.801,17749910619,1126.669006,532.117099,2.590248,0.583013,0.444429,2.546539,0.590601,0.442432,2.633957
1645180876353.871,17749921723,1124.436436,516.008306,2.63932,0.5769,0.454417,2.579025,0.594388,0.405597,2.699615
1645180876364.9111,17749932827,1118.779736,491.779393,2.666962,0.573957,0.438276,2.598495,0.591439,0.381356,2.735428
1645180876375.57,17749943930,1119.87711,497.991228,2.646637,0.578735,0.441115,2.586853,0.587803,0.388871,2.706421
1645180876387.23,17749955033,1118.616714,514.409584,2.625145,0.580128,0.447177,2.56279,0.585098,0.410172,2.6875
1645180876397.604,17749966136,1122.26841,515.2511,2.631203,0.580838,0.454673,2.570129,0.588192,0.404079,2.692276
1645180876408.949,17749977239,1120.180721,519.893789,2.631058,0.576033,0.458504,2.569717,0.590822,0.407985,2.692398
1645180876420.5662,17749988343,1126.85051,510.914361,2.619576,0.582191,0.44712,2.54248,0.591611,0.404404,2.696671
1645180876430.9932,17749999446,1124.061069,507.230294,2.612633,0.579659,0.439816,2.530167,0.591238,0.405568,2.695099
1645180876442.856,17750010550,1122.039528,504.922003,2.621529,0.578564,0.435213,2.529144,0.590227,0.406324,2.713913
1645180876453.6929,17750021653,1117.26162,509.35244,2.621635,0.576877,0.440948,2.537384,0.586937,0.407973,2.705887
1645180876464.159,17750032756,1119.00959,510.804427,2.624458,0.579176,0.448637,2.541992,0.586459,0.402704,2.706924
1645180876475.836,17750043859,1119.167118,506.199414,2.620216,0.580239,0.445153,2.539825,0.58556,0.398513,2.700607
1645180876486.882,17750054962,1121.791306,506.582576,2.621048,0.580941,0.445837,2.544189,0.587592,0.398468,2.697906
1645180876497.535,17750066065,1123.47908,510.524619,2.625153,0.582272,0.444008,2.549194,0.588019,0.406867,2.701111
1645180876509.229,17750077169,1126.19585,514.510399,2.639275,0.58425,0.452207,2.571075,0.588871,0.40531,2.707474
1645180876520.3298,17750088272,1125.670223,507.885092,2.650002,0.582222,0.448498,2.579071,0.590351,0.397977,2.720932
1645180876530.8472,17750099376,1126.710033,505.522156,2.651451,0.582146,0.444348,2.583893,0.59151,0.398189,2.719009
1645180876542.4358,17750110479,1126.307487,506.056952,2.654922,0.581092,0.444804,2.587204,0.592145,0.398625,2.722641
1645180876553.828,17750121582,1128.709145,505.33517,2.65004,0.581404,0.443682,2.577896,0.594335,0.398543,2.722183
1645180876564.879,17750132685,1129.129314,502.925062,2.656174,0.579969,0.440757,2.583359,0.596208,0.397452,2.728989
1645180876575.803,17750143789,1130.2145,503.320098,2.65786,0.58318,0.440214,2.585297,0.594127,0.398653,2.730423
1645180876587.137,17750154892,1125.879879,507.680511,2.665184,0.582538,0.440227,2.593063,0.590254,0.405908,2.737305
1645180876597.467,17750165996,1126.561146,509.632516,2.665138,0.584213,0.444961,2.590347,0.589288,0.404427,2.739929
1645180876609.51,17750177099,1126.558399,513.035756,2.66745,0.581428,0.443591,2.592056,0.59207,0.411468,2.742844
1645180876620.306,17750188203,1128.850021,514.32234,2.662094,0.580891,0.448962,2.591309,0.594995,0.408242,2.73288
1645180876630.921,17750199306,1127.980213,517.324519,2.661301,0.580513,0.453364,2.59285,0.594466,0.408844,2.729752
1645180876642.875,17750210409,1129.152431,513.651878,2.650986,0.580478,0.451633,2.56636,0.595722,0.404453,2.735611
1645180876653.6409,17750221512,1129.513264,515.655595,2.657318,0.58272,0.453483,2.575958,0.593856,0.405943,2.738678
1645180876664.61,17750232615,1125.293198,513.357425,2.655647,0.580622,0.448902,2.573212,0.591559,0.406693,2.738083
1645180876675.599,17750243718,1122.914543,513.515335,2.654549,0.58135,0.452997,2.589355,0.588353,0.402862,2.719742
1645180876686.958,17750254822,1123.28167,508.027142,2.653748,0.582617,0.444758,2.587097,0.587468,0.401954,2.720398
1645180876697.298,17750265925,1123.931465,507.397217,2.644951,0.581836,0.445956,2.580811,0.588925,0.399706,2.709091
1645180876709.2532,17750277029,1125.682468,508.392334,2.647408,0.58221,0.44728,2.583511,0.590376,0.400041,2.711304
1645180876720.389,17750288132,1126.724682,508.741772,2.633369,0.580253,0.448098,2.573517,0.593418,0.399805,2.693222
1645180876730.562,17750299235,1125.53484,508.371288,2.633568,0.580214,0.444639,2.563065,0.592219,0.402646,2.704071
1645180876742.41,17750310338,1121.967716,502.987343,2.617569,0.578097,0.434838,2.539322,0.590619,0.403475,2.695816
1645180876751.579,17750321441,1118.754215,502.494478,2.613167,0.580153,0.433547,2.526459,0.585216,0.403944,2.699875
1645180876763.823,17750332544,1119.765587,499.536252,2.609695,0.58141,0.432691,2.529022,0.585013,0.39987,2.690369
1645180876775.592,17750343648,1123.852386,502.894056,2.616005,0.583264,0.438019,2.541763,0.587416,0.400137,2.690247
1645180876786.825,17750354751,1122.295818,503.807259,2.618507,0.576419,0.441421,2.549438,0.59264,0.398258,2.687576
1645180876796.931,17750365855,1125.862598,509.184837,2.617958,0.576724,0.445338,2.546951,0.59605,0.403303,2.688965
1645180876808.798,17750376958,1122.835922,508.542931,2.620811,0.573161,0.440409,2.541046,0.596459,0.407162,2.700577
1645180876820.134,17750388062,1125.718403,510.579568,2.621864,0.578365,0.439499,2.545197,0.594259,0.411467,2.698532
1645180876830.812,17750399165,1121.933784,508.418226,2.612152,0.576507,0.437782,2.538467,0.592174,0.409582,2.685837
1645180876842.187,17750410268,1121.950607,510.878581,2.615265,0.577425,0.444638,2.548264,0.591274,0.406826,2.682266
1645180876853.414,17750421372,1122.369232,509.192812,2.61158,0.577613,0.443389,2.539871,0.591522,0.405266,2.683289
1645180876863.564,17750432475,1125.227852,512.072772,2.616226,0.580005,0.447645,2.544373,0.592108,0.40581,2.68808
1645180876875.46,17750443578,1126.52401,510.905671,2.611099,0.581256,0.447779,2.54541,0.592206,0.403731,2.676788
1645180876886.7122,17750454682,1125.774651,512.164646,2.602989,0.5806,0.451467,2.535965,0.592082,0.40214,2.670013
1645180876897.233,17750465785,1120.646381,514.992785,2.594666,0.578915,0.455309,2.519516,0.588425,0.403012,2.669815
1645180876908.406,17750476888,1120.835037,516.212261,2.591759,0.578845,0.454305,2.506668,0.588691,0.406049,2.676849
1645180876920.043,17750487991,1123.075676,517.638105,2.597733,0.577367,0.458026,2.515289,0.592503,0.404704,2.680176
1645180876930.47,17750499094,1128.036289,513.680184,2.604507,0.578527,0.452291,2.534332,0.59651,0.403842,2.674683
1645180876942.5408,17750510198,1128.147182,512.580764,2.602997,0.57882,0.453172,2.531815,0.596334,0.401129,2.674179
1645180876953.266,17750521301,1127.472439,512.181044,2.598,0.581134,0.451449,2.513199,0.593316,0.402186,2.6828
1645180876963.813,17750532404,1125.988083,513.287795,2.592903,0.580829,0.452393,2.506897,0.592075,0.403087,2.678909
1645180876975.402,17750543508,1124.494228,511.97893,2.590775,0.580407,0.450165,2.508911,0.590941,0.403133,2.672638
1645180876986.751,17750554611,1124.810944,510.232687,2.591583,0.58055,0.445803,2.517731,0.591128,0.404585,2.665436
1645180876996.882,17750565714,1122.351608,510.801905,2.590652,0.580089,0.446522,2.514542,0.589027,0.404814,2.666763
1645180877008.659,17750576817,1120.515289,508.735013,2.580673,0.578012,0.445244,2.506882,0.589192,0.402647,2.654465
1645180877020.128,17750587920,1118.798847,505.914724,2.580582,0.578027,0.442343,2.501526,0.587389,0.400848,2.659637
1645180877030.427,17750599024,1122.799873,507.317466,2.577156,0.579931,0.442734,2.499481,0.589652,0.402795,2.654831
1645180877042.461,17750610128,1123.68948,515.209401,2.591827,0.581123,0.448616,2.513916,0.589387,0.410066,2.669739
1645180877053.301,17750621231,1123.210087,520.949346,2.591644,0.577273,0.453047,2.515259,0.592737,0.415202,2.66803
1645180877063.9082,17750632335,1125.285244,517.293817,2.595352,0.576901,0.451169,2.517517,0.595271,0.410987,2.673187
1645180877075.231,17750643438,1127.649307,512.529659,2.583122,0.578386,0.446176,2.500732,0.596249,0.40804,2.665512
1645180877086.631,17750654541,1125.69952,509.596539,2.581711,0.579941,0.441363,2.50798,0.592663,0.407965,2.655441
1645180877096.652,17750665644,1119.582195,510.439235,2.583961,0.577027,0.440129,2.5103,0.589204,0.410603,2.657623
1645180877108.012,17750676747,1118.260288,511.757594,2.593033,0.574237,0.440374,2.524887,0.590617,0.412555,2.661179
1645180877119.996,17750687851,1121.625366,509.385538,2.593842,0.576191,0.439038,2.521347,0.592169,0.409937,2.666336
1645180877130.336,17750698954,1121.875305,508.882767,2.594048,0.576415,0.438871,2.522781,0.592205,0.409267,2.665314
1645180877141.533,17750710057,1119.171753,511.994934,2.590378,0.577388,0.443224,2.522659,0.588416,0.4101,2.658096
1645180877153.292,17750721161,1117.7314,512.409085,2.589203,0.575704,0.444709,2.52121,0.5886,0.409306,2.657196
1645180877163.9,17750732264,1121.179905,511.455703,2.585487,0.577813,0.446338,2.518631,0.590083,0.406088,2.652344
1645180877175.035,17750743367,1123.420544,506.730044,2.586388,0.577628,0.439186,2.50238,0.592602,0.405364,2.670395
1645180877186.699,17750754470,1124.712296,513.194042,2.596191,0.579431,0.44424,2.517853,0.592145,0.411084,2.67453
1645180877196.859,17750765574,1123.027725,512.599361,2.607376,0.576856,0.443017,2.524017,0.592964,0.411315,2.690735
1645180877208.573,17750776677,1121.691399,511.214036,2.605263,0.578418,0.44421,2.542206,0.590011,0.407814,2.66832
1645180877219.825,17750787780,1116.659832,510.979629,2.614006,0.572793,0.445222,2.556,0.590395,0.406411,2.672012
1645180877230.46,17750798883,1118.941326,511.55988,2.609024,0.574627,0.445686,2.557861,0.590937,0.406914,2.660187
1645180877242.021,17750809987,1121.732941,512.769699,2.613922,0.575082,0.444867,2.550949,0.59339,0.409749,2.676895
1645180877253.0369,17750821090,1162.924004,509.808522,2.598206,0.59694,0.438365,2.522858,0.614439,0.411316,2.673553
1645180877264.102,17750832193,1215.726128,510.073167,2.597267,0.628188,0.437194,2.51767,0.638194,0.412928,2.676865
1645180877275.204,17750843297,1244.249153,506.660521,2.594154,0.64349,0.43662,2.517868,0.652603,0.407814,2.670441
1645180877286.5242,17750854401,1244.823704,503.366357,2.603447,0.644503,0.438436,2.528351,0.652188,0.400507,2.678543
1645180877296.648,17750865504,1234.017277,503.715903,2.605843,0.635996,0.441346,2.532639,0.649439,0.398181,2.679047
1645180877308.636,17750876607,1239.0382,508.393675,2.619476,0.638009,0.443597,2.547028,0.652656,0.403726,2.691925
1645180877319.8062,17750887710,1240.693932,510.158783,2.620995,0.638485,0.444324,2.547058,0.653905,0.405941,2.694931
1645180877330.859,17750898814,1244.495602,513.510239,2.624496,0.641995,0.446898,2.547134,0.654355,0.408952,2.701859
1645180877341.829,17750909917,1244.115372,511.294109,2.619751,0.640457,0.444115,2.543579,0.655496,0.408042,2.695923
1645180877353.2231,17750921020,1241.95015,518.494356,2.616776,0.639671,0.449616,2.538284,0.654027,0.414542,2.695267
1645180877363.461,17750932123,1241.584797,515.735543,2.620941,0.640095,0.445616,2.546844,0.653222,0.413943,2.695038
1645180877375.5022,17750943227,1240.906334,518.064255,2.620987,0.641486,0.448617,2.54422,0.651125,0.414824,2.697754
1645180877386.495,17750954330,1240.627785,509.595001,2.626503,0.64023,0.440125,2.557693,0.65209,0.4092,2.695312
1645180877396.771,17750965433,1240.271187,510.324544,2.619774,0.639636,0.436785,2.546448,0.652313,0.413756,2.6931
1645180877408.583,17750976536,1241.28788,506.221944,2.606674,0.639174,0.42844,2.529816,0.653835,0.415264,2.683533
1645180877419.6628,17750987640,1241.107807,509.580535,2.606384,0.639886,0.430564,2.525879,0.652935,0.418736,2.68689
1645180877430.0562,17750998743,1244.205837,509.029841,2.608353,0.642674,0.431496,2.53009,0.653374,0.416887,2.686615
1645180877441.119,17751009846,1247.518387,511.31621,2.615936,0.643958,0.436295,2.543182,0.65554,0.415899,2.68869
1645180877453.234,17751020949,1250.823154,511.410069,2.612221,0.644888,0.436522,2.542511,0.658053,0.415829,2.681931
1645180877463.272,17751032053,1248.015575,511.977822,2.617172,0.641847,0.440201,2.551636,0.65817,0.413095,2.682709
1645180877475.069,17751043156,1246.248837,512.733757,2.624283,0.640885,0.445954,2.566757,0.657291,0.408602,2.681808
1645180877486.353,17751054259,1244.07423,511.047953,2.628281,0.641448,0.444348,2.572998,0.654462,0.407398,2.683563
1645180877496.8728,17751065362,1243.702869,513.799059,2.621773,0.642201,0.448427,2.564499,0.653323,0.407905,2.679047
1645180877508.916,17751076466,1243.044376,515.865701,2.618515,0.641603,0.445275,2.554855,0.653235,0.414501,2.682175
1645180877519.8008,17751087569,1242.223377,516.478962,2.617691,0.641321,0.44108,2.547333,0.652662,0.419718,2.688049
1645180877530.068,17751098672,1252.294235,514.065599,2.617432,0.646011,0.436352,2.549515,0.658462,0.420424,2.685349
1645180877541.535,17751109776,1280.751629,512.037957,2.617783,0.663636,0.436442,2.542801,0.67048,0.416954,2.692764
1645180877552.928,17751120879,1308.09494,516.820478,2.615295,0.676617,0.444963,2.541245,0.685982,0.416405,2.689346
1645180877563.083,17751131982,1330.135174,514.705396,2.614014,0.690238,0.440726,2.538925,0.695319,0.417116,2.689102
1645180877574.986,17751143085,1325.095882,517.644042,2.619667,0.685953,0.443462,2.551758,0.694355,0.419278,2.687576
1645180877586.264,17751154188,1324.529629,517.548484,2.623917,0.684678,0.440931,2.559143,0.69504,0.421649,2.68869
1645180877596.587,17751165292,1328.165932,520.879966,2.634331,0.686265,0.443045,2.569122,0.697241,0.425088,2.699539
1645180877608.624,17751176395,1332.433891,513.388646,2.627281,0.688407,0.440016,2.566879,0.699545,0.415632,2.687683
1645180877619.617,17751187498,1335.907917,510.660571,2.628639,0.689636,0.440068,2.565201,0.701935,0.411033,2.692078
1645180877630.0508,17751198602,1340.353546,508.878297,2.625534,0.692557,0.440427,2.560226,0.703645,0.407703,2.690842
1645180877733.4749,17751209705,1338.79921,507.350993,2.62101,0.689913,0.437849,2.55864,0.70467,0.407736,2.68338
1645180877735.494,17751220808,1339.64138,503.593218,2.615219,0.688626,0.432101,2.556091,0.706834,0.407221,2.674347
1645180877736.488,17751231911,1337.712708,504.88202,2.612419,0.686723,0.430895,2.554688,0.706728,0.410575,2.670151
1645180877736.488,17751243014,1338.15136,511.68673,2.615234,0.68836,0.435377,2.558731,0.705548,0.417434,2.671738
1645180877738.492,17751254118,1337.945251,518.047982,2.611504,0.689176,0.442667,2.553345,0.704517,0.420746,2.669662
1645180877739.489,17751265221,1337.414417,518.978316,2.605385,0.689509,0.443916,2.548264,0.703631,0.421048,2.662506
1645180877739.489,17751276324,1339.514294,517.900425,2.603119,0.690955,0.4446,2.535965,0.704372,0.418568,2.670273
1645180877740.488,17751287428,1337.071438,517.409223,2.60421,0.693096,0.445191,2.536758,0.699687,0.417158,2.671661
1645180877742.491,17751298531,1335.196953,514.327025,2.602402,0.692754,0.442076,2.532211,0.698076,0.415136,2.672592
1645180877743.812,17751309634,1333.814449,513.202089,2.598701,0.691579,0.443503,2.539902,0.697811,0.411834,2.657501
1645180877752.857,17751320737,1334.960632,514.701927,2.600632,0.689502,0.443544,2.539932,0.701082,0.414292,2.661331
1645180877763.031,17751331840,1339.813499,515.053689,2.600754,0.691261,0.445558,2.54126,0.704378,0.412864,2.660248
1645180877775.098,17751342944,1338.119087,515.345925,2.597092,0.691267,0.442736,2.528351,0.702607,0.416174,2.665833
1645180877786.195,17751354047,1337.261238,512.375504,2.587708,0.690493,0.443078,2.518051,0.702488,0.410881,2.657364
1645180877796.08,17751365150,1333.718262,512.78758,2.585068,0.688985,0.44291,2.515198,0.700305,0.411736,2.654938
1645180877808.126,17751376254,1334.426937,517.383939,2.58918,0.687626,0.44663,2.520111,0.702402,0.415677,2.658249
1645180877819.303,17751387357,1330.643234,514.746684,2.586166,0.6872,0.444256,2.519119,0.698886,0.413655,2.653214
1645180877829.692,17751398460,1331.990719,516.051328,2.583107,0.687444,0.446134,2.517868,0.700046,0.413951,2.648346
1645180877841.729,17751409563,1327.409992,516.157597,2.587624,0.686542,0.446258,2.528137,0.696177,0.414004,2.64711
1645180877852.3992,17751420666,1328.935661,519.62505,2.591606,0.685975,0.447425,2.537537,0.698333,0.418617,2.645676
1645180877863.084,17751431770,1327.856541,517.911994,2.59198,0.686403,0.443955,2.536713,0.696781,0.419232,2.647247
1645180877874.741,17751442873,1334.999256,512.043107,2.576332,0.690322,0.438797,2.521255,0.700302,0.414608,2.631409
1645180877885.907,17751453977,1334.59734,508.218062,2.573532,0.692829,0.439512,2.510391,0.697376,0.407518,2.636673
1645180877896.281,17751465080,1331.876507,508.906925,2.569641,0.691649,0.440025,2.506393,0.695722,0.408153,2.632889
1645180877908.315,17751476183,1329.863033,509.759402,2.570511,0.687783,0.437338,2.494858,0.697491,0.412261,2.646164
1645180877919.248,17751487286,1333.220615,509.88754,2.571129,0.686798,0.43049,2.496597,0.701973,0.419322,2.64566
1645180877929.7842,17751498389,1336.010342,509.203345,2.567688,0.687617,0.431112,2.49147,0.70406,0.41756,2.643906
1645180877941.468,17751509492,1359.251003,512.999582,2.569733,0.701193,0.436542,2.508698,0.714693,0.418458,2.630768
1645180877952.589,17751520596,1388.50296,518.203747,2.566818,0.71697,0.444402,2.512863,0.729387,0.419271,2.620773
1645180877962.829,17751531699,1416.270218,523.72368,2.556572,0.729243,0.452272,2.500717,0.746038,0.420601,2.612427
1645180877974.8672,17751542803,1418.537693,521.751559,2.547859,0.729891,0.452676,2.48465,0.747753,0.41691,2.611069
1645180877985.896,17751553906,1414.944649,520.520496,2.547188,0.728485,0.450731,2.479706,0.745416,0.416803,2.61467
1645180877996.262,17751565009,1420.397186,519.364572,2.545555,0.732365,0.448655,2.475113,0.747216,0.416953,2.615997
1645180878007.81,17751576112,1420.379391,517.78155,2.542366,0.731682,0.446669,2.483582,0.74788,0.4163,2.601151
1645180878019.222,17751587215,1419.077339,520.938975,2.536301,0.731317,0.450028,2.473312,0.746889,0.418204,2.599289
1645180878029.837,17751598318,1418.194656,521.182448,2.529312,0.731531,0.44665,2.465424,0.745755,0.421987,2.593201
1645180878041.302,17751609422,1417.018661,524.575388,2.524139,0.732466,0.447965,2.449814,0.743595,0.426327,2.598465
1645180878052.581,17751620525,1413.790112,519.765401,2.520226,0.731045,0.444228,2.456528,0.741653,0.422047,2.583923
1645180878063.143,17751631629,1409.860668,520.430714,2.518158,0.729989,0.445524,2.454803,0.738615,0.421861,2.581512
1645180878074.262,17751642732,1410.759144,517.36443,2.511551,0.729978,0.444228,2.456253,0.739563,0.418046,2.566849
1645180878085.805,17751653835,1418.289757,519.250935,2.51432,0.73208,0.444411,2.45372,0.745306,0.421007,2.574921
1645180878096.313,17751664938,1419.388618,515.582567,2.509254,0.731497,0.441011,2.448959,0.747032,0.418293,2.56955
1645180878108.42,17751676041,1419.359779,518.744588,2.517426,0.733801,0.443302,2.445145,0.744699,0.421273,2.589706
1645180878119.418,17751687144,1418.482075,518.542242,2.513031,0.734703,0.444397,2.439163,0.742882,0.41984,2.586899
1645180878129.4949,17751698248,1419.710941,521.170986,2.509941,0.735108,0.446388,2.435486,0.743758,0.42223,2.584396
1645180878141.24,17751709351,1418.294735,519.146848,2.503487,0.734146,0.443117,2.431732,0.743244,0.422128,2.575241
1645180878152.333,17751720455,1414.839306,521.060872,2.502892,0.731498,0.4461,2.433258,0.742293,0.422334,2.572525
1645180878162.7942,17751731558,1417.332001,519.501722,2.501427,0.733051,0.448021,2.431061,0.743336,0.417816,2.571793
1645180878174.412,17751742661,1420.810604,517.355061,2.496582,0.734013,0.448238,2.433624,0.745998,0.41402,2.55954
1645180878185.573,17751753764,1418.397503,517.830133,2.495056,0.734139,0.444954,2.434555,0.743358,0.418096,2.555557
1645180878196.136,17751764867,1414.854298,516.300058,2.492462,0.7328,0.442461,2.432632,0.741007,0.418039,2.552292
1645180878207.8062,17751775970,1409.382706,519.108975,2.503044,0.729231,0.444896,2.444,0.738876,0.420285,2.562088
1645180878218.8398,17751787074,1410.296574,519.085085,2.503738,0.729341,0.443337,2.442368,0.739718,0.421805,2.565109
1645180878229.495,17751798177,1410.15295,520.983177,2.497803,0.727989,0.443444,2.436234,0.740921,0.424862,2.559372
1645180878241.283,17751809281,1382.245502,518.148798,2.492531,0.712369,0.438374,2.423798,0.72747,0.425207,2.561264
1645180878252.354,17751820384,1284.008389,510.131192,2.486237,0.660684,0.442418,2.432068,0.676824,0.407801,2.540405
1645180878262.328,17751831487,1151.360435,498.101789,2.510948,0.561088,0.440684,2.464264,0.638246,0.389486,2.557632
1645180878273.429,17751842590,1047.44173,493.805605,2.492279,0.500127,0.448588,2.448608,0.590958,0.374422,2.53595
1645180878285.672,17751853693,576.34944,548.048705,2.525909,0.322661,0.469103,2.403091,0.277703,0.444312,2.648727
1645180878295.789,17751864796,527.384491,552.197778,2.497826,0.262319,0.467925,2.37796,0.28704,0.452405,2.617691
1645180878307.403,17751875900,518.871889,552.910638,2.511871,0.260366,0.469845,2.400681,0.280126,0.451672,2.623062
1645180878319.122,17751887004,519.367704,559.897631,2.519348,0.264419,0.479304,2.417221,0.276589,0.453859,2.621475
1645180878329.628,17751898107,504.112644,564.509761,2.513725,0.259678,0.485867,2.411362,0.265439,0.454982,2.616089
1645180878340.99,17751909210,505.022535,566.997492,2.514175,0.260531,0.487263,2.407745,0.265534,0.457733,2.620605
1645180878352.3728,17751920313,508.721666,557.710415,2.509415,0.26067,0.477146,2.402405,0.269248,0.452372,2.616425
1645180878363.397,17751931416,509.970102,559.08038,2.512291,0.262895,0.478418,2.407303,0.268323,0.453383,2.617279
1645180878374.544,17751942519,509.027052,556.06631,2.512871,0.263033,0.476531,2.407379,0.267203,0.450247,2.618362
1645180878385.7888,17751953622,513.338842,551.457918,2.504539,0.265039,0.470237,2.391388,0.269689,0.44886,2.617691
1645180878396.118,17751964726,514.452782,551.648855,2.498947,0.263679,0.471193,2.392303,0.272209,0.448222,2.605591
1645180878407.575,17751975830,517.409735,551.030606,2.491501,0.266358,0.471859,2.387115,0.27261,0.446525,2.595886
1645180878418.987,17751986933,514.610796,553.842509,2.492111,0.266843,0.475221,2.388214,0.26921,0.44785,2.596008
1645180878430.018,17751998036,514.855127,555.266225,2.487305,0.268257,0.473783,2.372757,0.26805,0.451661,2.601852
1645180878440.9731,17752009139,514.351273,556.077987,2.494141,0.268147,0.473588,2.380325,0.267635,0.453209,2.607956
1645180878452.526,17752020242,514.356852,555.893415,2.493279,0.269017,0.473277,2.388092,0.266771,0.453212,2.598465
1645180878462.867,17752031345,512.830181,557.981247,2.49617,0.269,0.477056,2.397675,0.265198,0.452913,2.594666
1645180878474.365,17752042448,491.875992,558.667874,2.494072,0.255291,0.478735,2.394897,0.25708,0.452378,2.593246
1645180878485.5608,17752053552,468.281293,553.565043,2.488457,0.239615,0.473637,2.3806,0.248178,0.448971,2.596313
1645180878496.623,17752064656,447.333398,551.027513,2.488548,0.228397,0.46987,2.380249,0.237575,0.448509,2.596848
1645180878507.576,17752075759,449.376712,548.479503,2.481247,0.22913,0.466737,2.371185,0.238971,0.447395,2.591309
1645180878519.355,17752086862,452.905798,554.433614,2.488358,0.231237,0.467831,2.373184,0.24054,0.456225,2.603531
1645180878529.714,17752097965,448.989873,553.885943,2.488739,0.231667,0.467194,2.37587,0.236031,0.455949,2.601608
1645180878540.969,17752109068,450.287275,554.682237,2.495384,0.233244,0.465357,2.382904,0.235805,0.459113,2.607864
1645180878552.706,17752120171,452.571115,557.225829,2.507492,0.235191,0.473615,2.407196,0.236238,0.455095,2.607788
1645180878562.694,17752131274,454.010139,554.228818,2.513237,0.234627,0.471791,2.416565,0.2383,0.451924,2.609909
1645180878574.155,17752142378,448.362379,557.645899,2.520836,0.230882,0.475889,2.431534,0.236162,0.453521,2.610138
1645180878585.469,17752153482,445.458426,557.175118,2.510452,0.230099,0.475422,2.418228,0.23392,0.453203,2.602676
1645180878596.035,17752164585,444.767289,559.588355,2.513306,0.231341,0.474625,2.415359,0.231958,0.458022,2.611252
1645180878607.238,17752175688,448.879766,559.475523,2.51503,0.233039,0.474094,2.41124,0.234544,0.458365,2.61882
1645180878618.808,17752186791,450.907359,560.747409,2.525719,0.233727,0.474297,2.412613,0.235969,0.460282,2.638824
1645180878629.845,17752197894,453.286185,564.796954,2.528305,0.232769,0.481627,2.419876,0.239404,0.459702,2.636734
1645180878640.767,17752208997,453.264413,567.43328,2.53405,0.234396,0.484865,2.420959,0.237754,0.460857,2.647141
1645180878651.9402,17752220100,454.774418,569.575578,2.54332,0.23472,0.488246,2.438141,0.239003,0.461047,2.648499
1645180878662.678,17752231205,453.601313,568.963087,2.540482,0.235163,0.485972,2.431366,0.237339,0.4623,2.649597
1645180878674.195,17752242308,450.795794,565.03163,2.537514,0.233016,0.484174,2.44075,0.236563,0.457545,2.634277
1645180878685.995,17752253411,450.57086,560.751039,2.52829,0.233261,0.481951,2.43718,0.236083,0.452634,2.6194
1645180878695.936,17752264514,449.347014,560.992616,2.529465,0.232624,0.484139,2.4366,0.235446,0.450848,2.62233
1645180878707.4622,17752275617,450.016665,563.462394,2.524765,0.232646,0.486042,2.424652,0.236122,0.453062,2.624878
1645180878718.463,17752286720,452.118158,568.597466,2.527428,0.234842,0.487619,2.415939,0.236114,0.460043,2.638916
1645180878729.375,17752297823,452.920961,567.866099,2.526794,0.23572,0.487407,2.415268,0.236073,0.459037,2.638321
1645180878740.736,17752308926,451.242728,564.613992,2.52018,0.233315,0.482464,2.411163,0.23673,0.458559,2.629196
1645180878751.93,17752320031,449.461312,562.999463,2.513466,0.230687,0.476913,2.402405,0.237502,0.461419,2.624527
1645180878762.5,17752331134,447.937102,560.45689,2.51001,0.229411,0.473706,2.400009,0.23719,0.460389,2.62001
1645180878773.987,17752342237,457.192369,560.544348,2.513817,0.235613,0.475083,2.399384,0.24063,0.459158,2.62825
1645180878785.072,17752353340,486.489158,556.080973,2.51403,0.249626,0.475078,2.410797,0.257134,0.451724,2.617264
1645180878796.156,17752364443,531.687841,552.429503,2.51358,0.269546,0.473964,2.412964,0.284296,0.446752,2.614197
1645180878807.373,17752375546,556.419983,551.682401,2.51429,0.283557,0.476973,2.422516,0.296047,0.442498,2.606064
1645180878818.872,17752386649,557.035103,548.895693,2.515053,0.285672,0.471316,2.408035,0.294573,0.44351,2.62207
1645180878829.168,17752397752,556.712265,554.079491,2.516212,0.285594,0.47231,2.40863,0.294315,0.451156,2.623795
1645180878840.322,17752408857,557.046862,549.886519,2.512703,0.286426,0.465262,2.400497,0.293831,0.451215,2.624908
1645180878852.22,17752419960,560.512133,550.019628,2.509476,0.289173,0.470179,2.405197,0.294694,0.44652,2.613754
1645180878862.678,17752431063,563.677225,552.37484,2.503914,0.290027,0.472066,2.399994,0.297137,0.448559,2.607834
1645180878873.588,17752442166,563.541985,553.232306,2.504105,0.288836,0.473236,2.403244,0.298187,0.448818,2.604965
1645180878885.518,17752453269,561.029119,556.214511,2.510849,0.286439,0.476255,2.4189,0.297966,0.450769,2.602798
1645180878895.928,17752464372,559.68421,552.757895,2.515549,0.286731,0.473915,2.419296,0.296273,0.447348,2.611801
1645180878906.896,17752475475,563.403568,557.083386,2.521431,0.291838,0.478654,2.423325,0.295041,0.449819,2.619537
1645180878918.272,17752486578,563.195028,557.461846,2.51989,0.292073,0.478544,2.415482,0.294588,0.450559,2.624298
1645180878929.01,17752497683,563.954687,555.594689,2.522842,0.291407,0.481831,2.420883,0.296046,0.44416,2.624802
1645180878940.533,17752508786,560.574675,553.267139,2.516418,0.28836,0.478567,2.412262,0.295572,0.443544,2.620575
1645180878951.876,17752519889,558.633957,549.45066,2.520721,0.286623,0.476052,2.416092,0.295287,0.439699,2.625351
1645180878962.904,17752530992,558.605719,549.485475,2.525688,0.288708,0.475387,2.418076,0.293173,0.440422,2.633301
1645180878973.974,17752542095,560.685997,551.308608,2.532875,0.288995,0.478652,2.433777,0.295053,0.440196,2.631973
1645180878985.121,17752553198,563.553743,554.646116,2.54023,0.291122,0.480402,2.455536,0.295913,0.444008,2.624924
1645180878995.682,17752564301,560.879774,555.94148,2.544945,0.291229,0.478584,2.463867,0.293021,0.447985,2.626022
1645180879007.23,17752575405,556.719017,555.597639,2.546722,0.290407,0.476029,2.459442,0.289509,0.449967,2.634003
1645180879018.3188,17752586509,558.323994,555.223453,2.543045,0.292036,0.475984,2.454041,0.289551,0.449388,2.63205
1645180879029.398,17752597612,559.009409,553.672957,2.537651,0.29077,0.472928,2.446869,0.291532,0.449861,2.628433
1645180879040.574,17752608715,563.394413,555.059499,2.536072,0.2931,0.475042,2.437332,0.293769,0.450057,2.634811
1645180879051.895,17752619818,559.979439,555.109012,2.531326,0.288958,0.472976,2.426498,0.294354,0.452205,2.636154
1645180879062.543,17752630921,561.171255,555.77867,2.537682,0.287835,0.475209,2.433853,0.296719,0.451089,2.64151
1645180879073.5,17752642024,558.220682,552.975887,2.544586,0.286174,0.472257,2.448608,0.295306,0.44937,2.640564
1645180879085.38,17752653127,569.940233,552.382976,2.541862,0.294239,0.473388,2.450348,0.299449,0.44725,2.633377
1645180879095.8992,17752664231,610.34955,546.083701,2.542259,0.311048,0.468897,2.450958,0.324733,0.441242,2.63356
1645180879107.054,17752675335,636.690474,542.743617,2.536797,0.325099,0.466875,2.44606,0.338121,0.437698,2.627533
1645180879118.356,17752686438,653.629246,541.296601,2.546188,0.333216,0.468395,2.45723,0.347648,0.433766,2.635147
1645180879128.974,17752697541,649.134264,543.661702,2.548126,0.333871,0.467702,2.461517,0.342311,0.438401,2.634735
1645180879140.469,17752708644,651.264524,541.807187,2.549004,0.335065,0.464709,2.462692,0.343335,0.438303,2.635315
1645180879151.5542,17752719747,651.304035,536.584353,2.536674,0.334705,0.457072,2.44165,0.343737,0.437235,2.631699
1645180879162.4292,17752730850,650.196075,536.209023,2.5364,0.333413,0.456046,2.437134,0.343875,0.437636,2.635666
1645180879173.909,17752741953,647.515354,540.779418,2.548286,0.331412,0.460145,2.452759,0.343083,0.441154,2.643814
1645180879184.8518,17752753057,647.805176,544.185519,2.557747,0.333279,0.462505,2.459091,0.341518,0.444471,2.656403
1645180879195.6438,17752764161,648.123293,547.700179,2.560837,0.332605,0.470906,2.462173,0.342524,0.441927,2.6595
1645180879206.9348,17752775264,651.521502,548.28186,2.558243,0.336047,0.473559,2.457932,0.342621,0.440244,2.658554
1645180879218.184,17752786367,650.095568,547.655672,2.554497,0.334197,0.472439,2.452057,0.342986,0.440321,2.656937
1645180879228.8489,17752797470,652.609806,543.319541,2.555557,0.335132,0.469156,2.455292,0.34467,0.436376,2.655823
1645180879240.4722,17752808573,650.471106,541.766524,2.552673,0.332638,0.466956,2.451019,0.344936,0.435989,2.654327
1645180879251.422,17752819676,650.886126,541.921252,2.560738,0.334339,0.469732,2.465683,0.343668,0.43347,2.655792
1645180879262.064,17752830779,650.391054,544.733477,2.567444,0.335481,0.467666,2.471344,0.342009,0.440223,2.663544
1645180879273.682,17752841883,654.632978,543.884683,2.571594,0.338553,0.465468,2.472244,0.343357,0.441007,2.670944
1645180879284.973,17752852987,657.2188,543.345076,2.578285,0.339032,0.464312,2.487457,0.345571,0.441263,2.669113
1645180879295.052,17752864090,656.233263,544.690329,2.577118,0.338577,0.467078,2.488831,0.344999,0.44074,2.665405
1645180879307.04,17752875193,653.102703,545.577568,2.582306,0.336024,0.466813,2.501678,0.344292,0.442483,2.662933
1645180879318.2349,17752886296,652.56546,545.779628,2.582504,0.336162,0.467992,2.499207,0.343593,0.44164,2.665802
1645180879328.808,17752897399,654.600391,546.799099,2.588852,0.338692,0.469029,2.501205,0.343184,0.442302,2.676498
1645180879339.8782,17752908502,659.411716,544.815534,2.589531,0.340763,0.468358,2.493927,0.346124,0.439668,2.685135
1645180879351.365,17752919606,660.505371,545.112455,2.583969,0.339925,0.462986,2.480103,0.348101,0.445535,2.687836
1645180879362.204,17752930709,658.392448,541.033226,2.581146,0.339509,0.45729,2.481369,0.346316,0.444432,2.680923
1645180879374.002,17752941813,653.643408,541.100693,2.572754,0.337637,0.455255,2.478973,0.343242,0.44658,2.666534
1645180879384.804,17752952916,652.06152,539.9997,2.577934,0.339591,0.457318,2.489609,0.33964,0.442681,2.66626
1645180879395.572,17752964019,642.067652,541.898811,2.579796,0.33229,0.457088,2.490417,0.336531,0.446076,2.669174
1645180879406.7249,17752975122,630.091896,543.580896,2.578041,0.335118,0.46,2.486084,0.321228,0.445968,2.669998
1645180879417.94,17752986225,599.67124,546.435142,2.581245,0.314066,0.458653,2.491226,0.310591,0.452073,2.671265
1645180879428.864,17752997328,578.921671,550.593209,2.582809,0.302391,0.462494,2.485703,0.300653,0.455161,2.679916
1645180879440.302,17753008432,584.342966,555.247933,2.589012,0.302968,0.465306,2.498199,0.305723,0.460108,2.679825
1645180879450.918,17753019535,580.618801,561.724484,2.596405,0.300595,0.473724,2.502289,0.304216,0.462484,2.690521
1645180879462.055,17753030639,578.815327,563.55865,2.598564,0.298604,0.477827,2.510483,0.304329,0.461437,2.686646
1645180879473.512,17753041742,577.632523,562.043077,2.603004,0.297621,0.478768,2.510452,0.304079,0.45797,2.695557
1645180879484.626,17753052845,577.608404,559.448451,2.602249,0.297529,0.475987,2.512039,0.304146,0.456427,2.692459
1645180879495.665,17753063948,577.50947,557.201743,2.603165,0.297276,0.475343,2.509644,0.304296,0.453327,2.696686
1645180879506.9512,17753075051,575.419636,556.61552,2.604713,0.29549,0.474532,2.507965,0.303905,0.453161,2.701462
1645180879517.973,17753086154,581.071758,553.76696,2.599159,0.300407,0.471064,2.495728,0.304876,0.451881,2.702591
1645180879528.218,17753097258,583.511381,556.087393,2.591812,0.30238,0.472955,2.485229,0.305444,0.453858,2.698395
1645180879540.244,17753108361,585.041342,558.708018,2.590782,0.303385,0.474035,2.490829,0.306033,0.457145,2.690735
1645180879551.309,17753119465,585.649652,561.697143,2.592102,0.30073,0.475685,2.491562,0.309322,0.460476,2.692642
1645180879562.349,17753130568,579.738407,562.493759,2.597656,0.29996,0.472481,2.501602,0.303934,0.465009,2.69371
1645180879573.544,17753141671,578.049202,564.920586,2.59919,0.298784,0.474648,2.507172,0.30335,0.466886,2.691208
1645180879584.586,17753152774,576.189365,566.100562,2.597702,0.299398,0.474915,2.513168,0.300799,0.468586,2.682236
1645180879595.405,17753163877,577.147093,565.698481,2.59552,0.300547,0.477293,2.515198,0.300648,0.465538,2.675842
1645180879606.425,17753174980,575.809994,562.594324,2.59034,0.299192,0.47522,2.504913,0.30061,0.462438,2.675766
1645180879618.0388,17753186084,571.465216,560.840482,2.5896,0.296818,0.476547,2.500046,0.298459,0.458187,2.679153
1645180879628.822,17753197187,571.591301,554.712081,2.585274,0.297136,0.475159,2.494827,0.298272,0.449361,2.67572
1645180879640.158,17753208291,570.795307,552.168632,2.587364,0.295969,0.474031,2.498672,0.29861,0.44625,2.676056
1645180879745.0818,17753219394,573.820639,550.151718,2.585007,0.298501,0.47238,2.497635,0.299229,0.444539,2.672379
1645180879745.975,17753230497,573.867445,557.296157,2.582512,0.298407,0.471188,2.496048,0.299371,0.457639,2.668976
1645180879745.975,17753241600,572.105026,558.291399,2.582207,0.297834,0.470477,2.496719,0.298109,0.460009,2.667694
1645180879747.9502,17753252703,571.556854,558.551574,2.57164,0.297293,0.469929,2.486572,0.298079,0.46099,2.656708
1645180879747.9502,17753263807,570.880022,555.007321,2.565681,0.295132,0.472077,2.47937,0.299535,0.452936,2.651993
1645180879747.9502,17753274910,570.229368,553.984129,2.563133,0.295149,0.471582,2.474762,0.29884,0.451725,2.651505
1645180879749.95,17753286013,573.045816,552.549112,2.569435,0.296196,0.470193,2.478439,0.300726,0.450722,2.660431
1645180879750.952,17753297117,575.551271,553.793335,2.572113,0.296134,0.465382,2.485931,0.303399,0.457607,2.658295
1645180879751.951,17753308220,580.201406,552.327991,2.568024,0.300464,0.465197,2.48143,0.303913,0.45535,2.654617
1645180879752.964,17753319323,578.343601,556.693321,2.572731,0.299452,0.46843,2.485886,0.302989,0.459392,2.659576
1645180879762.323,17753330426,580.737333,553.714156,2.569054,0.299434,0.466579,2.476624,0.3055,0.456278,2.661484
1645180879773.386,17753341529,580.421991,551.887017,2.567101,0.298418,0.465583,2.472061,0.306188,0.454229,2.66214
1645180879784.682,17753352633,580.094175,542.372936,2.560669,0.298284,0.458387,2.466187,0.305981,0.445568,2.655151
1645180879795.1182,17753363736,577.531786,537.661082,2.569565,0.298733,0.456357,2.475143,0.302862,0.439745,2.663986
1645180879806.56,17753374839,574.814529,534.93669,2.570915,0.29609,0.453126,2.475769,0.302675,0.438435,2.666061
1645180879817.895,17753385943,575.992842,537.152517,2.574478,0.296679,0.45383,2.477356,0.303314,0.441424,2.6716
1645180879828.96,17753397046,572.277603,533.819765,2.57605,0.295036,0.455167,2.474869,0.301087,0.434532,2.677231
1645180879839.4749,17753408149,573.3496,535.343885,2.581902,0.296114,0.456163,2.479233,0.301125,0.436077,2.68457
1645180879851.202,17753419252,573.783445,535.888052,2.59211,0.297322,0.463559,2.49765,0.300369,0.429588,2.686569
1645180879861.647,17753430355,577.044582,539.864749,2.594078,0.297969,0.465368,2.50177,0.30312,0.434407,2.686386
1645180879873.025,17753441459,575.566177,539.858758,2.597145,0.297923,0.465045,2.505173,0.301625,0.43472,2.689117
1645180879884.459,17753452562,570.875444,540.515703,2.58844,0.293451,0.466954,2.501282,0.301211,0.433905,2.675598
1645180879895.097,17753463665,571.612902,538.113767,2.589081,0.294595,0.467451,2.498154,0.300835,0.429406,2.680008
1645180879906.552,17753474769,569.410086,537.316704,2.588188,0.29257,0.467205,2.504868,0.300566,0.428323,2.671509
1645180879917.694,17753485872,571.439924,540.298355,2.597557,0.295674,0.466743,2.505096,0.299576,0.433754,2.690018
1645180879928.572,17753496975,572.458878,546.474427,2.60376,0.297114,0.472283,2.515884,0.299198,0.438507,2.691635
1645180879939.636,17753508078,572.439308,548.041177,2.60891,0.297323,0.470273,2.520065,0.298968,0.443129,2.697754
1645180879950.5989,17753519181,570.132723,542.338389,2.609558,0.295481,0.461109,2.521011,0.298407,0.442788,2.698105
1645180879961.641,17753530285,569.624891,539.150226,2.611771,0.295474,0.45393,2.521378,0.297885,0.444653,2.702164
1645180879973.2612,17753541388,570.92803,538.096976,2.6091,0.297753,0.458192,2.514633,0.296963,0.438636,2.703568
1645180879984.288,17753552491,574.191256,541.537231,2.61171,0.297442,0.463194,2.51651,0.300674,0.439368,2.706909
1645180879995.2012,17753563595,569.088478,538.127965,2.608986,0.293744,0.465774,2.511703,0.299057,0.431106,2.706268
1645180880006.638,17753574698,568.656893,537.299699,2.614548,0.292879,0.462741,2.513672,0.299472,0.432758,2.715424
1645180880017.681,17753585801,569.614391,537.543833,2.612564,0.295449,0.462702,2.515427,0.297899,0.433205,2.709702
1645180880028.2969,17753596904,571.293411,540.703994,2.622459,0.296114,0.457059,2.529999,0.298984,0.444114,2.71492
1645180880039.452,17753608007,570.418882,539.266473,2.631683,0.293789,0.454343,2.552719,0.300397,0.444434,2.710648
1645180880051.053,17753619111,568.35969,533.407259,2.621323,0.291312,0.44602,2.540359,0.300729,0.442992,2.702286
1645180880061.9011,17753630214,566.080542,532.742554,2.622345,0.29117,0.446849,2.542236,0.298497,0.441055,2.702454
1645180880073.07,17753641317,567.887306,532.624269,2.609428,0.291922,0.447575,2.526367,0.299627,0.440132,2.69249
1645180880084.302,17753652421,569.301367,535.198081,2.621407,0.293198,0.451718,2.539139,0.299824,0.440279,2.703674
1645180880094.9968,17753663524,570.081854,530.175591,2.620499,0.293139,0.447883,2.538651,0.300696,0.435743,2.702347
1645180880106.078,17753674627,571.038723,529.417598,2.629456,0.29509,0.447291,2.548065,0.299742,0.435072,2.710846
1645180880117.524,17753685730,569.112196,525.046527,2.624588,0.29249,0.441975,2.547043,0.300335,0.433103,2.702133
1645180880128.407,17753696834,569.629383,527.960068,2.622063,0.293868,0.445028,2.541916,0.299495,0.434905,2.702209
1645180880139.861,17753707937,569.891624,530.809343,2.626015,0.293627,0.447589,2.541489,0.30001,0.437093,2.710541
1645180880150.932,17753719040,570.243387,532.74191,2.629303,0.294288,0.449729,2.544128,0.299716,0.438174,2.714478
1645180880161.6,17753730143,569.02977,534.139609,2.631187,0.294923,0.451018,2.549194,0.297816,0.439215,2.713181
1645180880173.074,17753741247,571.860609,534.598446,2.627205,0.297522,0.449958,2.541199,0.298167,0.441039,2.713211
1645180880184.2908,17753752350,570.411329,538.91387,2.63887,0.298086,0.453934,2.545914,0.296093,0.444256,2.731827
1645180880195.315,17753763453,571.571417,537.355435,2.633453,0.295457,0.452756,2.536377,0.29993,0.442837,2.73053
1645180880206.479,17753774556,565.099354,537.893486,2.632065,0.291441,0.453561,2.54277,0.297204,0.442928,2.721359
1645180880217.4138,17753785660,567.016068,533.261418,2.622475,0.293109,0.449307,2.544052,0.297533,0.439462,2.700897
1645180880228.244,17753796763,563.481932,534.234077,2.625015,0.29359,0.449702,2.54686,0.29337,0.440688,2.703171
1645180880239.273,17753807866,565.845823,531.136948,2.617241,0.295254,0.447878,2.53804,0.294169,0.43735,2.696442
1645180880251.2668,17753818969,568.464289,532.831997,2.613297,0.296206,0.450031,2.533691,0.295944,0.438022,2.692902
1645180880261.271,17753830073,569.277878,536.883384,2.607193,0.296747,0.453039,2.528885,0.296251,0.441767,2.685501
1645180880272.267,17753841176,571.481724,538.488489,2.608963,0.296834,0.454405,2.522278,0.29846,0.443076,2.695648
1645180880283.268,17753852279,570.255032,542.677009,2.607338,0.295546,0.454711,2.50592,0.29847,0.44975,2.708755
1645180880294.3572,17753863382,573.372917,541.838175,2.607758,0.297249,0.45626,2.506668,0.300014,0.446804,2.708847
1645180880306.301,17753874486,572.498989,543.598759,2.601357,0.296447,0.455158,2.504959,0.299906,0.45084,2.697754
1645180880317.35,17753885589,571.393089,538.901442,2.60202,0.295246,0.453125,2.511612,0.299955,0.445044,2.692429
1645180880328.263,17753896692,571.995192,537.621921,2.603142,0.295882,0.45322,2.512634,0.299947,0.442816,2.693649
1645180880339.696,17753907795,572.971058,536.298144,2.604416,0.295024,0.452648,2.511337,0.30182,0.441183,2.697495
1645180880351.0662,17753918899,572.158499,542.360812,2.601273,0.294384,0.459838,2.507385,0.301615,0.444097,2.69516
1645180880361.489,17753930002,572.336855,540.49471,2.600121,0.295388,0.458094,2.507736,0.300796,0.44273,2.692505
1645180880372.714,17753941105,568.625393,539.320385,2.603973,0.295827,0.458086,2.522385,0.296491,0.440782,2.685562
1645180880384.192,17753952208,569.308233,539.429891,2.606125,0.297486,0.461741,2.532974,0.295543,0.437309,2.679276
1645180880395.244,17753963312,565.770264,535.729551,2.601562,0.295361,0.459994,2.52179,0.293983,0.432889,2.681335
1645180880404.543,17753974415,568.44738,538.938689,2.598122,0.29412,0.463762,2.508667,0.298013,0.434469,2.687576
1645180880417.572,17753985518,567.314758,537.49786,2.595604,0.293812,0.462231,2.510925,0.297141,0.433599,2.680283
1645180880428.149,17753996621,569.075804,539.150369,2.601555,0.294945,0.464397,2.517685,0.297842,0.434187,2.685425
1645180880439.859,17754007725,568.104744,538.093042,2.601669,0.298283,0.464744,2.526596,0.293493,0.432077,2.676743
1645180880450.6309,17754018828,566.021805,538.402677,2.597519,0.296754,0.465859,2.512665,0.292852,0.431479,2.682373
1645180880484.638,17754029931,593.260975,541.492867,2.600822,0.30352,0.465861,2.521378,0.31446,0.436627,2.680267
1645180880486.6372,17754041035,614.891968,540.641177,2.60601,0.31412,0.464955,2.521255,0.326392,0.436113,2.690765
1645180880487.635,17754052138,633.827019,538.993531,2.614243,0.323737,0.462999,2.529236,0.3365,0.435324,2.699249
1645180880494.632,17754063241,636.224127,539.428586,2.612999,0.326022,0.464986,2.527252,0.336711,0.434061,2.698746
1645180880506.276,17754074344,634.119473,539.952958,2.611969,0.325947,0.463968,2.521133,0.334594,0.435954,2.702805
1645180880517.3071,17754085447,640.474291,539.464831,2.605942,0.331066,0.464192,2.522049,0.336095,0.434916,2.689835
1645180880528.192,17754096551,639.443922,537.298805,2.60701,0.33224,0.461623,2.52446,0.333848,0.433876,2.68956
1645180880539.6162,17754107654,640.605698,535.661852,2.609024,0.332482,0.46153,2.534668,0.334816,0.431239,2.68338
1645180880550.645,17754118757,637.860632,539.581472,2.619621,0.328967,0.464696,2.548706,0.335471,0.434606,2.690536
1645180880561.815,17754129861,637.396088,541.348064,2.623535,0.329235,0.46537,2.54895,0.33472,0.436877,2.69812
1645180880572.886,17754140964,638.200436,542.602944,2.626633,0.328429,0.467548,2.548767,0.336363,0.43679,2.704498
1645180880584.117,17754152067,639.896622,540.1474,2.625656,0.328958,0.467113,2.542206,0.337601,0.433132,2.709106
1645180880594.7012,17754163170,645.052528,542.305166,2.628708,0.331352,0.466653,2.548752,0.340578,0.437189,2.708664
1645180880606.196,17754174273,645.655346,545.873755,2.629745,0.333727,0.469263,2.558212,0.338831,0.440527,2.701279
1645180880617.9668,17754185377,642.586298,550.91536,2.638809,0.332694,0.472738,2.571381,0.336667,0.445455,2.706238
1645180880628.0889,17754196480,640.172396,549.233437,2.639168,0.330379,0.468959,2.562515,0.336467,0.446431,2.71582
1645180880640.131,17754207583,637.812338,547.21992,2.64357,0.327025,0.468236,2.557205,0.337362,0.443797,2.729935
1645180880650.636,17754218687,637.301817,546.525908,2.648109,0.327934,0.462462,2.56076,0.335922,0.448415,2.735458
1645180880661.439,17754229790,636.247559,546.735477,2.65303,0.329228,0.464266,2.568314,0.333529,0.446959,2.737747
1645180880672.847,17754240893,639.679384,544.267559,2.652214,0.330995,0.461225,2.571487,0.335337,0.445887,2.732941
1645180880683.949,17754251996,643.808813,537.39531,2.641678,0.333697,0.4537,2.54805,0.336937,0.441959,2.735306
1645180880694.735,17754263099,640.882559,536.055869,2.646507,0.330376,0.451698,2.548935,0.33721,0.441728,2.74408
1645180880706.1938,17754274203,638.768806,536.231339,2.654236,0.329383,0.449366,2.553116,0.336001,0.444353,2.755356
1645180880717.228,17754285306,639.597588,537.619632,2.656174,0.327984,0.45465,2.560471,0.338263,0.441383,2.751877
1645180880727.983,17754296409,640.488768,536.072624,2.661911,0.327937,0.457708,2.56488,0.339239,0.435747,2.758942
1645180880739.4158,17754307513,639.358664,533.308822,2.659698,0.327222,0.454979,2.558746,0.338776,0.433869,2.760651
1645180880750.4749,17754318616,639.832964,537.673151,2.66803,0.329495,0.462108,2.566742,0.336998,0.434014,2.769318
1645180880761.311,17754329719,640.962868,538.708216,2.666611,0.332747,0.466208,2.563858,0.334923,0.431639,2.769363
1645180880772.686,17754340822,643.02083,540.965331,2.667076,0.332825,0.468417,2.566208,0.336988,0.433192,2.767944
1645180880783.759,17754351925,639.29389,539.159417,2.674988,0.328376,0.465756,2.577469,0.337555,0.432843,2.772507
1645180880794.785,17754363029,642.441416,541.827607,2.674675,0.326968,0.46774,2.573502,0.342241,0.435306,2.775848
1645180880806.0552,17754374132,633.40024,547.092265,2.682899,0.322925,0.475652,2.581802,0.336867,0.436169,2.783997
1645180880817.345,17754385236,625.563126,547.829586,2.674988,0.320817,0.473236,2.575089,0.330811,0.439813,2.774887
1645180880827.73,17754396339,612.956886,552.383816,2.679268,0.31579,0.471964,2.580124,0.322706,0.448675,2.778412
1645180880839.3408,17754407442,610.645094,550.105852,2.671547,0.314499,0.465675,2.577835,0.32159,0.451168,2.765259
1645180880850.418,17754418545,609.868355,549.498439,2.672211,0.313173,0.470317,2.581497,0.322106,0.445513,2.762924
1645180880861.259,17754429648,608.929424,552.030659,2.673073,0.311996,0.471538,2.579681,0.322306,0.448513,2.766464
1645180880873.322,17754440751,609.343815,553.094012,2.674973,0.312771,0.47378,2.575546,0.321963,0.448044,2.774399
1645180880883.956,17754451855,607.489014,555.547321,2.679832,0.313365,0.472682,2.57106,0.319436,0.45323,2.788605
1645180880894.644,17754462958,608.312416,555.987239,2.683716,0.31526,0.47272,2.577408,0.318399,0.453925,2.790024
1645180880905.928,17754474062,610.322771,557.302487,2.689018,0.317024,0.476416,2.585083,0.318729,0.452422,2.792953
1645180880917.177,17754485165,615.200987,554.377592,2.688507,0.317085,0.469402,2.575821,0.323749,0.454561,2.801193
1645180880927.207,17754496268,614.796524,551.711923,2.681976,0.315552,0.467051,2.570541,0.324861,0.452469,2.793411
1645180880939.43,17754507371,612.647982,549.114329,2.672401,0.31429,0.462716,2.561096,0.323885,0.452475,2.783707
1645180880950.433,17754518474,613.163967,551.619369,2.666786,0.315627,0.463229,2.559875,0.323086,0.456137,2.773697
1645180880961.0342,17754529577,656.034966,547.260314,2.662125,0.335328,0.462988,2.557785,0.348042,0.449113,2.766464
1645180880972.899,17754540681,696.525965,546.611702,2.660347,0.356581,0.463751,2.547775,0.368967,0.447269,2.772919
1645180880983.808,17754551784,722.538757,545.374721,2.655571,0.369778,0.465577,2.5522,0.382866,0.443381,2.758942
1645180880994.3792,17754562888,719.497576,549.737424,2.646332,0.368319,0.467804,2.543686,0.381158,0.448426,2.748978
1645180881006.041,17754573991,716.732798,551.596481,2.647552,0.368103,0.469035,2.550476,0.378494,0.450293,2.744629
1645180881015.1611,17754585094,721.928759,551.739371,2.643669,0.370899,0.466982,2.541473,0.38111,0.452584,2.745865
1645180881027.838,17754596197,727.595272,551.037884,2.641731,0.372748,0.467005,2.547348,0.385163,0.451391,2.736115
1645180881039.299,17754607300,722.775564,549.829924,2.640617,0.37016,0.466679,2.548965,0.382731,0.449705,2.732269
1645180881050.445,17754618403,721.592789,551.813489,2.634766,0.370295,0.472137,2.546967,0.381365,0.447553,2.722565
1645180881060.99,17754629507,714.023323,551.968199,2.629501,0.367123,0.471917,2.536041,0.376651,0.44803,2.722961
1645180881072.241,17754640610,716.742382,555.108708,2.620087,0.367945,0.474128,2.521255,0.378661,0.451053,2.718918
1645180881083.3818,17754651714,717.721853,548.811507,2.616173,0.368486,0.465833,2.51387,0.379141,0.448853,2.718475
1645180881094.5671,17754662817,722.71966,550.946009,2.615791,0.373724,0.469761,2.523468,0.379109,0.448483,2.708115
1645180881105.696,17754673920,718.383379,551.430613,2.615181,0.371082,0.470126,2.530151,0.377234,0.448925,2.700211
1645180881116.947,17754685023,719.531393,554.032946,2.61779,0.370351,0.472717,2.532425,0.379161,0.450672,2.703156
1645180881127.5688,17754696126,719.063702,553.080761,2.611008,0.370314,0.472409,2.51889,0.378711,0.449392,2.703125
1645180881139.598,17754707229,722.402029,552.383494,2.610619,0.372129,0.470659,2.517944,0.380373,0.44998,2.703293
1645180881150.393,17754718333,718.746471,552.975833,2.60733,0.370909,0.47271,2.523209,0.377786,0.448916,2.691452
1645180881161.4412,17754729437,708.730717,554.578346,2.613304,0.363363,0.47247,2.532166,0.374898,0.451827,2.694443
1645180881172.6511,17754740540,690.497389,555.997127,2.613335,0.351495,0.474222,2.535294,0.367774,0.45244,2.691376
1645180881183.603,17754751643,677.098818,558.830255,2.620689,0.343694,0.478071,2.536514,0.361618,0.453313,2.704865
1645180881194.263,17754762746,669.659986,554.772949,2.618225,0.340041,0.472939,2.533646,0.357522,0.451682,2.702805
1645180881205.7542,17754773849,673.524628,552.799505,2.620674,0.344587,0.470667,2.52594,0.357001,0.450666,2.715408
1645180881216.846,17754784952,672.639227,545.750427,2.613342,0.342961,0.459869,2.516159,0.357704,0.449715,2.710526
1645180881227.637,17754796055,664.76017,540.322584,2.613319,0.340603,0.456669,2.514236,0.351856,0.443868,2.712402
1645180881239.078,17754807159,661.747799,535.414642,2.606789,0.338104,0.452712,2.508148,0.351217,0.439645,2.705429
1645180881249.881,17754818263,661.028681,536.639678,2.606895,0.339089,0.457069,2.511795,0.349483,0.43733,2.701996
1645180881260.951,17754829366,664.214458,541.014594,2.604172,0.342141,0.457775,2.503601,0.349749,0.443916,2.704742
1645180881272.392,17754840469,669.465494,546.762496,2.609962,0.345118,0.462718,2.507339,0.352242,0.448553,2.712585
1645180881283.51,17754851572,670.015326,547.697121,2.605812,0.34613,0.465708,2.507584,0.351802,0.447121,2.704041
1645180881294.55,17754862675,670.366459,547.186393,2.604591,0.342266,0.464469,2.506622,0.356033,0.447508,2.70256
1645180881305.655,17754873778,666.062078,549.311811,2.606018,0.338641,0.465348,2.513199,0.355174,0.450172,2.698837
1645180881316.932,17754884881,664.978552,549.035883,2.611214,0.337235,0.461345,2.509796,0.355451,0.453715,2.712631
1645180881328.198,17754895985,663.343248,549.3855,2.606407,0.337527,0.461553,2.505051,0.353456,0.45409,2.707764
1645180881339.0542,17754907089,665.464983,547.552872,2.605354,0.338896,0.461197,2.504486,0.354296,0.451391,2.706223
1645180881350.1648,17754918192,666.861992,549.736404,2.597076,0.340949,0.463793,2.496323,0.353699,0.452435,2.69783
1645180881360.756,17754929295,665.511103,553.241158,2.596756,0.34074,0.467706,2.498856,0.352501,0.454363,2.694656
1645180881372.349,17754940398,666.1625,550.41613,2.588982,0.341419,0.465844,2.488251,0.3525,0.451516,2.689713
1645180881383.534,17754951501,664.741631,549.221134,2.589523,0.33838,0.466549,2.489838,0.354059,0.448819,2.689209
1645180881394.573,17754962604,665.726709,543.568486,2.584488,0.337224,0.461855,2.481781,0.356241,0.444092,2.687195
1645180881405.7068,17754973707,666.420135,547.116709,2.578865,0.338337,0.462853,2.472046,0.35585,0.449009,2.685684
1645180881416.776,17754984811,695.914679,546.781951,2.578758,0.353017,0.462669,2.469391,0.371894,0.448634,2.688126
1645180881427.546,17754995915,745.698595,542.03791,2.577888,0.376407,0.463353,2.479507,0.400362,0.440044,2.67627
1645180881439.014,17755007018,767.255516,536.024773,2.573303,0.387325,0.459372,2.474731,0.4119,0.434002,2.671875
1645180881450.048,17755018121,769.406204,534.006733,2.560699,0.391683,0.455822,2.476471,0.409782,0.434189,2.644928
1645180881460.8108,17755029224,768.253126,535.979158,2.558632,0.393164,0.456552,2.4729,0.4071,0.436747,2.644363
1645180881472.306,17755040327,773.256283,537.404412,2.557175,0.396553,0.459634,2.471481,0.408922,0.43604,2.642868
1645180881483.374,17755051430,775.968733,538.495177,2.56881,0.396901,0.462681,2.471786,0.4114,0.434811,2.665833
1645180881494.076,17755062533,778.784208,540.622705,2.562386,0.398149,0.462846,2.462463,0.413085,0.438192,2.662308
1645180881505.764,17755073637,781.253157,540.767777,2.559044,0.400638,0.46015,2.463821,0.413168,0.441129,2.654266
1645180881516.7998,17755084741,779.194078,539.272445,2.537651,0.398654,0.458081,2.452103,0.413007,0.440706,2.623199
1645180881527.383,17755095844,776.877422,536.130917,2.539162,0.396657,0.459016,2.454529,0.41259,0.434536,2.623795
1645180881538.85,17755106947,774.274292,574.056154,2.465553,0.394711,0.499246,2.365204,0.411825,0.457515,2.565903
1645180881548.89,17755118050,767.355795,598.112029,2.43589,0.393092,0.523461,2.314957,0.406237,0.473393,2.556824
1645180881558.957,17755129153,751.861954,668.518031,2.316795,0.385483,0.580549,2.197922,0.397706,0.533647,2.435669
1645180881570.252,17755140256,,,,,,,,,
1645180881581.284,17755151359,,,,,,,,,
1645180881591.923,17755162464,,,,,,,,,
1645180881603.3682,17755173567,,,,,,,,,
1645180881614.676,17755184670,,,,,,,,,
1645180881625.426,17755195773,,,,,,,,,
1645180881636.975,17755206876,,,,,,,,,
1645180881748.094,17755217979,,,,,,,,,
1645180881748.094,17755229082,,,,,,,,,
1645180881748.094,17755240185,,,,,,,,,
1645180881748.094,17755251290,,,,,,,,,
1645180881748.094,17755262393,,,,,,,0.295052,0.584228,1.687851
1645180881748.094,17755273496,,,,,,,0.326164,0.526558,2.118774
1645180881748.094,17755284599,,,,,,,0.366305,0.497458,2.360077
1645180881749.136,17755295702,768.968925,615.181142,2.420647,0.40193,0.54906,2.29776,0.399079,0.476242,2.543533
1645180881751.094,17755306805,760.588875,568.426126,2.472969,0.389823,0.476836,2.413467,0.402457,0.470541,2.532471
1645180881752.094,17755317908,761.716089,541.599923,2.487175,0.392497,0.446317,2.453522,0.400957,0.45635,2.520828
1645180881760.677,17755329011,761.027784,518.708968,2.506271,0.393012,0.434549,2.468338,0.399725,0.429966,2.544205
1645180881771.739,17755340116,778.568087,519.445986,2.538322,0.397599,0.443446,2.445755,0.41341,0.422298,2.63089
1645180881783.718,17755351219,783.296099,526.758313,2.532654,0.399775,0.454575,2.436646,0.416159,0.423356,2.628662
1645180881793.8088,17755362322,784.51232,528.661805,2.528564,0.399482,0.452695,2.427231,0.417718,0.428408,2.629898
1645180881804.788,17755373425,785.031309,529.240662,2.529533,0.400398,0.455066,2.432449,0.417343,0.427002,2.626617
1645180881816.729,17755384528,782.556725,534.298003,2.520676,0.400566,0.465119,2.428299,0.414597,0.425378,2.613052
1645180881826.724,17755395631,778.81671,534.756303,2.51899,0.401893,0.460314,2.428726,0.409374,0.430947,2.609253
1645180881838.716,17755406734,774.452648,535.287648,2.521118,0.400032,0.457916,2.433258,0.406689,0.43423,2.608978
1645180881849.767,17755417837,775.430689,532.731289,2.529503,0.399665,0.454832,2.450287,0.408075,0.433054,2.608719
1645180881860.607,17755428942,779.966097,535.345763,2.540504,0.398722,0.461408,2.461655,0.413742,0.430835,2.619354
1645180881871.8071,17755440045,781.264744,539.966816,2.549576,0.398316,0.464399,2.465164,0.415501,0.435546,2.633987
1645180881883.092,17755451148,783.130016,543.524855,2.549553,0.399001,0.467594,2.454773,0.41676,0.438281,2.644333
1645180881894.123,17755462251,777.899637,544.689649,2.54705,0.395949,0.466608,2.451447,0.414363,0.441209,2.642654
1645180881905.284,17755473354,778.188,546.580714,2.551414,0.396291,0.471926,2.462387,0.414322,0.439042,2.640442
1645180881916.384,17755484457,777.713499,545.649076,2.552567,0.395629,0.471682,2.462128,0.414489,0.437733,2.643005
1645180881926.658,17755495560,782.276459,548.79663,2.560852,0.397723,0.476074,2.469559,0.417148,0.438587,2.652145
1645180881938.542,17755506664,780.75757,544.935375,2.563202,0.397237,0.468766,2.46228,0.416052,0.439459,2.664124
1645180881949.792,17755517768,781.605749,547.356623,2.570877,0.398767,0.467143,2.468567,0.415405,0.445118,2.673187
1645180881960.495,17755528871,778.566971,544.899595,2.576096,0.401037,0.463167,2.465607,0.40997,0.444999,2.686584
1645180881971.542,17755539974,779.112711,541.17474,2.574745,0.401644,0.460951,2.472473,0.409931,0.441007,2.677017
1645180881983.457,17755551077,780.008669,537.485826,2.577103,0.40212,0.459874,2.475418,0.410389,0.435935,2.678787
1645180881993.693,17755562180,783.285999,538.619256,2.59156,0.400248,0.459949,2.503281,0.415675,0.43775,2.67984
1645180882005.523,17755573283,781.791573,541.350245,2.591797,0.397586,0.462767,2.496826,0.41678,0.439484,2.686768
1645180882016.5168,17755584386,781.502638,543.157178,2.593224,0.397911,0.462864,2.499222,0.416154,0.442398,2.687225
1645180882027.124,17755595490,773.105021,543.579108,2.58387,0.396228,0.460534,2.481155,0.40909,0.445431,2.686584
1645180882038.4878,17755606594,773.836126,545.691222,2.587151,0.397775,0.464386,2.488525,0.408305,0.445099,2.685776
1645180882049.5369,17755617697,770.287342,542.348117,2.57309,0.395161,0.461028,2.470337,0.407222,0.442886,2.675842
1645180882063.01,17755628800,776.337833,540.099281,2.571159,0.39771,0.461407,2.473206,0.410975,0.438759,2.669113
1645180882071.909,17755639903,776.333599,537.903124,2.573936,0.397174,0.457787,2.480408,0.411507,0.438718,2.667465
1645180882083.106,17755651006,777.782164,544.096631,2.584312,0.397468,0.464591,2.494095,0.412722,0.442237,2.67453
1645180882094.325,17755662109,778.345928,547.183084,2.583191,0.39881,0.468837,2.497574,0.411967,0.443134,2.668808
1645180882105.1072,17755673212,782.988768,550.445062,2.574844,0.402687,0.473193,2.485291,0.412926,0.444216,2.664398
1645180882116.182,17755684316,780.852928,548.387146,2.574463,0.400179,0.470549,2.481613,0.413209,0.44343,2.667313
1645180882126.537,17755695420,785.513735,543.516791,2.563522,0.400253,0.464264,2.462326,0.41799,0.441597,2.664719
1645180882138.458,17755706523,782.97369,543.447125,2.565453,0.398999,0.46013,2.461746,0.416598,0.445615,2.669159
1645180882149.6738,17755717626,780.867748,542.637455,2.559334,0.39785,0.464905,2.464066,0.415554,0.439491,2.654602
1645180882160.271,17755728729,780.140219,547.525567,2.553658,0.398005,0.467525,2.462387,0.414641,0.445017,2.644928
1645180882172.509,17755739832,777.832403,546.781057,2.546791,0.397445,0.469575,2.45575,0.412797,0.441727,2.637833
1645180882182.896,17755750935,781.341906,543.088657,2.530701,0.400391,0.460548,2.431381,0.413507,0.4446,2.63002
1645180882193.959,17755762038,795.07453,537.37911,2.520401,0.407041,0.461158,2.428741,0.421161,0.434474,2.612061
1645180882205.18,17755773142,823.870754,530.6804,2.502312,0.422198,0.455355,2.409973,0.436,0.429112,2.59465
1645180882216.1702,17755784246,847.461777,534.30562,2.498016,0.433622,0.462274,2.41066,0.44915,0.428236,2.585373
1645180882226.908,17755795349,865.407543,534.401625,2.487228,0.441712,0.462967,2.392456,0.459754,0.427703,2.582001
1645180882238.364,17755806452,861.129255,536.208487,2.490868,0.439655,0.464663,2.400101,0.457355,0.429018,2.581635
1645180882249.441,17755817555,862.118425,536.399853,2.493248,0.440948,0.460878,2.392776,0.457093,0.433121,2.593719
1645180882260.203,17755828658,868.99724,534.512043,2.485123,0.445821,0.456154,2.391312,0.459384,0.434699,2.578934
1645180882271.6128,17755839761,875.986805,539.102912,2.488106,0.450181,0.458258,2.39061,0.462305,0.440247,2.585602
1645180882282.5469,17755850865,879.242363,539.452583,2.484451,0.45091,0.461015,2.390884,0.464968,0.438072,2.578018
1645180882293.557,17755861968,875.397091,540.201169,2.485207,0.446723,0.46822,2.392639,0.465149,0.432115,2.577774
1645180882305.1318,17755873072,868.060799,534.27574,2.474098,0.440529,0.466357,2.38205,0.463701,0.424103,2.566147
1645180882316.159,17755884174,872.798996,528.565264,2.461296,0.444094,0.461291,2.369644,0.465072,0.419651,2.552948
1645180882327.313,17755895277,867.36208,534.23878,2.448105,0.442309,0.464659,2.356674,0.461193,0.425739,2.539536
1645180882337.903,17755906380,867.561579,535.52295,2.445511,0.443963,0.464491,2.362473,0.459747,0.428048,2.528549
1645180882349.3792,17755917483,862.520742,543.125474,2.457825,0.43985,0.474551,2.389496,0.45861,0.430658,2.526154
1645180882360.118,17755928586,862.143116,545.039999,2.450958,0.440616,0.471372,2.389114,0.45745,0.437028,2.512802
1645180882371.44,17755939690,863.263235,548.099166,2.44857,0.440517,0.472475,2.376694,0.458716,0.441023,2.520447
1645180882382.642,17755950793,865.350323,543.835258,2.443459,0.444151,0.465426,2.366119,0.457256,0.440966,2.520798
1645180882393.001,17755961897,869.152565,543.790698,2.448677,0.444158,0.462385,2.364914,0.461209,0.443933,2.53244
1645180882405.021,17755973000,868.314571,542.805594,2.448654,0.44368,0.461508,2.365646,0.460814,0.443168,2.531662
1645180882416.114,17755984103,864.284534,542.760301,2.44677,0.440645,0.459477,2.355118,0.459651,0.445124,2.538422
1645180882426.792,17755995206,867.216883,539.84161,2.442841,0.444863,0.462378,2.348465,0.458488,0.437358,2.537216
1645180882437.8208,17756006309,870.242758,541.088641,2.446686,0.444709,0.463721,2.343674,0.461794,0.438093,2.549698
1645180882448.858,17756017412,868.457108,545.782828,2.443626,0.445291,0.468168,2.339615,0.459352,0.44147,2.547638
1645180882459.6729,17756028516,864.94051,546.329051,2.442551,0.443355,0.46687,2.341873,0.457625,0.443678,2.543228
1645180882471.439,17756039619,861.824484,545.618409,2.442802,0.443589,0.462009,2.34697,0.454144,0.447355,2.538635
1645180882482.36,17756050723,863.499727,545.550138,2.44738,0.443151,0.463355,2.364822,0.456328,0.445895,2.529938
1645180882493.415,17756061826,885.883141,548.266661,2.449059,0.45145,0.464401,2.371811,0.471345,0.449376,2.526306
1645180882505.043,17756072929,919.21423,544.479167,2.445091,0.470235,0.465005,2.377182,0.48728,0.44246,2.513
1645180882516.031,17756084032,944.020758,538.293618,2.435799,0.483883,0.456569,2.36174,0.499472,0.440587,2.509857
1645180882526.642,17756095135,957.347174,536.435133,2.435226,0.489439,0.451637,2.367889,0.507798,0.442422,2.502563
1645180882538.058,17756106238,954.089327,537.38122,2.432579,0.488089,0.449986,2.354462,0.505754,0.445649,2.510696
1645180882549.28,17756117342,957.43721,537.02985,2.439453,0.489971,0.451164,2.365067,0.50736,0.443886,2.51384
1645180882559.894,17756128445,960.546684,536.11089,2.444641,0.490944,0.45199,2.363174,0.509626,0.441528,2.526108
1645180882571.94,17756139549,960.665102,535.202926,2.436165,0.492556,0.45561,2.366364,0.508137,0.436394,2.505966
1645180882582.23,17756150652,960.097618,538.63914,2.438583,0.492091,0.459558,2.363754,0.50801,0.438174,2.513412
1645180882593.302,17756161755,961.353951,539.465117,2.443954,0.493711,0.457303,2.371323,0.507699,0.441805,2.516586
1645180882604.746,17756172858,961.046677,539.466208,2.459335,0.492219,0.455197,2.379379,0.508871,0.443913,2.539291
1645180882615.9402,17756183961,963.464384,532.108426,2.448631,0.492583,0.447553,2.375015,0.511025,0.439295,2.522247
1645180882626.552,17756195065,960.063686,535.974455,2.441399,0.489484,0.453635,2.36293,0.510582,0.439656,2.519867
1645180882637.708,17756206168,961.683025,537.578845,2.435478,0.491152,0.452991,2.359802,0.510602,0.442974,2.511154
1645180882649.386,17756217271,959.231672,544.384003,2.441307,0.492178,0.459059,2.356659,0.507022,0.448248,2.525955
1645180882659.88,17756228375,960.712566,541.608524,2.439049,0.495153,0.457605,2.366837,0.505589,0.445075,2.511261
1645180882671.662,17756239478,961.60635,544.167387,2.445885,0.495915,0.459924,2.370407,0.505758,0.447021,2.521362
1645180882682.501,17756250581,964.246273,547.005379,2.4487,0.496095,0.462336,2.376556,0.508328,0.449339,2.520844
1645180882692.936,17756261684,964.261236,547.575849,2.451729,0.496341,0.465426,2.373703,0.508098,0.4472,2.529755
1645180882703.917,17756272787,965.33658,545.01003,2.44706,0.497248,0.467342,2.376038,0.508311,0.441008,2.518082
1645180882715.771,17756283891,964.282064,543.791682,2.440987,0.497927,0.465903,2.373901,0.506533,0.440417,2.508072
1645180882726.805,17756294994,961.802444,541.831595,2.439438,0.495716,0.460308,2.376663,0.506161,0.442745,2.502213
1645180882737.8572,17756306097,957.884903,538.998002,2.442505,0.49223,0.455003,2.382721,0.505567,0.443327,2.502289
1645180882749.048,17756317201,956.104946,537.305832,2.441406,0.491014,0.45454,2.371704,0.504928,0.44097,2.511108
1645180882759.685,17756328304,957.413149,542.447752,2.454185,0.492327,0.462122,2.385147,0.504978,0.441958,2.523224
1645180882771.44,17756339407,957.017069,545.480955,2.463219,0.494049,0.46428,2.382462,0.502844,0.444855,2.543976
1645180882782.488,17756350510,956.856136,543.391997,2.474419,0.493685,0.464714,2.403351,0.503041,0.44094,2.545486
1645180882792.891,17756361613,959.098692,542.01318,2.466743,0.494045,0.45963,2.383957,0.505016,0.443725,2.54953
1645180882804.922,17756372716,960.643473,542.149901,2.458244,0.49363,0.460438,2.38533,0.507041,0.443145,2.531158
1645180882815.836,17756383819,960.633459,549.741036,2.457344,0.492484,0.463449,2.376785,0.508176,0.452786,2.537903
1645180882826.3162,17756394922,962.126341,547.358447,2.464287,0.494883,0.466885,2.386246,0.507332,0.445379,2.542328
1645180882838.348,17756406026,962.399082,547.866225,2.466209,0.496223,0.465695,2.382187,0.506276,0.447416,2.550232
1645180882849.205,17756417129,963.104382,546.022779,2.470284,0.49868,0.464793,2.393417,0.504554,0.445245,2.54715
1645180882860.054,17756428232,962.26161,547.958064,2.474136,0.497686,0.460959,2.398163,0.50467,0.452305,2.55011
1645180882871.026,17756439335,961.957741,547.31639,2.479156,0.497529,0.460521,2.40921,0.50451,0.451673,2.549103
1645180882882.516,17756450438,960.921764,541.826391,2.482498,0.493055,0.455974,2.415466,0.507906,0.44707,2.54953
1645180882892.914,17756461542,965.325193,543.019617,2.485435,0.495392,0.454577,2.416992,0.510155,0.450455,2.553879
1645180882904.949,17756472645,965.836058,544.894642,2.480591,0.493207,0.455284,2.405975,0.512872,0.452874,2.555206
1645180882915.912,17756483748,967.598906,542.632699,2.466309,0.493854,0.453179,2.386887,0.514062,0.451209,2.545731
1645180882926.2742,17756494852,969.525805,538.488007,2.463768,0.494036,0.458209,2.389908,0.515887,0.439271,2.537628
1645180882938.15,17756505955,985.310669,541.526288,2.471771,0.503288,0.465412,2.406158,0.523077,0.437132,2.537384
1645180882948.99,17756517058,1009.273281,549.383873,2.486214,0.518202,0.473363,2.427139,0.533125,0.442277,2.545288
1645180882960.016,17756528161,1043.504391,551.167148,2.479019,0.533854,0.471286,2.4133,0.55313,0.447326,2.544739
1645180882971.3682,17756539265,1048.096561,547.490877,2.478745,0.53699,0.466166,2.400391,0.554777,0.446319,2.557098
1645180882982.371,17756550368,1049.860897,543.950361,2.472542,0.537482,0.46368,2.389816,0.556123,0.442904,2.555267
1645180882992.9968,17756561471,1047.263947,545.770901,2.485802,0.536984,0.463813,2.411285,0.553916,0.445805,2.560318
1645180883004.2551,17756572574,1051.940174,547.011209,2.492897,0.539442,0.466388,2.428802,0.556329,0.445297,2.556992
1645180883015.416,17756583678,1054.123878,546.822792,2.493393,0.541275,0.463094,2.420547,0.556771,0.448277,2.566238
1645180883026.39,17756594781,1056.994915,541.529918,2.495262,0.542494,0.461328,2.420578,0.558542,0.441222,2.569946
1645180883037.896,17756605884,1056.010323,543.456244,2.50148,0.543164,0.464301,2.43515,0.556847,0.44146,2.56781
1645180883048.86,17756616987,1053.54641,546.416795,2.495903,0.542493,0.464293,2.428802,0.554951,0.446402,2.563004
1645180883059.505,17756628091,1053.699989,545.056361,2.494568,0.542589,0.461857,2.424576,0.555015,0.44657,2.56456
1645180883070.914,17756639194,1055.019207,542.788249,2.4851,0.541963,0.455968,2.412292,0.557016,0.448679,2.557907
1645180883082.0552,17756650297,1054.642639,544.976556,2.49749,0.541817,0.459974,2.439835,0.556769,0.448321,2.555145
1645180883092.814,17756661400,1054.448948,541.77171,2.502083,0.541448,0.459423,2.441422,0.556937,0.44353,2.562744
1645180883104.2349,17756672504,1053.684311,542.808491,2.505882,0.540702,0.462293,2.439072,0.556886,0.442388,2.572693
1645180883115.439,17756683607,1051.360817,542.432892,2.502571,0.538645,0.463536,2.432953,0.556523,0.440519,2.572189
1645180883126.493,17756694710,1048.042316,545.993453,2.505333,0.539178,0.466791,2.439499,0.552533,0.443198,2.571167
1645180883137.5889,17756705813,1047.43372,551.260328,2.518471,0.540142,0.474009,2.459503,0.550935,0.444758,2.577438
1645180883148.883,17756716917,1049.027939,553.391522,2.531433,0.542695,0.479658,2.475311,0.550043,0.442661,2.587555
1645180883158.911,17756728020,1049.34288,555.224812,2.537239,0.541803,0.483347,2.475677,0.551262,0.442028,2.598801
1645180883170.9412,17756739123,1051.148586,549.733543,2.529716,0.543578,0.479111,2.470734,0.551368,0.437111,2.588699
1645180883182.244,17756750226,1054.066944,545.150292,2.511932,0.545507,0.471366,2.442154,0.55248,0.437218,2.581711
1645180883192.63,17756761330,1057.675381,542.710412,2.51313,0.545491,0.464421,2.442017,0.556255,0.440097,2.584244
1645180883204.727,17756772433,1054.845657,540.169233,2.513397,0.543797,0.455783,2.439301,0.555001,0.444499,2.587494
1645180883215.366,17756783536,1052.341747,540.044546,2.538139,0.540071,0.456494,2.46991,0.556119,0.44358,2.606369
1645180883226.147,17756794639,1051.932621,547.567767,2.55072,0.540449,0.463188,2.481079,0.555314,0.449425,2.620361
1645180883237.7578,17756805742,1053.949013,546.320558,2.556854,0.541468,0.463756,2.490845,0.556396,0.446778,2.622864
1645180883248.851,17756816846,1057.260475,539.644951,2.549141,0.545019,0.457502,2.479294,0.556294,0.441906,2.618988
1645180883259.42,17756827949,1053.175392,541.536212,2.562233,0.54464,0.459863,2.49118,0.552418,0.442697,2.633286
1645180883270.9128,17756839052,1062.268982,545.86814,2.572922,0.549228,0.462697,2.490524,0.557302,0.447083,2.655319
1645180883282.0151,17756850156,1099.659863,552.119011,2.583786,0.566725,0.463779,2.499222,0.578754,0.456419,2.66835
1645180883292.642,17756861259,1164.969807,546.205902,2.581551,0.598607,0.460355,2.50029,0.614903,0.449988,2.662811
1645180883304.317,17756872362,1185.046062,549.921066,2.59211,0.610895,0.466617,2.520355,0.623528,0.449918,2.663864
1645180883315.202,17756883464,1180.637169,552.972561,2.595749,0.609065,0.472102,2.530029,0.620765,0.449519,2.661469
1645180883326.129,17756894568,1174.849892,558.061033,2.605148,0.604666,0.477883,2.544724,0.619136,0.452219,2.665573
1645180883337.6929,17756905671,1179.150581,554.856241,2.608467,0.606271,0.475524,2.554611,0.622011,0.449236,2.662323
1645180883348.602,17756916774,1184.058552,550.768036,2.605484,0.610121,0.472618,2.551666,0.623273,0.445329,2.659302
1645180883359.416,17756927877,1180.348148,547.785491,2.60022,0.610469,0.469185,2.547104,0.61906,0.443791,2.653336
1645180883370.573,17756938981,1181.792793,549.23889,2.590752,0.611118,0.471454,2.533463,0.619916,0.443944,2.648041
1645180883381.9412,17756950084,1178.859558,549.793482,2.591019,0.609923,0.468489,2.53009,0.618056,0.447834,2.651947
1645180883392.142,17756961187,1178.612423,548.930776,2.592644,0.609912,0.467604,2.532623,0.617809,0.447281,2.652664
1645180883404.143,17756972291,1175.286427,549.366385,2.583054,0.609744,0.466165,2.528763,0.614513,0.449446,2.637344
1645180883415.234,17756983394,1172.591858,552.301383,2.585526,0.610519,0.47113,2.53331,0.610931,0.449372,2.637741
1645180883426.2732,17756994497,1175.28986,550.372392,2.58625,0.611609,0.468147,2.528931,0.612651,0.44914,2.64357
1645180883437.561,17757005600,1178.718395,553.88419,2.600426,0.613998,0.473112,2.549637,0.613833,0.450028,2.651215
1645180883448.516,17757016703,1185.008755,549.995559,2.590195,0.614812,0.468756,2.543533,0.619572,0.447903,2.636856
1645180883459.178,17757027807,1184.016609,551.224387,2.588043,0.612865,0.471485,2.545761,0.620486,0.447223,2.630325
1645180883470.656,17757038910,1180.241146,545.304447,2.58429,0.608748,0.463782,2.537369,0.62067,0.445059,2.63121
1645180883481.7432,17757050013,1178.059673,547.100723,2.593712,0.606674,0.464466,2.542068,0.620472,0.447368,2.645355
1645180883492.65,17757061117,1180.422478,546.982759,2.5886,0.608243,0.464864,2.535995,0.621363,0.446774,2.641205
1645180883504.032,17757072220,1181.371193,548.877668,2.593079,0.608265,0.467077,2.538177,0.62233,0.447719,2.64798
1645180883515.018,17757083323,1179.955101,547.77562,2.590179,0.605041,0.468131,2.537064,0.624079,0.444829,2.643295
1645180883525.87,17757094426,1182.229156,545.107734,2.596359,0.606361,0.46531,2.542633,0.625128,0.443203,2.650085
1645180883537.441,17757105529,1181.910439,540.326428,2.59079,0.607294,0.466311,2.54306,0.623863,0.434233,2.638519
1645180883548.484,17757116633,1180.499783,543.886077,2.589905,0.609269,0.468001,2.536652,0.620418,0.438475,2.643158
1645180883559.123,17757127736,1177.48106,542.58247,2.583191,0.607877,0.469644,2.531235,0.618665,0.434661,2.635147
1645180883570.73,17757138839,1177.544289,546.976894,2.584435,0.606758,0.468483,2.521439,0.61985,0.443145,2.64743
1645180883581.787,17757149943,1178.126678,544.868428,2.589333,0.605551,0.469673,2.530746,0.621664,0.438442,2.647919
1645180883592.376,17757161046,1183.55135,550.71373,2.599258,0.608129,0.473572,2.543549,0.624737,0.444284,2.654968
1645180883604.415,17757172149,1187.428551,550.752515,2.598824,0.611703,0.475121,2.542633,0.625202,0.4428,2.655014
1645180883615.101,17757183252,1187.170143,548.90281,2.590843,0.611674,0.471131,2.530121,0.624961,0.443707,2.651566
1645180883626.095,17757194355,1184.101868,546.637702,2.586815,0.610332,0.466637,2.525635,0.623108,0.444425,2.647995
1645180883637.398,17757205459,1182.149048,548.209745,2.588539,0.607702,0.462037,2.518372,0.623703,0.451646,2.658707
1645180883747.51,17757216562,1183.869495,550.525546,2.59684,0.610262,0.462844,2.522949,0.622935,0.454699,2.670731
1645180883748.383,17757227665,1182.616425,550.152558,2.598862,0.60987,0.461741,2.524185,0.622022,0.45518,2.673538
1645180883749.384,17757238769,1180.64249,549.519789,2.594055,0.609819,0.470749,2.537018,0.620017,0.445117,2.651093
1645180883751.3772,17757249872,1177.975159,552.420402,2.589546,0.607517,0.475553,2.54982,0.619541,0.445148,2.629272
1645180883751.3772,17757260975,1179.492073,554.798466,2.583748,0.606716,0.480659,2.538361,0.621922,0.444005,2.629135
1645180883752.375,17757272078,1179.327164,551.108247,2.56945,0.606783,0.470882,2.507568,0.621683,0.447632,2.631332
1645180883753.374,17757283181,1178.305321,550.869298,2.567726,0.605775,0.471252,2.496948,0.621626,0.446863,2.638504
1645180883754.374,17757294285,1176.818161,554.84165,2.566444,0.605924,0.476146,2.499878,0.619929,0.44859,2.633011
1645180883754.374,17757305388,1177.737122,556.656271,2.571022,0.6063,0.481691,2.514786,0.62051,0.44607,2.627258
1645180883754.374,17757316491,1182.688751,552.881366,2.565857,0.608546,0.478376,2.507324,0.623421,0.443093,2.62439
1645180883758.97,17757327594,1183.719463,550.666147,2.560318,0.6097,0.475188,2.501022,0.623342,0.442589,2.619614
1645180883770.628,17757338698,1185.077305,547.450751,2.556335,0.610585,0.472568,2.496964,0.623871,0.43985,2.615707
1645180883781.64,17757349801,1183.253288,545.322222,2.556862,0.609499,0.473277,2.506302,0.623056,0.435593,2.607422
1645180883792.437,17757360904,1185.393162,542.379177,2.556671,0.611036,0.468452,2.507568,0.623748,0.435513,2.605774
1645180883803.593,17757372007,1216.700706,545.96352,2.56115,0.626012,0.467117,2.506577,0.641385,0.442822,2.615723
1645180883814.94,17757383110,1258.177471,550.636214,2.560402,0.647835,0.465718,2.500412,0.662766,0.452009,2.620392
1645180883824.975,17757394213,1297.381668,554.101717,2.56295,0.668648,0.469423,2.49968,0.682791,0.45408,2.626221
1645180883837.39,17757405317,1298.283634,552.565312,2.560051,0.669753,0.47455,2.507065,0.682626,0.446392,2.613037
1645180883848.275,17757416420,1292.793846,551.030016,2.553246,0.667387,0.477077,2.5,0.679273,0.441307,2.606491
1645180883858.881,17757427523,1296.668358,549.296629,2.554123,0.669714,0.473348,2.507675,0.680982,0.442147,2.600571
1645180883870.924,17757438626,1299.513988,549.80852,2.553108,0.672345,0.468012,2.505386,0.681315,0.448335,2.60083
1645180883881.563,17757449729,1297.335377,551.378953,2.560783,0.672126,0.464991,2.51564,0.679265,0.453974,2.605927
1645180883892.352,17757460832,1297.332172,550.586575,2.559769,0.671108,0.464654,2.511765,0.68028,0.45299,2.607773
1645180883904.1382,17757471936,1298.343201,549.917471,2.5644,0.671338,0.462318,2.520935,0.681103,0.454211,2.607864
1645180883914.963,17757483039,1304.726887,550.363666,2.570061,0.674527,0.460937,2.523315,0.684563,0.456336,2.616806
1645180883925.672,17757494143,1305.404491,551.832283,2.575272,0.673852,0.46223,2.532669,0.685944,0.457491,2.617874
1645180883937.703,17757505246,1305.184479,549.719203,2.575241,0.673855,0.460581,2.518402,0.685712,0.455618,2.63208
1645180883948.294,17757516349,1306.206722,548.865759,2.572556,0.675012,0.463077,2.518753,0.68562,0.451699,2.626358
1645180883958.98,17757527452,1302.602577,547.504324,2.570641,0.672253,0.461081,2.518433,0.684625,0.451426,2.622849
1645180883970.563,17757538555,1301.153469,546.470332,2.57621,0.671218,0.463524,2.534195,0.68415,0.44726,2.618225
1645180883981.59,17757549658,1297.293148,544.333434,2.574852,0.668006,0.460105,2.527054,0.683341,0.447117,2.62265
1645180883992.27,17757560762,1265.565434,541.730064,2.581665,0.651149,0.458489,2.532455,0.667149,0.444395,2.630875
1645180884002.733,17757571865,1258.497849,544.180065,2.557182,0.646576,0.458398,2.502335,0.664359,0.448569,2.61203
1645180884014.779,17757582969,1014.440861,539.860404,2.58905,0.516073,0.459467,2.532852,0.540636,0.440301,2.645248
1645180884025.825,17757594072,695.21533,537.25791,2.601555,0.354781,0.453185,2.53215,0.369401,0.442244,2.670959
1645180884036.643,17757605175,690.190773,539.309871,2.607315,0.351449,0.45591,2.530746,0.367499,0.44294,2.683884
1645180884048.2769,17757616278,655.388746,546.368802,2.609566,0.337918,0.459277,2.521942,0.344778,0.451337,2.697189
1645180884061.207,17757627381,655.665407,545.529091,2.618362,0.339109,0.458408,2.523712,0.343876,0.450808,2.713013
1645180884070.435,17757638484,642.057209,542.820883,2.615257,0.332757,0.455251,2.513336,0.336052,0.44945,2.717178
1645180884081.543,17757649588,647.82197,539.662224,2.613495,0.334658,0.454876,2.514954,0.340156,0.444561,2.712036
1645180884091.694,17757660692,650.797949,538.458842,2.615288,0.335996,0.458519,2.51741,0.341919,0.438912,2.713165
1645180884103.628,17757671795,652.325678,541.417533,2.621712,0.335874,0.461786,2.524185,0.343631,0.440577,2.719238
1645180884114.816,17757682898,651.045341,539.828771,2.621513,0.333147,0.460853,2.523819,0.345025,0.438861,2.719208
1645180884125.48,17757694001,651.227245,539.259732,2.622772,0.33183,0.457824,2.523361,0.346531,0.440942,2.722183
1645180884136.641,17757705104,651.054239,537.674171,2.625565,0.331978,0.4599,2.535049,0.346204,0.436224,2.71608
1645180884148.25,17757716207,649.140158,539.950222,2.62352,0.332085,0.463241,2.531387,0.344102,0.436676,2.715652
1645180884158.987,17757727310,648.872995,542.084759,2.627296,0.334019,0.465466,2.534882,0.341891,0.438009,2.719711
1645180884170.237,17757738414,647.443857,544.294024,2.630966,0.332773,0.465583,2.537308,0.341647,0.441574,2.724625
1645180884181.4412,17757749517,647.25194,543.617964,2.636475,0.332289,0.465608,2.541245,0.341931,0.440421,2.731705
1645180884192.47,17757760620,648.330488,542.578608,2.639359,0.331598,0.46585,2.544113,0.343746,0.438448,2.734604
1645180884203.6282,17757771724,647.434587,542.377084,2.641525,0.33336,0.464917,2.545914,0.341051,0.439045,2.737137
1645180884214.598,17757782827,647.212772,542.362672,2.646843,0.331666,0.463627,2.560074,0.342514,0.440311,2.733612
1645180884225.519,17757793930,647.559643,545.287567,2.653755,0.330669,0.463983,2.56778,0.343872,0.44483,2.739731
1645180884236.797,17757805033,648.837547,544.57832,2.651039,0.330876,0.460418,2.555359,0.344996,0.447212,2.746719
1645180884248.102,17757816136,654.17942,540.584725,2.642143,0.33587,0.45695,2.538315,0.345567,0.444024,2.745972
1645180884259.0352,17757827240,652.04052,542.236304,2.637779,0.334251,0.453313,2.527039,0.344957,0.450414,2.74852
1645180884270.3608,17757838343,647.388582,541.765952,2.639153,0.330589,0.456566,2.545654,0.343774,0.446377,2.732651
1645180884281.5,17757849446,615.570631,554.48876,2.651863,0.31352,0.466404,2.548248,0.327699,0.457744,2.755478
1645180884291.922,17757860550,571.28583,559.157467,2.652809,0.295414,0.473659,2.552612,0.299675,0.45827,2.753006
1645180884303.566,17757871653,549.817085,564.722264,2.657379,0.282497,0.477611,2.54895,0.290229,0.463593,2.765808
1645180884314.6812,17757882756,548.441477,563.886684,2.667427,0.280937,0.475163,2.563583,0.290356,0.464648,2.771271
1645180884324.903,17757893858,559.493923,562.919998,2.673553,0.285663,0.471077,2.56871,0.297143,0.467123,2.778397
1645180884336.897,17757904961,554.922009,562.362868,2.677162,0.28378,0.471783,2.572968,0.294263,0.465488,2.781357
1645180884348.243,17757916065,554.826965,557.085371,2.668472,0.282924,0.471038,2.580551,0.295021,0.457438,2.756393
1645180884358.614,17757927169,548.772984,555.230606,2.668327,0.27957,0.472736,2.576431,0.292068,0.452648,2.760223
1645180884370.105,17757938272,548.654566,554.157454,2.67794,0.277114,0.471598,2.594147,0.294401,0.451998,2.761734
1645180884381.2612,17757949375,548.579893,554.3917,2.677498,0.278412,0.468981,2.59256,0.293025,0.455005,2.762436
1645180884391.9438,17757960478,547.70402,552.68898,2.68116,0.278559,0.466342,2.600311,0.291966,0.454806,2.762009
1645180884403.7622,17757971581,548.017187,554.012203,2.672943,0.279625,0.467344,2.579666,0.291227,0.45601,2.76622
1645180884414.618,17757982684,548.158178,555.173171,2.670456,0.280463,0.469358,2.569427,0.290535,0.455931,2.771484
1645180884424.848,17757993787,545.809765,559.660542,2.666672,0.280147,0.47359,2.565002,0.288405,0.459178,2.768341
1645180884436.846,17758004892,544.002256,562.766379,2.668098,0.277839,0.475596,2.570847,0.28883,0.462348,2.76535
1645180884447.843,17758015995,543.132448,560.827357,2.658157,0.278105,0.475738,2.55928,0.287658,0.458974,2.757034
1645180884458.623,17758027098,544.208393,563.699251,2.652412,0.27968,0.478122,2.554184,0.287204,0.461377,2.750641
1645180884469.697,17758038201,545.419865,563.399488,2.649544,0.28191,0.478186,2.5495,0.286236,0.460814,2.749588
1645180884480.696,17758049304,546.373844,563.84216,2.655602,0.281971,0.47695,2.556763,0.287169,0.462787,2.75444
1645180884491.611,17758060407,548.241262,558.627158,2.658783,0.280482,0.473281,2.560226,0.290602,0.457764,2.757339
1645180884503.6162,17758071510,548.045225,553.934151,2.651779,0.279268,0.468325,2.554688,0.291613,0.454899,2.748871
1645180884514.74,17758082613,551.394053,558.435327,2.664131,0.278295,0.475569,2.567993,0.296074,0.455157,2.760269
1645180884525.022,17758093718,552.17617,555.377913,2.661552,0.277988,0.470847,2.567429,0.297195,0.454783,2.755676
1645180884536.624,17758104821,554.570103,555.758643,2.665596,0.279992,0.472577,2.57254,0.297685,0.453687,2.758652
1645180884547.782,17758115924,552.921095,552.651179,2.65834,0.280617,0.466439,2.56192,0.295343,0.454646,2.754761
1645180884558.825,17758127027,552.714672,559.430319,2.656837,0.281946,0.472334,2.559174,0.293798,0.46005,2.754501
1645180884570.099,17758138130,546.650076,562.84917,2.656982,0.279149,0.476886,2.562561,0.290278,0.461196,2.751404
1645180884581.34,17758149233,553.626165,567.074293,2.656166,0.282293,0.481596,2.568802,0.294401,0.463528,2.74353
1645180884591.582,17758160336,597.271471,565.752411,2.65345,0.300378,0.481701,2.56459,0.321779,0.461219,2.74231
1645180884603.2778,17758171439,626.666622,564.191973,2.646584,0.31846,0.476433,2.548523,0.334318,0.463887,2.744644
1645180884614.298,17758182543,640.70014,560.30885,2.641182,0.327519,0.472822,2.539276,0.339877,0.461026,2.743088
1645180884624.891,17758193646,635.37632,561.957246,2.64151,0.326472,0.473874,2.543823,0.335379,0.462722,2.739197
1645180884636.941,17758204750,640.567703,563.447446,2.642517,0.328131,0.479015,2.55249,0.339127,0.460064,2.732544
1645180884647.9412,17758215853,641.389675,568.70454,2.644234,0.327795,0.486474,2.558624,0.340319,0.461366,2.729843
1645180884658.425,17758226956,644.847765,569.11186,2.645157,0.329892,0.4877,2.556717,0.341825,0.46082,2.733597
1645180884670.544,17758238059,640.773926,568.097609,2.646507,0.327812,0.483082,2.555771,0.339661,0.463748,2.737244
1645180884681.252,17758249162,644.315786,565.121895,2.64209,0.329386,0.476026,2.546448,0.341776,0.465844,2.737732
1645180884691.75,17758260265,641.6399,563.730365,2.639847,0.32683,0.473042,2.545242,0.341545,0.466509,2.734451
1645180884703.786,17758271369,642.315216,563.395429,2.641289,0.327594,0.47192,2.545837,0.341484,0.467073,2.73674
1645180884714.505,17758282472,646.496658,559.512645,2.639679,0.33108,0.471679,2.552155,0.342354,0.460842,2.727203
1645180884725.149,17758293576,646.560917,557.385153,2.637917,0.330733,0.469135,2.551437,0.342768,0.45984,2.724396
1645180884736.65,17758304679,646.003017,557.853538,2.640137,0.329334,0.470032,2.555695,0.343586,0.459724,2.724579
1645180884748.5818,17758315782,641.572294,556.939816,2.64373,0.324985,0.469714,2.553925,0.343319,0.458519,2.733536
1645180884758.474,17758326885,638.605356,556.748074,2.63829,0.326378,0.469949,2.544739,0.338836,0.457965,2.731842
1645180884769.64,17758337988,642.521009,557.133794,2.633759,0.329523,0.471494,2.534714,0.339769,0.457062,2.732803
1645180884781.234,17758349091,644.667377,558.835173,2.631058,0.333939,0.46905,2.533951,0.337589,0.462342,2.728165
1645180884791.579,17758360195,648.199539,557.569349,2.633797,0.334502,0.473008,2.534943,0.340706,0.456275,2.732651
1645180884803.139,17758371298,645.094185,555.866486,2.632004,0.332963,0.471225,2.541779,0.33901,0.455219,2.722229
1645180884814.447,17758382402,642.855978,557.386476,2.631645,0.328639,0.476107,2.535934,0.341003,0.45287,2.727356
1645180884824.934,17758393504,641.553726,557.904446,2.635658,0.329049,0.475594,2.546036,0.339237,0.454246,2.725281
1645180884836.984,17758404607,640.799246,559.34844,2.632393,0.329261,0.478894,2.538605,0.338238,0.453354,2.726181
1645180884847.799,17758415710,642.647638,559.202385,2.63681,0.329712,0.480545,2.548752,0.339712,0.451459,2.724869
1645180884858.803,17758426813,642.895746,560.116464,2.632072,0.326358,0.481587,2.540085,0.343325,0.45194,2.72406
1645180884869.7432,17758437917,641.24342,559.861243,2.635086,0.324436,0.48226,2.541306,0.343526,0.450842,2.728867
1645180884881.054,17758449021,640.339909,560.548514,2.639786,0.326059,0.483831,2.545761,0.340962,0.450417,2.73381
1645180884891.3691,17758460124,636.656513,561.13236,2.639465,0.32805,0.48486,2.546219,0.335134,0.45036,2.732712
1645180884903.14,17758471227,638.270302,558.722341,2.646294,0.329101,0.48126,2.55014,0.335764,0.449944,2.742447
1645180884915.184,17758482330,639.547405,556.548303,2.642937,0.329043,0.481012,2.545532,0.337153,0.446568,2.740341
1645180884925.093,17758493433,641.752138,556.983054,2.646355,0.330984,0.483829,2.55188,0.337507,0.444476,2.740829
1645180884936.258,17758504536,642.48456,557.096851,2.643051,0.330831,0.48477,2.554138,0.338423,0.443725,2.731964
1645180884947.181,17758515639,643.222218,560.775483,2.640884,0.331024,0.486191,2.554306,0.338999,0.448435,2.727463
1645180884958.019,17758526743,641.956758,560.136831,2.635025,0.328905,0.483559,2.546585,0.3398,0.450002,2.723465
1645180884969.626,17758537847,672.463102,558.553219,2.629555,0.346252,0.481909,2.537445,0.354231,0.449013,2.721664
1645180884980.747,17758548950,714.460087,552.365953,2.620926,0.369314,0.472584,2.522583,0.374915,0.448026,2.719269
1645180884991.4602,17758560053,758.886623,555.737436,2.620735,0.391398,0.478179,2.52652,0.399109,0.44805,2.714951
1645180885003.061,17758571156,759.932213,553.140235,2.626862,0.391757,0.476541,2.539322,0.399839,0.44536,2.714401
1645180885014.181,17758582259,753.339558,549.453235,2.626884,0.387777,0.477674,2.545258,0.396952,0.438082,2.708511
1645180885025.1091,17758593362,758.858671,542.73929,2.633812,0.387366,0.465607,2.54805,0.403111,0.438959,2.719574
1645180885036.335,17758604465,760.826111,541.495603,2.629463,0.388975,0.465158,2.545258,0.403552,0.437334,2.713669
1645180885047.364,17758615568,763.524399,546.432227,2.635048,0.390574,0.470204,2.559326,0.404764,0.440516,2.71077
1645180885058.268,17758626672,761.580534,546.629101,2.62722,0.38978,0.472923,2.5513,0.403533,0.438125,2.70314
1645180885069.725,17758637775,766.624002,550.53159,2.627357,0.393437,0.473874,2.543549,0.405129,0.443679,2.711166
1645180885080.911,17758648879,762.149019,550.383496,2.633087,0.390322,0.471277,2.544922,0.403583,0.446029,2.721252
1645180885091.352,17758659982,764.512568,557.086354,2.631248,0.390928,0.476489,2.542648,0.405439,0.451988,2.719849
1645180885102.9602,17758671085,760.843849,556.48182,2.635567,0.387288,0.476881,2.551239,0.405258,0.450589,2.719894
1645180885114.041,17758682188,763.213663,557.292581,2.628845,0.390047,0.474621,2.534958,0.404968,0.4542,2.722733
1645180885125.302,17758693291,765.659065,551.996863,2.632996,0.390748,0.468063,2.537521,0.406814,0.451931,2.72847
1645180885136.228,17758704394,768.297329,550.528389,2.624321,0.393157,0.468117,2.532715,0.407153,0.449431,2.715927
1645180885147.4978,17758715498,771.245127,546.03197,2.615311,0.394529,0.465442,2.523163,0.408852,0.444612,2.707458
1645180885158.071,17758726602,769.093437,541.237968,2.613358,0.395099,0.465025,2.52356,0.40604,0.437038,2.703156
1645180885169.219,17758737705,770.693579,541.692191,2.619011,0.394728,0.463903,2.516464,0.408077,0.438918,2.721558
1645180885180.622,17758748808,768.116198,543.474215,2.628288,0.392881,0.463846,2.536102,0.40724,0.441944,2.720474
1645180885191.395,17758759911,768.897858,546.116173,2.634056,0.393148,0.466175,2.546844,0.407787,0.444018,2.721268
1645180885202.59,17758771014,767.089176,547.426969,2.625191,0.392818,0.467085,2.548721,0.406234,0.445293,2.70166
1645180885213.9722,17758782117,767.277803,545.511782,2.619492,0.392641,0.465995,2.539902,0.406607,0.443192,2.699081
1645180885225.015,17758793220,766.61253,545.641887,2.606644,0.391511,0.464791,2.522461,0.407044,0.444612,2.690826
1645180885236.114,17758804324,767.032557,545.919281,2.613655,0.391658,0.465827,2.527267,0.407334,0.444039,2.700043
1645180885247.334,17758815428,769.899473,550.925267,2.617943,0.394732,0.473345,2.531357,0.407247,0.444863,2.704529
1645180885258.032,17758826531,774.194183,550.615793,2.6185,0.397031,0.47389,2.5336,0.409421,0.443803,2.7034
1645180885269.1802,17758837634,774.35257,550.510025,2.621742,0.396378,0.47094,2.525986,0.410239,0.446577,2.717499
1645180885280.4958,17758848737,770.234013,550.318658,2.617371,0.392522,0.468835,2.521454,0.409805,0.448363,2.713287
1645180885291.59,17758859840,770.587893,553.482896,2.625313,0.393503,0.471685,2.52861,0.409192,0.450787,2.722015
1645180885302.584,17758870943,766.974134,551.48837,2.619469,0.393142,0.468762,2.525497,0.40579,0.450385,2.71344
1645180885313.592,17758882046,767.327814,546.810937,2.619461,0.391999,0.465473,2.526276,0.4073,0.445879,2.712646
1645180885324.613,17758893150,796.933994,539.280832,2.622162,0.404187,0.462114,2.527756,0.425953,0.436687,2.716568
1645180885336.107,17758904253,836.101742,538.242763,2.623665,0.426897,0.465096,2.543289,0.444042,0.431975,2.704041
1645180885347.348,17758915356,866.145144,540.336138,2.624176,0.443616,0.468429,2.542282,0.458619,0.432131,2.70607
1645180885357.9832,17758926459,886.359758,541.338193,2.606056,0.455805,0.47074,2.53244,0.467486,0.43149,2.679672
1645180885369.373,17758937562,883.614349,543.63445,2.607193,0.454535,0.471235,2.524887,0.465896,0.434822,2.689499
1645180885380.5,17758948665,886.235905,545.040196,2.60466,0.456674,0.467348,2.525391,0.466489,0.441053,2.683929
1645180885391.539,17758959769,886.868706,545.475501,2.604134,0.456835,0.46594,2.52095,0.466986,0.443186,2.687317
1645180885402.63,17758970872,889.589052,543.081164,2.600777,0.458593,0.46461,2.519638,0.468063,0.440525,2.681915
1645180885413.848,17758981976,893.190937,543.349153,2.596382,0.459427,0.470298,2.521118,0.47098,0.435284,2.671646
1645180885424.52,17758993079,898.727417,544.879228,2.597374,0.461256,0.469516,2.525558,0.474918,0.438616,2.669189
1645180885435.969,17759004182,893.962526,546.990895,2.598602,0.456583,0.468885,2.523651,0.474628,0.442766,2.673553
1645180885447.106,17759015285,892.244997,547.310811,2.596909,0.458081,0.466862,2.518494,0.471341,0.445323,2.675323
1645180885457.936,17759026388,888.374577,550.595909,2.586021,0.456726,0.468162,2.505264,0.468664,0.449498,2.666779
1645180885469.533,17759037491,894.564486,551.670849,2.572876,0.461662,0.469904,2.492828,0.470176,0.449547,2.652924
1645180885480.647,17759048595,891.846914,553.840148,2.572235,0.457205,0.473633,2.491226,0.471802,0.449434,2.653244
1645180885490.692,17759059698,895.711155,558.414191,2.576714,0.457707,0.477078,2.499405,0.475326,0.453613,2.654022
1645180885502.664,17759070801,893.892403,555.909419,2.581337,0.455353,0.474771,2.500549,0.475785,0.451744,2.662125
1645180885513.767,17759081905,898.857079,556.391501,2.585045,0.460353,0.475238,2.504837,0.475956,0.452081,2.665253
1645180885524.531,17759093008,894.321985,553.545964,2.580742,0.459345,0.474266,2.50235,0.47224,0.44831,2.659134
1645180885535.9658,17759104111,893.996058,553.931415,2.576065,0.459047,0.47382,2.505981,0.472199,0.449399,2.646149
1645180885547.019,17759115214,888.929529,556.158042,2.573616,0.456425,0.473846,2.499237,0.469543,0.453084,2.647995
1645180885557.95,17759126317,891.759682,550.491464,2.566002,0.459958,0.470926,2.495193,0.468958,0.446559,2.63681
1645180885569.407,17759137420,892.720957,551.18199,2.566063,0.461358,0.478858,2.498062,0.468559,0.439779,2.634064
1645180885580.3298,17759148523,893.516808,546.257526,2.560364,0.458071,0.472455,2.493271,0.472676,0.437974,2.627457
1645180885591.007,17759159627,896.392879,547.141331,2.563484,0.457291,0.472218,2.490829,0.476452,0.439685,2.636139
1645180885602.681,17759170731,894.817801,543.136364,2.556374,0.456203,0.46692,2.479736,0.475899,0.438307,2.633011
1645180885613.702,17759181834,898.034477,542.429727,2.555817,0.459625,0.472024,2.484222,0.475828,0.432026,2.627411
1645180885623.899,17759192937,892.447586,539.596975,2.555038,0.458587,0.471685,2.488083,0.471046,0.427643,2.621994
1645180885635.918,17759204040,895.7757,547.70937,2.572983,0.459492,0.477337,2.504333,0.473608,0.435512,2.641632
1645180885647.1409,17759215143,893.658028,548.939663,2.57122,0.458206,0.473001,2.499969,0.472688,0.441899,2.642471
1645180885765.361,17759226246,896.785326,553.876841,2.567589,0.457775,0.477987,2.490189,0.476376,0.445141,2.644989
1645180885767.3818,17759237349,893.733501,544.505256,2.548546,0.458155,0.472349,2.468826,0.472818,0.43516,2.628265
1645180885769.388,17759248453,896.933527,545.021224,2.543678,0.458853,0.476039,2.460556,0.475452,0.43233,2.626801
1645180885771.386,17759259557,904.029579,543.087298,2.540871,0.461615,0.47201,2.457596,0.480082,0.433135,2.624146
1645180885772.3848,17759270660,936.278973,547.996187,2.552895,0.479194,0.470623,2.469543,0.496096,0.442704,2.636246
1645180885773.384,17759281763,963.720789,543.319327,2.548859,0.493633,0.46304,2.464264,0.510242,0.442492,2.633453
1645180885775.387,17759292866,999.96294,542.550945,2.553719,0.512697,0.467151,2.483231,0.528931,0.437101,2.624207
1645180885776.377,17759303969,997.693806,542.218119,2.546143,0.510461,0.468207,2.47345,0.528804,0.43549,2.618835
1645180885777.3809,17759315072,1001.949863,542.32555,2.551659,0.513508,0.471758,2.48558,0.53019,0.432118,2.617737
1645180885780.3782,17759326175,1000.559292,540.825158,2.548279,0.512131,0.469377,2.482376,0.530119,0.431999,2.614182
1645180885782.385,17759337280,1000.399761,544.399399,2.554916,0.513658,0.474665,2.49794,0.528425,0.432668,2.611893
1645180885783.3828,17759348383,998.35865,549.073845,2.554703,0.513227,0.477758,2.495743,0.526729,0.437365,2.613663
1645180885791.169,17759359486,1003.731194,549.288028,2.553894,0.518133,0.47339,2.492508,0.52742,0.44209,2.61528
1645180885802.4548,17759370589,1008.187065,547.642958,2.549225,0.52138,0.473977,2.488617,0.528814,0.438762,2.609833
1645180885813.56,17759381692,1010.283165,542.341483,2.541794,0.520208,0.469796,2.481659,0.53217,0.434106,2.601929
1645180885824.429,17759392795,1010.949039,540.468889,2.541908,0.517507,0.474905,2.481949,0.535565,0.425876,2.601868
1645180885836.5,17759403898,1007.79213,533.356637,2.535187,0.514355,0.463014,2.469177,0.535429,0.425914,2.601196
1645180885846.972,17759415001,1005.635777,534.912515,2.539177,0.515568,0.464773,2.472412,0.53197,0.426748,2.605942
1645180885857.607,17759426105,1003.535099,533.665019,2.535446,0.515308,0.459196,2.470123,0.530041,0.430246,2.600769
1645180885869.25,17759437208,1004.844246,535.156167,2.535149,0.515005,0.458869,2.46434,0.531708,0.433058,2.605957
1645180885880.306,17759448311,1003.872356,531.772274,2.533806,0.512779,0.455477,2.465042,0.532921,0.430811,2.60257
1645180885889.8772,17759459414,1003.572693,537.910187,2.533127,0.513124,0.459597,2.461533,0.532264,0.43692,2.604721
1645180885902.552,17759470518,1033.933067,545.193744,2.537849,0.531959,0.47201,2.477219,0.545054,0.436646,2.59848
1645180885913.675,17759481621,1104.470901,548.919386,2.541611,0.568711,0.470925,2.474442,0.581779,0.443941,2.60878
1645180885924.5352,17759492724,1219.466572,543.502432,2.544273,0.625272,0.468658,2.480072,0.645006,0.437179,2.608475
1645180885935.536,17759503827,1257.902813,537.038362,2.535652,0.647297,0.460764,2.480179,0.663018,0.4343,2.591125
1645180885946.531,17759514931,1264.531403,536.894238,2.53109,0.654188,0.45995,2.474716,0.663033,0.434874,2.587463
1645180885957.532,17759526034,1265.718956,540.601927,2.536491,0.656313,0.458543,2.477539,0.662144,0.44246,2.595444
1645180885968.533,17759537137,1270.270329,540.691388,2.541618,0.656969,0.458102,2.480515,0.66623,0.443051,2.602722
1645180885979.616,17759548240,1273.350048,540.622973,2.541069,0.657633,0.457479,2.475677,0.668773,0.44356,2.606461
1645180885990.62,17759559343,1275.022259,540.006155,2.532997,0.655375,0.457556,2.468079,0.672773,0.442455,2.597916
1645180886002.538,17759570446,1275.036449,541.538858,2.535744,0.656528,0.45971,2.467255,0.671635,0.442855,2.604233
1645180886013.536,17759581549,1277.347813,544.352639,2.536362,0.657475,0.4615,2.47554,0.673096,0.445754,2.597183
1645180886024.144,17759592652,1279.180183,541.504884,2.539825,0.66175,0.461947,2.475677,0.670729,0.440561,2.603973
1645180886035.7349,17759603757,1278.659649,547.543591,2.553047,0.661211,0.471733,2.495041,0.670726,0.44084,2.611053
1645180886046.268,17759614860,1279.943676,543.230832,2.554039,0.661825,0.470473,2.491608,0.67145,0.434911,2.61647
1645180886057.808,17759625963,1279.418049,546.328354,2.561211,0.660035,0.472727,2.503357,0.672693,0.43782,2.619064
1645180886068.836,17759637066,1280.09428,541.910756,2.557533,0.660498,0.466297,2.498062,0.672934,0.436888,2.617004
1645180886080.04,17759648169,1277.183132,542.237663,2.551361,0.659276,0.468534,2.497498,0.671123,0.435196,2.605225
1645180886090.8188,17759659272,1281.608162,541.922325,2.549553,0.662713,0.469291,2.495972,0.672295,0.433913,2.603134
1645180886102.3992,17759670375,1284.625511,544.131535,2.552757,0.6649,0.471447,2.501587,0.673252,0.435439,2.603928
1645180886113.422,17759681478,1291.327572,548.134804,2.56443,0.677511,0.473753,2.519501,0.667622,0.439805,2.60936
1645180886123.692,17759692583,1326.108742,544.468939,2.591125,0.712407,0.473634,2.521164,0.668956,0.433814,2.661087
1645180886135.7678,17759703686,1380.991459,546.217883,2.58667,0.724668,0.470788,2.511841,0.713865,0.439575,2.661499
1645180886146.679,17759714789,1399.913807,548.524296,2.582039,0.728983,0.46829,2.507858,0.72926,0.445917,2.656219
1645180886157.104,17759725892,1389.6171,555.583388,2.573982,0.720557,0.4714,2.515182,0.726961,0.454572,2.632782
1645180886169.121,17759736995,1396.95837,559.899259,2.574974,0.725261,0.475623,2.520599,0.729904,0.457542,2.629349
1645180886179.9531,17759748098,1400.070934,561.724663,2.573456,0.726336,0.481065,2.52005,0.732071,0.455143,2.626862
1645180886191.001,17759759201,1402.936192,562.306201,2.57222,0.727986,0.48182,2.512817,0.733406,0.455357,2.631622
1645180886203.1392,17759770304,1401.196804,556.70945,2.572922,0.725374,0.476897,2.50853,0.734206,0.450952,2.637314
1645180886213.249,17759781409,1401.593628,554.337001,2.575508,0.726529,0.47411,2.508423,0.733465,0.449785,2.642593
1645180886223.9958,17759792512,1399.662037,553.46058,2.57943,0.724586,0.475451,2.51062,0.733396,0.446983,2.648239
1645180886235.392,17759803615,1399.450893,556.672561,2.586761,0.724294,0.479073,2.520966,0.733467,0.448715,2.652557
1645180886246.577,17759814718,1400.283451,557.644522,2.588257,0.723478,0.479249,2.525146,0.73515,0.450158,2.651367
1645180886257.542,17759825821,1400.945892,556.12067,2.589943,0.723201,0.475019,2.526749,0.736118,0.451849,2.653137
1645180886269.0151,17759836924,1400.881233,555.202192,2.589203,0.722878,0.471726,2.523453,0.736374,0.453611,2.654953
1645180886279.767,17759848027,1396.089191,556.189781,2.596031,0.720637,0.469337,2.529068,0.733622,0.457646,2.662994
1645180886290.577,17759859131,1394.228382,554.95044,2.599075,0.721864,0.469977,2.536774,0.730457,0.454941,2.661377
1645180886302.307,17759870235,1393.96986,550.944167,2.585075,0.722275,0.466761,2.52739,0.729777,0.451479,2.642761
1645180886313.524,17759881338,1396.916256,551.133728,2.579422,0.722954,0.46784,2.525543,0.732167,0.450716,2.633301
1645180886323.909,17759892440,1397.408581,553.495574,2.57254,0.722694,0.467835,2.514343,0.73294,0.454657,2.630737
1645180886335.937,17759903544,1399.666042,556.612462,2.5839,0.7239,0.474721,2.526932,0.734086,0.452966,2.640869
1645180886345.9548,17759914647,1398.080921,553.427643,2.581123,0.723893,0.473287,2.516922,0.732441,0.449092,2.645325
1645180886357.412,17759925750,1383.988838,548.447889,2.580719,0.714765,0.472878,2.515884,0.72689,0.441202,2.645554
1645180886368.764,17759936853,1367.080765,544.219619,2.573402,0.704716,0.467247,2.50238,0.719326,0.439785,2.644424
1645180886379.781,17759947956,1352.14777,547.383177,2.570053,0.698715,0.467037,2.502594,0.709772,0.445269,2.637512
1645180886390.467,17759959060,1344.835281,546.031505,2.563995,0.695095,0.464328,2.502777,0.705775,0.445725,2.625214
1645180886402.2578,17759970163,1347.217426,545.625865,2.566353,0.697629,0.464799,2.510056,0.705723,0.444577,2.62265
1645180886413.286,17759981266,1348.16637,542.843664,2.563751,0.698065,0.463718,2.501099,0.706275,0.441021,2.626404
1645180886423.89,17759992369,1351.768456,543.512607,2.56324,0.699177,0.461714,2.498779,0.708915,0.444141,2.627701
1645180886435.383,17760003472,1348.862114,540.89098,2.553726,0.696536,0.458157,2.481979,0.708529,0.443328,2.625473
1645180886446.452,17760014575,1348.763866,540.417212,2.545601,0.696586,0.459786,2.477646,0.708377,0.44091,2.613556
1645180886457.541,17760025678,1345.682259,542.807776,2.536697,0.695728,0.46362,2.46701,0.706024,0.441059,2.606384
1645180886468.688,17760036782,1346.603565,546.717113,2.535088,0.696939,0.467449,2.470505,0.705773,0.443747,2.59967
1645180886479.703,17760047886,1348.186569,547.64725,2.540024,0.697664,0.466428,2.474289,0.706697,0.446318,2.605759
1645180886490.47,17760058989,1347.687263,546.037173,2.535965,0.697347,0.465309,2.469406,0.706494,0.444753,2.602524
1645180886503.713,17760070092,1347.105045,546.47963,2.532349,0.698043,0.465607,2.465149,0.705192,0.445192,2.599548
1645180886513.1,17760081195,1345.435696,546.96402,2.527786,0.695536,0.467329,2.467056,0.70596,0.444277,2.588516
1645180886523.663,17760092298,1348.314571,545.771903,2.526886,0.697188,0.464366,2.4664,0.707306,0.445254,2.587372
1645180886535.698,17760103401,1350.089035,547.556448,2.533043,0.695119,0.464949,2.467819,0.711224,0.447645,2.598267
1645180886546.272,17760114504,1350.336056,544.59765,2.534103,0.696007,0.466927,2.466934,0.710593,0.440736,2.601273
1645180886557.18,17760125608,1347.150421,544.533992,2.528297,0.694379,0.467972,2.465454,0.708903,0.439585,2.591141
1645180886568.765,17760136712,1345.883503,542.465901,2.517738,0.696114,0.466079,2.453506,0.705848,0.438031,2.58197
1645180886580.002,17760147815,1347.243576,542.736912,2.508118,0.695401,0.465608,2.437775,0.707978,0.438953,2.578461
1645180886590.54,17760158918,1352.145424,544.797188,2.502357,0.697553,0.467996,2.425476,0.710931,0.439999,2.579239
1645180886602.041,17760170021,1350.32753,543.733925,2.501312,0.695768,0.465077,2.430283,0.710823,0.441146,2.572342
1645180886613.3298,17760181124,1351.324368,545.156354,2.502579,0.696218,0.463597,2.44339,0.711411,0.444997,2.561768
1645180886623.874,17760192227,1348.564224,545.661342,2.50576,0.69522,0.460066,2.448029,0.709535,0.449369,2.563492
1645180886634.286,17760203330,1358.126736,553.139788,2.49176,0.701084,0.466781,2.428955,0.713631,0.455119,2.554565
1645180886646.523,17760214434,1134.372253,547.149342,2.499512,0.586779,0.463118,2.436646,0.594859,0.448798,2.562378
1645180886656.458,17760225538,826.146269,530.849111,2.516365,0.387893,0.459304,2.439835,0.472676,0.425445,2.592896
1645180886667.4958,17760236641,826.146269,530.849111,2.516365,0.387893,0.459304,2.439835,0.472676,0.425445,2.592896
1645180886679.472,17760247744,571.361933,560.340536,2.545303,0.293957,0.48086,2.422363,0.301211,0.453041,2.668243
1645180886690.4731,17760258847,525.318317,566.643012,2.512596,0.267758,0.480871,2.409958,0.279448,0.463534,2.615234
1645180886701.473,17760269950,513.697472,569.861448,2.515671,0.263156,0.483923,2.413513,0.271946,0.465846,2.617828
1645180886712.987,17760281053,501.848717,573.129916,2.506882,0.259897,0.489577,2.399231,0.262862,0.465639,2.614532
1645180886723.639,17760292156,499.277058,580.205977,2.5028,0.258519,0.494515,2.399307,0.261562,0.472495,2.606293
1645180886735.273,17760303260,501.326036,580.122507,2.49897,0.260078,0.495719,2.393829,0.262137,0.471152,2.604111
1645180886746.24,17760314364,506.374512,575.538021,2.496742,0.259487,0.484809,2.382965,0.267987,0.474421,2.610519
1645180886756.82,17760325467,507.681684,576.851892,2.490929,0.259855,0.485779,2.375458,0.26898,0.475641,2.6064
1645180886768.496,17760336570,507.210932,578.340179,2.493126,0.259063,0.485411,2.38179,0.269282,0.478489,2.604462
1645180886779.644,17760347673,503.139582,579.36126,2.491661,0.261122,0.489868,2.391068,0.262982,0.475734,2.592255
1645180886790.3062,17760358776,502.928352,580.215383,2.49176,0.261821,0.492086,2.387405,0.262062,0.47494,2.596115
1645180886801.767,17760369879,501.172056,576.114929,2.493637,0.261578,0.489351,2.384201,0.260476,0.47084,2.603073
1645180886812.813,17760380982,501.527252,580.510139,2.496536,0.258415,0.49887,2.394745,0.264009,0.468647,2.598328
1645180886823.601,17760392085,498.977938,582.532632,2.498489,0.257379,0.49939,2.397903,0.26239,0.471498,2.599075
1645180886835.0898,17760403189,499.295225,586.779964,2.4953,0.257282,0.503812,2.40155,0.262817,0.474155,2.58905
1645180886845.778,17760414292,486.277084,590.6829,2.505287,0.252319,0.501512,2.41745,0.254219,0.482959,2.593124
1645180886856.859,17760425396,459.333143,600.921965,2.505135,0.240874,0.507955,2.415237,0.237598,0.493582,2.595032
1645180886868.366,17760436498,447.500267,607.697725,2.508659,0.23415,0.51515,2.414505,0.231996,0.497679,2.602814
1645180886879.558,17760447601,444.601493,606.406027,2.504471,0.232192,0.513713,2.400909,0.230935,0.496964,2.608032
1645180886890.585,17760458704,450.797296,608.668989,2.512321,0.235679,0.516392,2.412155,0.233901,0.498057,2.612488
1645180886901.663,17760469808,447.514973,607.122678,2.518311,0.232925,0.515193,2.422302,0.233237,0.496678,2.614319
1645180886912.903,17760480911,446.361752,614.041543,2.522743,0.231647,0.52294,2.427734,0.233313,0.500463,2.617752
1645180886923.584,17760492015,447.30526,608.360088,2.522316,0.232364,0.51819,2.427216,0.233579,0.495743,2.617416
1645180886934.966,17760503118,445.720482,610.705251,2.523468,0.232572,0.518496,2.428787,0.23172,0.499346,2.618149
1645180886946.06,17760514221,445.282717,607.54779,2.531319,0.233114,0.51812,2.446945,0.230722,0.49446,2.615692
1645180886957.108,17760525324,444.259772,601.844466,2.536301,0.230748,0.51368,2.447372,0.232023,0.489394,2.625229
1645180886968.2668,17760536427,448.292556,601.44394,2.535225,0.233221,0.511724,2.446793,0.23375,0.490683,2.623657
1645180886979.315,17760547530,459.733372,637.146413,2.534714,0.242888,0.553514,2.454407,0.236001,0.508396,2.615021
1645180886988.954,17760558634,465.176783,662.834716,2.569687,0.248735,0.583615,2.511429,0.235824,0.521109,2.627945
1645180887000.0269,17760569737,494.474473,742.468321,2.612373,0.265964,0.696871,2.599899,0.249114,0.540577,2.624847
1645180887010.8262,17760580841,,,,,,,,,
1645180887021.686,17760591944,,,,,,,,,
1645180887033.159,17760603047,,,,,,,,,
1645180887044.492,17760614150,,,,,,,,,
1645180887055.5378,17760625253,,,,,,,,,
1645180887066.876,17760636356,,,,,,,,,
1645180887077.973,17760647460,,,,,,,,,
1645180887089.328,17760658563,,,,,,,0.177636,0.637095,2.020203
1645180887101.284,17760669667,,,,,,,0.208212,0.578895,2.267609
1645180887114.844,17760680770,,,,,,,0.208212,0.578895,2.267609
1645180887123.192,17760691873,493.240786,650.603718,2.477776,0.260275,0.596352,2.305023,0.253518,0.487988,2.650528
1645180887135.232,17760702976,475.723929,601.526749,2.542343,0.247762,0.516547,2.438828,0.247784,0.485997,2.645859
1645180887145.641,17760714079,483.47929,597.211182,2.555801,0.247762,0.516547,2.438828,0.255862,0.478805,2.672775
1645180887156.805,17760725182,486.874437,567.751694,2.581627,0.246154,0.479991,2.476608,0.261007,0.466262,2.686646
1645180887168.184,17760736286,492.51626,574.326146,2.585228,0.250611,0.493291,2.467545,0.262427,0.463919,2.702911
1645180887179.271,17760747389,496.215105,571.083963,2.597321,0.253334,0.492188,2.500305,0.263557,0.459619,2.694336
1645180887190.0571,17760758493,497.346468,575.12337,2.595482,0.253983,0.49512,2.505127,0.264087,0.463419,2.685837
1645180887201.4648,17760769596,496.901493,573.744839,2.605598,0.250771,0.491185,2.507385,0.266835,0.465056,2.703812
1645180887212.656,17760780699,490.488467,571.33441,2.595779,0.249488,0.483405,2.475494,0.261437,0.468819,2.716064
1645180887223.703,17760791802,487.059374,575.467944,2.600815,0.251488,0.48521,2.475037,0.255866,0.473904,2.726593
1645180887234.78,17760802905,488.496809,576.510215,2.601814,0.256873,0.488657,2.490082,0.251978,0.472193,2.713547
1645180887246.701,17760814008,496.857433,575.987917,2.609024,0.257824,0.485798,2.500565,0.259736,0.474182,2.717484
1645180887256.782,17760825112,506.376829,573.59544,2.611115,0.258681,0.482887,2.501068,0.268795,0.473106,2.721161
1645180887268.7249,17760836215,508.415051,575.001311,2.611374,0.257762,0.484555,2.493683,0.271837,0.473781,2.729065
1645180887279.708,17760847319,503.707266,583.722889,2.629478,0.256828,0.496115,2.516846,0.267867,0.476756,2.742111
1645180887289.784,17760858422,499.136581,579.808027,2.634499,0.255263,0.4917,2.519012,0.264671,0.474646,2.749985
1645180887301.703,17760869525,496.268091,578.330094,2.641258,0.255883,0.490867,2.53125,0.261063,0.473016,2.751266
1645180887312.721,17760880628,501.496725,573.162764,2.630997,0.258784,0.48587,2.520935,0.263608,0.469401,2.741058
1645180887323.709,17760891731,532.401037,579.529935,2.633247,0.273063,0.489816,2.519424,0.281522,0.476067,2.74707
1645180887335.0051,17760902834,556.687489,581.781685,2.643272,0.283893,0.489889,2.533096,0.29599,0.479747,2.753448
1645180887346.009,17760913938,567.753353,589.051223,2.656502,0.290656,0.499771,2.558868,0.300754,0.481981,2.754135
1645180887357.001,17760925041,564.556189,594.280994,2.664902,0.290167,0.50328,2.571854,0.297912,0.487188,2.75795
1645180887367.9932,17760936145,564.009418,598.141587,2.664314,0.2915,0.504292,2.566162,0.29601,0.492611,2.762466
1645180887379.052,17760947248,569.343567,591.770625,2.655396,0.292742,0.49388,2.546478,0.300324,0.492404,2.764313
1645180887389.997,17760958351,572.137814,593.235648,2.668304,0.294739,0.494098,2.55864,0.301238,0.494628,2.777969
1645180887402.001,17760969454,571.232815,590.589273,2.668556,0.294268,0.492385,2.556931,0.300766,0.49193,2.780182
1645180887412.991,17760980557,569.952021,592.379826,2.678093,0.294464,0.496266,2.569885,0.299236,0.491033,2.786301
1645180887423.053,17760991661,569.35667,591.413784,2.679672,0.293648,0.496217,2.574707,0.299432,0.489473,2.784637
1645180887434.728,17761002764,570.047922,593.843704,2.683563,0.294732,0.499972,2.58815,0.299068,0.489768,2.778976
1645180887445.935,17761013867,570.549831,596.150512,2.686646,0.297345,0.500932,2.591217,0.296977,0.492652,2.782074
1645180887456.563,17761024971,576.206446,595.592684,2.682526,0.297526,0.502652,2.585663,0.302689,0.490003,2.779388
1645180887468.14,17761036074,578.729868,592.151803,2.678902,0.29779,0.501518,2.576385,0.305054,0.485402,2.781418
1645180887479.229,17761047177,577.800951,589.820695,2.668938,0.294387,0.501615,2.564224,0.307489,0.48142,2.773651
1645180887490.272,17761058280,573.989725,587.238944,2.666626,0.294069,0.499862,2.563385,0.303837,0.47887,2.769867
1645180887501.292,17761069383,571.574278,583.995205,2.657959,0.294063,0.497702,2.564453,0.301327,0.475623,2.751465
1645180887512.5188,17761080487,572.029638,583.743811,2.657043,0.29433,0.499477,2.566727,0.301534,0.473429,2.74736
1645180887522.9932,17761091590,573.752089,584.236425,2.652153,0.295119,0.501135,2.565079,0.30254,0.472592,2.739227
1645180887535.046,17761102693,573.827934,587.326312,2.648758,0.294145,0.500654,2.545883,0.303592,0.478223,2.751633
1645180887545.765,17761113797,576.838217,584.51879,2.63858,0.29544,0.497226,2.537231,0.305433,0.476972,2.739929
1645180887556.558,17761124900,579.440346,584.077513,2.628967,0.29488,0.496112,2.524811,0.308704,0.47735,2.733124
1645180887568.6108,17761136003,580.239401,584.213823,2.627113,0.29645,0.497188,2.526886,0.307966,0.476502,2.727341
1645180887579.155,17761147106,575.953674,587.234277,2.632103,0.294012,0.499044,2.530441,0.305939,0.47968,2.733765
1645180887589.954,17761158209,573.708458,587.228465,2.623817,0.29469,0.500542,2.522156,0.302923,0.478173,2.725479
1645180887601.644,17761169313,570.64805,588.926268,2.618004,0.291844,0.502302,2.514587,0.302582,0.479242,2.72142
1645180887612.3108,17761180416,571.23848,588.079333,2.612465,0.293286,0.501231,2.510559,0.301755,0.478901,2.714371
1645180887623.016,17761191519,565.503187,584.322309,2.617226,0.291763,0.499353,2.520813,0.297302,0.474518,2.713638
1645180887634.968,17761202623,568.265448,582.405961,2.621109,0.292404,0.497953,2.523407,0.29954,0.472724,2.718811
1645180887645.964,17761213726,570.693626,583.388418,2.619255,0.29448,0.500302,2.518875,0.299993,0.472012,2.719635
1645180887656.351,17761224829,576.947994,585.006416,2.611008,0.296515,0.498723,2.511154,0.304473,0.476288,2.710861
1645180887667.632,17761235932,575.611639,584.761459,2.607338,0.296621,0.497222,2.510941,0.302974,0.477381,2.703735
1645180887771.97,17761247035,569.577484,584.681243,2.60453,0.293898,0.49565,2.509705,0.299412,0.478819,2.699356
1645180887773.9849,17761258139,533.182125,588.967538,2.597267,0.276261,0.50072,2.501694,0.279137,0.480892,2.692841
1645180887773.9849,17761269242,517.317495,593.143469,2.589493,0.267222,0.504433,2.489624,0.27165,0.48414,2.689362
1645180887775.777,17761280345,504.841404,594.001186,2.58419,0.259307,0.503574,2.479706,0.266569,0.486428,2.688675
1645180887775.777,17761291449,516.482391,599.041897,2.584335,0.265697,0.505935,2.481339,0.272305,0.492468,2.687332
1645180887776.799,17761302552,515.575962,595.975775,2.5867,0.264994,0.507196,2.492874,0.272064,0.486097,2.680527
1645180887776.799,17761313655,516.740885,596.509212,2.591133,0.26699,0.510844,2.500793,0.271282,0.483338,2.681473
1645180887777.802,17761324758,508.007069,593.274969,2.590775,0.263258,0.506059,2.50209,0.265916,0.482732,2.679459
1645180887779.805,17761335861,507.912655,596.301788,2.592567,0.261747,0.505625,2.49472,0.267328,0.488211,2.690414
1645180887780.7988,17761346965,509.009628,597.257209,2.597473,0.26042,0.507578,2.499115,0.269798,0.487851,2.695831
1645180887789.812,17761358068,509.841528,598.680139,2.599327,0.261588,0.50911,2.505173,0.269497,0.48869,2.693481
1645180887801.084,17761369171,509.432373,597.669679,2.595718,0.262597,0.508465,2.501236,0.268062,0.487652,2.690201
1645180887812.317,17761380275,508.550234,598.808938,2.5886,0.26301,0.510513,2.497864,0.26673,0.487502,2.679337
1645180887823.51,17761391378,515.286684,604.34432,2.582603,0.265449,0.516769,2.482971,0.271308,0.490471,2.682236
1645180887834.5151,17761402481,516.576319,606.847823,2.579025,0.266216,0.51914,2.479568,0.271884,0.492273,2.678482
1645180887845.672,17761413584,514.765921,605.399913,2.57753,0.266008,0.514576,2.468964,0.270207,0.494424,2.686096
1645180887856.335,17761424687,506.280756,599.956083,2.575821,0.262923,0.512796,2.46904,0.264452,0.48713,2.682602
1645180887867.819,17761435791,506.35829,600.671339,2.58419,0.26237,0.514319,2.481445,0.265087,0.4868,2.686935
1645180887878.778,17761446894,505.800247,603.637522,2.589752,0.264263,0.5187,2.494293,0.262613,0.487363,2.685211
1645180887889.822,17761457997,507.429371,597.666872,2.597351,0.26381,0.516577,2.504166,0.264762,0.479534,2.690536
1645180887901.095,17761469101,516.688871,594.008821,2.592171,0.272131,0.514876,2.494308,0.266087,0.475139,2.690033
1645180887912.328,17761480204,556.662855,585.076064,2.58168,0.289355,0.50363,2.48233,0.290502,0.471497,2.68103
1645180887923.049,17761491307,614.037552,576.954389,2.583725,0.314518,0.493335,2.485352,0.325104,0.468256,2.682098
1645180887934.426,17761502410,637.404957,570.307678,2.579796,0.327393,0.487262,2.487595,0.33657,0.463251,2.671997
1645180887945.001,17761513513,636.167994,570.184225,2.585693,0.329124,0.486341,2.492661,0.333551,0.463966,2.678726
1645180887956.265,17761524617,637.781982,575.417733,2.579041,0.327936,0.489444,2.483139,0.33642,0.469585,2.674942
1645180887967.385,17761535720,640.58321,578.313106,2.582344,0.328773,0.487908,2.484299,0.338501,0.475947,2.680389
1645180887978.698,17761546823,641.81963,579.654711,2.586975,0.328433,0.493415,2.502197,0.340129,0.472676,2.671753
1645180887988.897,17761557927,638.71356,580.658877,2.592522,0.328525,0.492229,2.507202,0.336802,0.475536,2.677841
1645180888001.246,17761569030,640.163555,581.103551,2.602623,0.32885,0.49563,2.520721,0.337987,0.472876,2.684525
1645180888012.001,17761580133,641.902142,580.072474,2.602249,0.328723,0.493564,2.511536,0.339925,0.473223,2.692963
1645180888022.959,17761591236,639.227972,579.727238,2.597282,0.328709,0.49587,2.505707,0.337153,0.470342,2.688858
1645180888034.108,17761602340,641.583824,578.494227,2.585571,0.330716,0.49422,2.489395,0.3376,0.469937,2.681747
1645180888045.348,17761613443,640.635252,581.418693,2.594246,0.332029,0.497294,2.500763,0.335299,0.471737,2.687729
1645180888056.146,17761624546,640.337648,579.664689,2.599686,0.331216,0.495274,2.508698,0.335802,0.470834,2.690674
1645180888067.3389,17761635649,641.208057,580.636758,2.602036,0.330463,0.498168,2.51474,0.337462,0.469559,2.689331
1645180888078.756,17761646753,641.111412,581.81228,2.592079,0.331418,0.49859,2.502838,0.336406,0.471097,2.68132
1645180888089.416,17761657856,645.50148,584.401524,2.588287,0.333045,0.502438,2.49472,0.339352,0.471564,2.681854
1645180888100.5771,17761668959,643.937302,584.598362,2.589264,0.332492,0.50007,2.489944,0.338276,0.47426,2.688583
1645180888112.006,17761680062,642.922697,583.788729,2.584557,0.329918,0.496974,2.481903,0.339793,0.476007,2.68721
1645180888122.7568,17761691166,625.524759,584.823185,2.586884,0.322796,0.500369,2.487518,0.328792,0.474336,2.686249
1645180888133.818,17761702269,592.574587,583.483708,2.592628,0.303504,0.498895,2.495148,0.313761,0.473577,2.690109
1645180888145.0688,17761713372,566.690826,588.327867,2.606979,0.291065,0.502506,2.508347,0.299238,0.47804,2.705612
1645180888156.085,17761724475,553.025122,588.882583,2.612007,0.284197,0.496795,2.508575,0.291871,0.484676,2.715439
1645180888167.5242,17761735579,562.422867,593.99389,2.611916,0.290355,0.500999,2.506363,0.295502,0.488991,2.717468
1645180888178.546,17761746682,563.027458,593.541795,2.607941,0.290582,0.500468,2.501053,0.295905,0.488768,2.714828
1645180888189.447,17761757785,561.873922,593.607152,2.602882,0.289198,0.500728,2.492828,0.296087,0.488617,2.712936
1645180888200.838,17761768888,559.402514,593.100876,2.602158,0.288322,0.501101,2.496826,0.294389,0.487401,2.707489
1645180888211.876,17761779992,561.31073,591.812754,2.600655,0.289287,0.503601,2.506134,0.295411,0.482753,2.695175
1645180888223.264,17761791095,560.521059,598.437095,2.608673,0.289212,0.506344,2.518829,0.294664,0.491051,2.698517
1645180888234.241,17761802198,561.280546,598.047727,2.61174,0.289155,0.50301,2.51619,0.295513,0.493736,2.707291
1645180888245.265,17761813301,561.376648,595.935041,2.608772,0.287444,0.496128,2.492584,0.297323,0.497097,2.72496
1645180888255.6191,17761824405,565.383196,595.478046,2.61451,0.290518,0.499148,2.499313,0.298423,0.493316,2.729706
1645180888267.4402,17761835508,565.142841,595.760787,2.611557,0.290016,0.501509,2.503281,0.298674,0.491425,2.719833
1645180888278.34,17761846611,561.954403,599.662417,2.624802,0.288805,0.509924,2.538406,0.296564,0.489514,2.711197
1645180888289.308,17761857714,557.793674,594.227421,2.6231,0.285788,0.506472,2.533722,0.295247,0.483907,2.712479
1645180888300.608,17761868818,564.100485,594.344616,2.621277,0.289397,0.506392,2.524872,0.298207,0.484183,2.717682
1645180888311.6309,17761879921,603.06118,585.344839,2.614555,0.308122,0.497967,2.507919,0.320067,0.477608,2.721191
1645180888322.717,17761891024,648.580084,579.099834,2.619972,0.332243,0.492606,2.513199,0.343361,0.47256,2.726746
1645180888336.016,17761902127,669.916649,574.799198,2.627983,0.343847,0.488281,2.517365,0.353983,0.469718,2.738602
1645180888345.316,17761913231,662.852297,574.518245,2.626823,0.342092,0.485823,2.517899,0.348379,0.471708,2.735748
1645180888356.348,17761924334,660.032644,577.446681,2.625145,0.337353,0.485237,2.51358,0.350181,0.477174,2.73671
1645180888367.389,17761935437,663.035603,576.342022,2.6287,0.338528,0.484103,2.529648,0.352134,0.476467,2.727753
1645180888378.464,17761946540,666.959267,574.445075,2.626266,0.341523,0.487078,2.529633,0.353226,0.470331,2.7229
1645180888389.029,17761957644,673.40292,574.93118,2.629219,0.344994,0.488957,2.538513,0.356468,0.469261,2.719925
1645180888400.702,17761968747,676.205778,578.661686,2.62812,0.34721,0.494713,2.536362,0.357171,0.469723,2.719879
1645180888411.7488,17761979850,676.122923,581.771421,2.63176,0.346888,0.493849,2.535355,0.357407,0.47577,2.728165
1645180888422.552,17761990953,668.067799,580.627942,2.634827,0.342455,0.49411,2.531631,0.353449,0.473603,2.738022
1645180888434.009,17762002057,666.841936,575.586891,2.642929,0.341084,0.490604,2.535828,0.353543,0.468707,2.750031
1645180888444.9438,17762013160,666.650362,572.122639,2.650749,0.339191,0.494481,2.556747,0.355237,0.459057,2.744751
1645180888455.979,17762024263,665.298986,572.540438,2.656326,0.339112,0.495125,2.569489,0.353908,0.459109,2.743164
1645180888467.12,17762035366,664.907284,575.369936,2.653831,0.340438,0.49446,2.56398,0.352173,0.46449,2.743683
1645180888478.188,17762046470,660.598984,580.151367,2.648865,0.338566,0.498573,2.558609,0.349557,0.468346,2.73912
1645180888489.2422,17762057573,665.088358,576.12834,2.648994,0.339645,0.496573,2.556076,0.353155,0.463641,2.741913
1645180888500.616,17762068676,663.876286,576.528293,2.64669,0.338489,0.497814,2.556824,0.353049,0.463067,2.736557
1645180888511.587,17762079779,665.405903,574.383831,2.654617,0.339851,0.488588,2.560883,0.35328,0.468719,2.748352
1645180888522.382,17762090883,669.252949,575.584763,2.662666,0.342581,0.48726,2.569199,0.354558,0.472048,2.756134
1645180888533.534,17762101986,669.436197,575.112337,2.666565,0.341549,0.484876,2.574356,0.35578,0.473645,2.758774
1645180888544.925,17762113089,668.531628,573.473239,2.666161,0.341117,0.481445,2.565262,0.35527,0.474343,2.767059
1645180888555.846,17762124192,666.70146,573.988116,2.663963,0.339882,0.48106,2.561966,0.354599,0.475587,2.765961
1645180888566.4312,17762135296,668.60733,573.866844,2.671654,0.341947,0.481485,2.564163,0.354519,0.474959,2.779144
1645180888578.378,17762146399,670.257769,574.713725,2.662521,0.342113,0.485964,2.547989,0.356072,0.471892,2.777054
1645180888589.111,17762157502,670.379934,574.941641,2.670471,0.341836,0.490421,2.557053,0.356476,0.467815,2.78389
1645180888600.2551,17762168605,667.299614,572.486204,2.670189,0.339284,0.488611,2.560898,0.35582,0.465532,2.77948
1645180888611.613,17762179709,664.136295,573.171276,2.670479,0.3366,0.488504,2.575851,0.355209,0.466782,2.765106
1645180888622.3408,17762190812,664.924078,572.837788,2.663071,0.337503,0.48777,2.569992,0.355127,0.46696,2.756149
1645180888633.838,17762201915,664.71199,572.7759,2.655579,0.336697,0.488875,2.565247,0.355711,0.465751,2.745911
1645180888644.9128,17762213019,665.340614,570.068425,2.661278,0.336882,0.486487,2.559265,0.356181,0.463627,2.76329
1645180888655.631,17762224122,663.100777,570.54711,2.662003,0.336236,0.487184,2.558777,0.354494,0.463728,2.765228
1645180888667.669,17762235225,662.216892,570.728195,2.661819,0.337537,0.486606,2.555038,0.352272,0.464608,2.7686
1645180888677.979,17762246328,665.959997,574.91886,2.664337,0.342038,0.493089,2.563828,0.35167,0.465109,2.764847
1645180888688.967,17762257431,689.133825,571.97383,2.659775,0.352357,0.489894,2.557526,0.365491,0.463396,2.762024
1645180888700.5142,17762268535,723.985434,568.071735,2.655952,0.372245,0.483583,2.553558,0.381906,0.463203,2.758347
1645180888711.4602,17762279638,744.114504,563.9328,2.647263,0.383401,0.476445,2.547577,0.391718,0.463443,2.746948
1645180888722.7358,17762290741,756.488171,564.71318,2.641228,0.38804,0.474521,2.544418,0.399969,0.466667,2.738037
1645180888734.05,17762301845,747.661486,567.097557,2.644127,0.383061,0.475772,2.544327,0.395753,0.469391,2.743927
1645180888745.044,17762312948,751.446991,567.810917,2.64637,0.384041,0.476943,2.544327,0.398717,0.469408,2.748413
1645180888755.85,17762324051,752.544079,563.271081,2.643036,0.38614,0.47652,2.551697,0.39776,0.462265,2.734375
1645180888767.152,17762335154,753.681965,562.138224,2.630463,0.387632,0.476311,2.537338,0.397454,0.460586,2.723587
1645180888778.217,17762346257,753.452253,560.75483,2.619316,0.387159,0.473884,2.520691,0.397687,0.460707,2.717941
1645180888789.149,17762357361,749.952621,562.682319,2.608337,0.384201,0.474538,2.504364,0.396999,0.463266,2.712311
1645180888800.241,17762368464,758.254881,567.203128,2.61525,0.388217,0.479712,2.508652,0.401632,0.465626,2.721848
1645180888811.428,17762379567,761.571779,566.564441,2.617775,0.389793,0.481253,2.52063,0.403511,0.463021,2.71492
1645180888822.362,17762390671,760.914688,565.209174,2.619263,0.388899,0.481928,2.521729,0.40372,0.460088,2.716797
1645180888833.985,17762401774,755.695381,565.132695,2.617348,0.385838,0.481809,2.518814,0.401344,0.460079,2.715881
1645180888844.7212,17762412877,754.266872,570.701516,2.622795,0.386381,0.489226,2.527832,0.399314,0.461943,2.717758
1645180888855.75,17762423980,762.463417,578.09642,2.615898,0.391369,0.495046,2.520493,0.402864,0.468448,2.711304
1645180888867.023,17762435083,762.162437,576.470464,2.611565,0.39081,0.493065,2.521759,0.403109,0.467719,2.70137
1645180888878.1108,17762446187,764.517832,570.543373,2.594521,0.391533,0.481585,2.492233,0.40484,0.469321,2.696808
1645180888888.8809,17762457290,755.791855,569.306928,2.588058,0.387263,0.476545,2.483047,0.400021,0.472299,2.693069
1645180888900.0298,17762468393,755.686884,567.887592,2.5784,0.387242,0.47471,2.469772,0.399932,0.471769,2.687027
1645180888911.185,17762479497,753.920889,571.041423,2.5858,0.386236,0.482238,2.485168,0.399098,0.469498,2.686432
1645180888922.099,17762490600,752.294712,571.259111,2.590065,0.38455,0.480323,2.487854,0.39909,0.471775,2.692276
1645180888933.609,17762501703,750.843143,574.234468,2.587051,0.384327,0.48418,2.488647,0.397801,0.472877,2.685455
1645180888944.7788,17762512806,748.548174,572.283357,2.59066,0.383025,0.479287,2.494553,0.396713,0.474518,2.686768
1645180888955.031,17762523909,759.84026,574.867827,2.598915,0.391069,0.482279,2.506378,0.400431,0.475834,2.691452
1645180888967.0452,17762535013,758.335361,573.773038,2.6045,0.389947,0.481892,2.518921,0.399986,0.474396,2.690079
1645180888978.075,17762546116,761.728935,572.794801,2.59639,0.391771,0.481044,2.509537,0.401696,0.473614,2.683243
1645180888989.227,17762557219,753.083382,566.49794,2.594772,0.385845,0.474684,2.503769,0.398617,0.46948,2.685776
1645180889000.298,17762568323,755.636845,562.381464,2.605804,0.386835,0.468748,2.494446,0.400287,0.468555,2.717163
1645180889011.193,17762579426,752.595005,566.800636,2.624557,0.385106,0.474002,2.514435,0.398847,0.470666,2.73468
1645180889022.1738,17762590529,753.6658,567.07626,2.628868,0.386894,0.478569,2.523773,0.398174,0.466558,2.733963
1645180889033.586,17762601632,755.246916,566.589046,2.62368,0.388831,0.48153,2.533844,0.397884,0.462785,2.713516
1645180889044.615,17762612735,755.452194,565.00352,2.620552,0.389104,0.476182,2.522385,0.397825,0.465491,2.718719
1645180889055.481,17762623839,756.086483,564.004451,2.623085,0.389776,0.47532,2.521393,0.397814,0.464687,2.724777
1645180889067.145,17762634942,757.844238,566.148573,2.621727,0.390657,0.47708,2.520996,0.398764,0.466501,2.722458
1645180889077.8389,17762646045,790.134716,563.313836,2.619118,0.409796,0.477893,2.517838,0.413261,0.460963,2.720398
1645180889088.776,17762657149,833.447084,570.026457,2.620056,0.431001,0.482523,2.519348,0.437173,0.467521,2.720764
1645180889100.281,17762668252,855.052299,572.579992,2.628746,0.444933,0.480239,2.523483,0.445746,0.474061,2.734009
1645180889111.307,17762679355,848.224897,576.021463,2.630722,0.441195,0.48423,2.537033,0.442373,0.475806,2.724411
1645180889122.111,17762690458,847.76207,578.533316,2.63652,0.440629,0.48451,2.536697,0.442456,0.479713,2.736343
1645180889133.749,17762701561,853.623562,579.583186,2.644356,0.443268,0.489577,2.544189,0.445924,0.476395,2.744522
1645180889144.769,17762712665,859.158154,579.674631,2.640602,0.444118,0.488067,2.542252,0.450838,0.478058,2.738953
1645180889155.263,17762723768,861.430149,574.469644,2.640884,0.442083,0.48847,2.55127,0.45524,0.468979,2.730499
1645180889166.702,17762734872,858.679991,572.859192,2.637039,0.438426,0.484613,2.540359,0.456032,0.470153,2.733719
1645180889177.907,17762745975,857.775993,571.72823,2.648659,0.437824,0.485507,2.541016,0.455693,0.467373,2.756302
1645180889188.883,17762757078,854.066391,574.479908,2.653427,0.438672,0.490946,2.543747,0.450981,0.46652,2.763107
1645180889199.7222,17762768181,855.320377,575.645077,2.655899,0.441764,0.494289,2.558853,0.449195,0.465119,2.752945
1645180889211.063,17762779284,853.221903,584.43507,2.655388,0.443256,0.501489,2.569229,0.445517,0.47257,2.741547
1645180889221.808,17762790387,854.871569,581.554037,2.644051,0.442993,0.492459,2.55545,0.447498,0.476797,2.732651
1645180889233.365,17762801491,859.121733,584.695888,2.648193,0.445709,0.498231,2.564087,0.449209,0.476262,2.7323
1645180889244.0032,17762812594,859.338598,584.188628,2.630646,0.442491,0.497135,2.533661,0.452654,0.476512,2.727631
1645180889254.058,17762823698,865.410118,584.424466,2.679901,0.44197,0.50145,2.601105,0.459499,0.472591,2.758698
1645180889264.761,17762834801,,,,,,,0.469303,0.471502,2.726898
1645180889275.783,17762845904,,,,,,,,,
1645180889286.9502,17762857007,,,,,,,,,
1645180889298.011,17762868110,,,,,,,,,
1645180889309.236,17762879213,,,,,,,,,
1645180889319.8682,17762890317,,,,,,,,,
1645180889331.543,17762901420,,,,,,,,,
1645180889342.665,17762912524,,,,,,,,,
1645180889353.741,17762923627,,,,,,,,,
1645180889365.8098,17762934730,,,,,,,0.314049,0.695955,1.793152
1645180889377.259,17762945833,,,,,,,0.332131,0.774206,2.580963
1645180889388.1682,17762956936,,,,,,,0.406316,0.688279,2.546143
1645180889400.599,17762968039,780.598526,670.435703,2.532913,0.375539,0.495949,2.299301,0.437584,0.621444,2.766525
1645180889411.5989,17762979143,836.241903,590.779853,2.622795,0.404082,0.467052,2.591232,0.467004,0.517581,2.654358
1645180889421.796,17762990246,854.556284,557.246947,2.653648,0.419352,0.485647,2.560974,0.470811,0.443098,2.746323
1645180889433.838,17763001350,878.096237,557.50376,2.700813,0.442229,0.484048,2.643799,0.472455,0.445125,2.757828
1645180889444.474,17763012453,880.614595,574.139231,2.667496,0.45003,0.496981,2.57309,0.467277,0.459917,2.761902
1645180889455.007,17763023556,881.119938,572.556192,2.66925,0.451926,0.489933,2.576416,0.465907,0.464327,2.762085
1645180889467.03,17763034659,879.475222,571.370566,2.670097,0.448935,0.489444,2.568436,0.467185,0.46284,2.771759
1645180889477.569,17763045762,875.497856,576.643682,2.667404,0.448463,0.49112,2.556168,0.463514,0.469953,2.778641
1645180889488.42,17763056865,877.513704,578.967977,2.664795,0.45061,0.499534,2.551987,0.463467,0.465413,2.777603
1645180889499.933,17763067969,879.842262,577.290344,2.665901,0.45329,0.499223,2.55278,0.463212,0.462927,2.779022
1645180889511.033,17763079072,886.378298,575.5279,2.670502,0.453932,0.498701,2.566818,0.469379,0.460513,2.774185
1645180889521.061,17763090176,888.235102,576.024735,2.674271,0.452919,0.496583,2.57515,0.472326,0.463458,2.773392
1645180889533.256,17763101279,887.098303,577.30912,2.680428,0.452307,0.496929,2.589584,0.471754,0.465253,2.771271
1645180889544.096,17763112382,880.745516,575.255406,2.678123,0.450435,0.494735,2.581329,0.467009,0.464024,2.774918
1645180889555.036,17763123485,877.373056,578.718799,2.678955,0.449681,0.494235,2.580826,0.464249,0.470297,2.777084
1645180889566.728,17763134588,877.247429,577.796513,2.665833,0.449524,0.493357,2.567993,0.464275,0.469638,2.763672
1645180889577.61,17763145691,896.96846,578.78986,2.665695,0.459789,0.496854,2.571655,0.474553,0.467795,2.759735
1645180889588.5369,17763156795,944.198027,574.05265,2.661484,0.480827,0.492919,2.566055,0.502712,0.463836,2.756912
1645180889599.687,17763167898,967.393656,579.389405,2.677902,0.495248,0.50453,2.593094,0.512454,0.461119,2.762711
1645180889610.929,17763179002,972.528734,584.879225,2.680244,0.49772,0.506163,2.602325,0.51533,0.468636,2.758163
1645180889621.776,17763190105,962.143536,586.120105,2.685799,0.492741,0.509875,2.605606,0.509492,0.466992,2.765991
1645180889633.2258,17763201208,965.741386,583.779126,2.684715,0.493722,0.506373,2.600449,0.512259,0.466592,2.768982
1645180889643.807,17763212311,967.433538,580.014127,2.685852,0.495252,0.506151,2.599106,0.512492,0.460539,2.772598
1645180889654.984,17763223414,969.412136,578.718245,2.687126,0.497697,0.509241,2.599976,0.512108,0.45529,2.774277
1645180889666.132,17763234517,966.986589,576.149368,2.694069,0.495916,0.505413,2.605316,0.511361,0.454835,2.782822
1645180889677.732,17763245621,967.339668,577.273607,2.694954,0.495728,0.505736,2.608856,0.511917,0.456386,2.781052
1645180889688.427,17763256724,965.496025,577.353233,2.699783,0.493631,0.507,2.613922,0.512094,0.455255,2.785645
1645180889699.578,17763267828,966.143532,577.098995,2.694733,0.492814,0.505817,2.605316,0.513586,0.456015,2.784149
1645180889710.8591,17763278931,965.83952,581.040752,2.701004,0.492917,0.508765,2.6082,0.513166,0.459637,2.793808
1645180889721.097,17763290034,964.696112,581.77532,2.698845,0.4937,0.507443,2.609497,0.511192,0.462182,2.788193
1645180889733.156,17763301137,964.400082,585.65982,2.697464,0.494071,0.511805,2.60878,0.510513,0.464295,2.786148
1645180889744.3572,17763312240,966.412554,579.186934,2.689697,0.49337,0.508384,2.601517,0.51331,0.456927,2.777878
1645180889754.967,17763323343,965.76951,577.563196,2.676605,0.492231,0.506615,2.586075,0.513779,0.455991,2.767136
1645180889766.1182,17763334447,965.266056,576.222003,2.671059,0.493427,0.504055,2.579224,0.512059,0.456315,2.762894
1645180889777.5012,17763345551,965.671234,576.546264,2.660667,0.494763,0.503733,2.564972,0.511145,0.457177,2.756363
1645180889788.579,17763356654,968.527822,580.754846,2.662079,0.495434,0.507362,2.564529,0.513449,0.460563,2.759628
1645180889799.303,17763367757,970.162125,579.000825,2.659554,0.495007,0.507953,2.571854,0.515578,0.457049,2.747253
1645180889810.674,17763378860,965.615702,582.796597,2.664261,0.492601,0.512591,2.586395,0.513249,0.458737,2.742126
1645180889821.625,17763389963,965.916796,580.987376,2.657089,0.493928,0.512174,2.580856,0.512236,0.456139,2.733322
1645180889832.772,17763401066,964.487,579.816967,2.651772,0.494293,0.508034,2.559875,0.510381,0.458327,2.743668
1645180889844.1528,17763412169,979.610252,576.738721,2.64299,0.501069,0.50168,2.544235,0.519359,0.459551,2.741745
1645180889854.842,17763423273,1089.079571,568.286151,2.646729,0.553066,0.493783,2.55249,0.581391,0.45336,2.740967
1645180889866.461,17763434377,1204.27454,560.518849,2.637161,0.613958,0.491422,2.560074,0.640495,0.442776,2.714249
1645180889877.4978,17763445480,1302.10247,555.374873,2.632858,0.665182,0.486506,2.559082,0.691175,0.439119,2.706635
1645180889888.306,17763456583,1356.009464,554.60152,2.626663,0.695738,0.483675,2.55751,0.716772,0.440661,2.695816
1645180889899.446,17763467686,1353.340073,557.180429,2.632088,0.695843,0.485918,2.576981,0.713887,0.442716,2.687195
1645180889910.043,17763478789,1357.060432,562.066716,2.621834,0.696216,0.486165,2.558136,0.717389,0.450613,2.685532
1645180889921.487,17763489892,1363.050213,561.4362,2.606865,0.702474,0.485203,2.54332,0.71737,0.450524,2.67041
1645180889932.878,17763500995,1363.619785,560.100979,2.592339,0.703442,0.481668,2.524689,0.716995,0.451833,2.659988
1645180889943.948,17763512099,1359.863434,556.493264,2.602104,0.701569,0.477077,2.543152,0.714955,0.450412,2.661057
1645180889954.978,17763523203,1361.769962,560.164064,2.598526,0.702236,0.477692,2.541046,0.716275,0.455915,2.656006
1645180889966.279,17763534306,1362.117634,554.316276,2.596161,0.702874,0.47096,2.532608,0.715999,0.4529,2.659714
1645180889977.531,17763545409,1360.495834,555.127698,2.590248,0.703588,0.470269,2.52179,0.713596,0.454944,2.658707
1645180889988.382,17763556512,1358.932571,553.307855,2.586052,0.701896,0.469898,2.514114,0.713659,0.452282,2.65799
1645180889999.672,17763567615,1358.73333,558.411652,2.585564,0.701198,0.477493,2.521332,0.714149,0.453194,2.649796
1645180890010.5032,17763578718,1363.353539,559.690064,2.58847,0.704637,0.484906,2.527527,0.715523,0.44791,2.649414
1645180890020.971,17763589821,1363.725014,561.274374,2.587509,0.705857,0.486787,2.530533,0.714689,0.44867,2.644485
1645180890032.968,17763600925,1365.199699,563.522673,2.590683,0.706166,0.489964,2.532471,0.715917,0.44924,2.648895
1645180890043.9082,17763612029,1364.445248,564.294487,2.575111,0.706457,0.489438,2.508667,0.71484,0.451053,2.641556
1645180890054.703,17763623132,1364.384365,563.10398,2.577599,0.704804,0.491629,2.506577,0.71643,0.446878,2.648621
1645180890065.9111,17763634235,1366.247921,563.239181,2.567108,0.70589,0.492973,2.503601,0.717285,0.445759,2.630615
1645180890077.2769,17763645338,1370.785046,563.813514,2.570641,0.705829,0.49093,2.512726,0.722072,0.448759,2.628555
1645180890088.1309,17763656441,1372.240219,565.000266,2.565079,0.707371,0.493787,2.510529,0.722046,0.44788,2.619629
1645180890100.186,17763667544,1370.898685,562.838942,2.567009,0.707339,0.487415,2.491318,0.72068,0.45065,2.6427
1645180890110.6638,17763678647,1371.609707,559.180069,2.562439,0.708421,0.487513,2.483047,0.720339,0.444453,2.64183
1645180890121.406,17763689751,1372.081432,558.118165,2.567711,0.707975,0.48203,2.491226,0.721276,0.448167,2.644196
1645180890133.022,17763700855,1371.135235,562.913364,2.576645,0.707895,0.488161,2.507385,0.720371,0.450028,2.645905
1645180890144.053,17763711958,1369.558296,563.887686,2.580788,0.707219,0.487629,2.511322,0.719404,0.452184,2.650253
1645180890154.643,17763723061,1369.585876,565.046632,2.585854,0.70773,0.48659,2.517563,0.718922,0.455154,2.654144
1645180890166.338,17763734164,1371.539268,557.923901,2.574829,0.706833,0.482062,2.508728,0.721854,0.447811,2.64093
1645180890177.0388,17763745267,1369.336109,554.84165,2.5718,0.706758,0.477593,2.510681,0.719634,0.447143,2.632919
1645180890188.082,17763756370,1370.017376,553.672957,2.562141,0.707601,0.475816,2.491882,0.7195,0.446972,2.632401
1645180890199.399,17763767473,1370.215416,553.059161,2.567383,0.708417,0.479559,2.511429,0.718891,0.442206,2.623337
1645180890210.45,17763778577,1366.09045,550.80471,2.565285,0.704486,0.476912,2.510132,0.718525,0.441096,2.620438
1645180890221.192,17763789681,1363.616123,550.929576,2.57048,0.703549,0.480196,2.519485,0.716884,0.43802,2.621475
1645180890232.966,17763800784,1365.168228,545.696747,2.559792,0.704254,0.46945,2.495193,0.717796,0.440045,2.62439
1645180890243.871,17763811887,1366.73727,550.104082,2.554184,0.705917,0.474891,2.490417,0.717768,0.441949,2.61795
1645180890254.9,17763822990,1361.688023,550.453377,2.553993,0.703075,0.472464,2.491119,0.71535,0.444958,2.616867
1645180890265.137,17763834093,1359.21587,561.72815,2.545372,0.702377,0.479357,2.475571,0.713473,0.456856,2.615173
1645180890276.8809,17763845196,1188.784389,561.874956,2.566513,0.608929,0.487924,2.496628,0.629388,0.448534,2.636398
1645180890286.9,17763856299,864.772453,561.503381,2.554649,0.431346,0.491842,2.469742,0.469458,0.443997,2.639557
1645180890298.6802,17763867404,824.178715,565.617657,2.551132,0.389061,0.498699,2.462708,0.469458,0.443997,2.639557
1645180890310.599,17763878507,728.667526,577.631825,2.548668,0.352169,0.500981,2.443329,0.40686,0.461739,2.654007
1645180890321.2732,17763889610,681.097755,587.267536,2.564835,0.342886,0.501933,2.454605,0.366591,0.476846,2.675064
1645180890332.501,17763900713,673.750134,585.496885,2.573349,0.344625,0.498723,2.462173,0.357198,0.477105,2.684525
1645180890344.545,17763911816,661.71999,587.481844,2.586807,0.339662,0.501847,2.477783,0.34963,0.477289,2.695831
1645180890354.687,17763922919,658.635893,587.478322,2.574348,0.339455,0.503395,2.463623,0.346624,0.475735,2.685074
1645180890366.177,17763934022,664.744234,588.38262,2.570198,0.34012,0.502524,2.44899,0.352322,0.478114,2.691406
1645180890377.248,17763945125,669.780407,591.51029,2.549149,0.341302,0.506222,2.429733,0.356386,0.479628,2.668564
1645180890387.999,17763956230,673.446665,595.507175,2.54834,0.343954,0.512014,2.433746,0.357553,0.480498,2.662933
1645180890399.2742,17763967333,668.599491,595.3201,2.540085,0.341062,0.5124,2.430756,0.355396,0.4798,2.649414
1645180890410.318,17763978436,669.483805,594.954497,2.543404,0.342722,0.512253,2.430222,0.354657,0.479338,2.656586
1645180890421.36,17763989539,662.936182,592.159796,2.537468,0.338572,0.50621,2.422379,0.351986,0.480723,2.652557
1645180890432.7668,17764000642,665.625658,593.962097,2.546432,0.340702,0.508908,2.430466,0.352658,0.481029,2.662399
1645180890443.253,17764011745,668.541641,585.830605,2.543945,0.343474,0.498377,2.416138,0.352924,0.478007,2.671753
1645180890454.507,17764022848,671.693573,584.694529,2.542473,0.343806,0.499542,2.411774,0.355874,0.474949,2.673172
1645180890466.5698,17764033951,675.397654,584.002715,2.536644,0.347085,0.499939,2.409958,0.356454,0.473399,2.66333
1645180890477.064,17764045056,669.104633,587.289119,2.538406,0.341353,0.50583,2.427048,0.355631,0.472985,2.649765
1645180890488.397,17764056159,671.856651,587.367475,2.540703,0.343835,0.504114,2.429291,0.356015,0.474831,2.652115
1645180890499.408,17764067262,665.159769,586.52578,2.541878,0.341933,0.504355,2.425247,0.350942,0.473188,2.658508
1645180890510.616,17764078365,665.790911,585.331982,2.548851,0.344107,0.502264,2.435089,0.349425,0.473289,2.662613
1645180890521.6191,17764089468,662.202702,586.107534,2.546196,0.343848,0.504555,2.430023,0.345946,0.472291,2.662369
1645180890532.728,17764100571,666.95838,584.263033,2.5513,0.34499,0.501939,2.440796,0.349758,0.471832,2.661804
1645180890543.731,17764111674,671.399317,584.941274,2.555626,0.34551,0.503422,2.441833,0.353864,0.47148,2.669418
1645180890554.77,17764122777,674.199657,585.587096,2.567162,0.343975,0.502345,2.452866,0.358316,0.473634,2.681458
1645180890565.776,17764133882,672.425823,586.505342,2.565079,0.340265,0.503912,2.452591,0.360179,0.473597,2.677567
1645180890576.844,17764144985,666.007376,587.681526,2.564087,0.334797,0.505213,2.446533,0.35896,0.474256,2.681641
1645180890587.772,17764156088,666.190424,592.056012,2.566017,0.338144,0.507184,2.453094,0.355804,0.479576,2.67894
1645180890598.77,17764167191,667.914848,588.935852,2.571671,0.343413,0.504468,2.461472,0.352332,0.477092,2.68187
1645180890610.788,17764178294,673.395338,586.473978,2.568123,0.349255,0.49946,2.460312,0.352199,0.477997,2.675934
1645180890621.115,17764189397,671.437197,578.598601,2.569046,0.348372,0.498676,2.452469,0.351042,0.465655,2.685623
1645180890632.705,17764200500,673.769016,579.100907,2.578178,0.348862,0.496086,2.456146,0.35298,0.469082,2.700211
1645180890644.4731,17764211603,674.752979,582.635576,2.585892,0.348236,0.503446,2.473282,0.354632,0.467614,2.698502
1645180890654.292,17764222708,673.358831,585.909104,2.587128,0.346275,0.504644,2.473251,0.355141,0.471871,2.701004
1645180890665.834,17764233811,670.376358,588.567406,2.58741,0.344496,0.508212,2.476486,0.353813,0.472734,2.698334
1645180890676.883,17764244914,669.736576,584.359539,2.59182,0.347373,0.50169,2.475906,0.350269,0.472242,2.707733
1645180890687.8208,17764256017,669.833422,586.10605,2.603638,0.349083,0.503689,2.490204,0.34866,0.473154,2.717072
1645180890699.177,17764267120,671.342869,586.731058,2.604012,0.349954,0.503615,2.49054,0.349361,0.47427,2.717484
1645180890710.457,17764278223,670.887966,585.557145,2.608215,0.348311,0.50033,2.491257,0.350531,0.475599,2.725174
1645180890721.252,17764289326,673.15361,585.261583,2.612877,0.349027,0.500329,2.495148,0.352175,0.475107,2.730606
1645180890732.5088,17764300429,673.9991,585.33631,2.61692,0.34781,0.502694,2.499298,0.354272,0.472866,2.734543
1645180890743.611,17764311534,672.829599,589.244217,2.623131,0.347117,0.506725,2.500381,0.353748,0.475349,2.74588
1645180890754.9429,17764322637,674.552507,584.289157,2.622604,0.347019,0.502365,2.501968,0.35564,0.471451,2.74324
1645180890765.832,17764333740,671.159534,584.929419,2.624413,0.345163,0.501929,2.501862,0.353961,0.472954,2.746964
1645180890777.087,17764344843,671.327276,581.385309,2.618568,0.344625,0.502716,2.507324,0.354674,0.466259,2.729813
1645180890788.637,17764355946,668.047628,583.812761,2.623367,0.34268,0.499385,2.511307,0.353203,0.473637,2.735428
1645180890799.647,17764367049,670.669069,580.298495,2.632118,0.347503,0.49869,2.528076,0.351111,0.468474,2.73616
1645180890810.103,17764378152,675.705128,584.250319,2.640266,0.35089,0.503273,2.546722,0.352969,0.470478,2.73381
1645180890820.982,17764389255,671.732025,584.562814,2.642159,0.348344,0.504109,2.545731,0.351377,0.470162,2.738586
1645180890832.257,17764400360,674.026508,587.048596,2.648987,0.348115,0.503749,2.544632,0.353996,0.474665,2.753342
1645180890843.2468,17764411463,670.638714,591.952926,2.654137,0.344506,0.504191,2.535858,0.354076,0.482398,2.772415
1645180890854.208,17764422566,672.684488,592.538005,2.656364,0.345953,0.508283,2.540497,0.35476,0.47928,2.772232
1645180890865.573,17764433669,670.191364,591.851199,2.643982,0.344443,0.507021,2.533356,0.353673,0.479397,2.754608
1645180890876.591,17764444772,683.6798,585.497904,2.6464,0.349244,0.502759,2.532349,0.362923,0.473071,2.760452
1645180890887.499,17764455875,764.681025,575.383383,2.656189,0.384624,0.497093,2.546204,0.411919,0.461879,2.766174
1645180890899.531,17764466978,833.869715,577.62875,2.672852,0.424431,0.498582,2.567413,0.444183,0.464133,2.77829
1645180890909.843,17764478082,874.632339,570.017052,2.664764,0.450998,0.492712,2.571655,0.460077,0.457317,2.757874
1645180890921.048,17764489186,882.567158,578.61523,2.660011,0.455918,0.499385,2.56723,0.463422,0.464974,2.752792
1645180890932.241,17764500289,876.767378,577.964115,2.655937,0.453416,0.500544,2.561539,0.459883,0.46273,2.750336
1645180890943.249,17764511392,886.77392,579.884201,2.657074,0.457771,0.500205,2.569199,0.465952,0.466269,2.744949
1645180890954.288,17764522495,890.299673,581.336743,2.658936,0.458051,0.500977,2.571716,0.469344,0.467917,2.746155
1645180890965.509,17764533598,892.567635,583.515608,2.671326,0.459416,0.502288,2.587708,0.470342,0.470238,2.754944
1645180890976.5798,17764544701,886.911335,589.74089,2.681175,0.454168,0.507581,2.598053,0.469698,0.47532,2.764297
1645180890987.27,17764555804,888.792887,584.539318,2.685921,0.45725,0.502704,2.605331,0.468576,0.471529,2.76651
1645180890998.866,17764566908,885.962992,576.654017,2.672829,0.453135,0.492716,2.584854,0.469743,0.468374,2.760803
1645180891009.892,17764578012,885.831585,579.23398,2.676598,0.457411,0.493536,2.566986,0.465331,0.471854,2.786209
1645180891020.231,17764589115,881.784439,583.408087,2.67672,0.455204,0.495511,2.567856,0.463322,0.476836,2.785583
1645180891032.089,17764600218,884.458809,588.024008,2.684601,0.458081,0.499889,2.574081,0.46323,0.480151,2.79512
1645180891043.149,17764611321,888.205204,579.940867,2.673988,0.458242,0.495636,2.583679,0.466972,0.470932,2.764297
1645180891053.934,17764622424,890.711689,584.045291,2.674393,0.459362,0.494164,2.58226,0.468463,0.479245,2.766525
1645180891065.254,17764633527,888.936453,581.448787,2.674858,0.460041,0.495629,2.590851,0.465935,0.473452,2.758865
1645180891076.688,17764644630,886.838207,584.126633,2.681351,0.458012,0.497497,2.589081,0.465778,0.476048,2.773621
1645180891087.728,17764655734,887.564249,581.694782,2.674004,0.457577,0.498489,2.58107,0.466969,0.471002,2.766937
1645180891098.053,17764666838,886.880465,584.434086,2.666023,0.457108,0.499641,2.567764,0.466726,0.474416,2.764282
1645180891109.72,17764677941,889.793615,588.608783,2.659912,0.457403,0.505286,2.569473,0.469465,0.475728,2.750351
1645180891120.692,17764689044,891.986446,589.273739,2.664635,0.459138,0.507118,2.572189,0.470015,0.475005,2.75708
1645180891132.104,17764700147,890.089617,585.740751,2.667831,0.456816,0.500849,2.568497,0.47036,0.475386,2.767166
1645180891143.169,17764711250,890.518284,580.968744,2.668358,0.457963,0.496275,2.562637,0.46966,0.472006,2.774078
1645180891153.945,17764722353,888.757467,584.903741,2.673531,0.457772,0.49643,2.572998,0.468017,0.478409,2.774063
1645180891165.478,17764733456,889.127083,586.154383,2.679703,0.457034,0.498115,2.5849,0.46914,0.478809,2.774506
1645180891176.676,17764744560,886.847019,582.77505,2.681862,0.456239,0.492436,2.593399,0.46756,0.478856,2.770325
1645180891187.232,17764755664,883.354282,578.915888,2.68351,0.454287,0.492468,2.593094,0.465873,0.472392,2.773926
1645180891198.7842,17764766767,910.533514,583.177096,2.688789,0.470303,0.495286,2.595535,0.47817,0.476676,2.782043
1645180891209.7422,17764777870,947.286873,583.990163,2.684036,0.490308,0.497679,2.587479,0.496449,0.475638,2.780594
1645180891220.682,17764788973,1001.289082,584.715503,2.686852,0.516866,0.500384,2.597321,0.526144,0.474142,2.776382
1645180891232.017,17764800076,1012.184143,585.672301,2.693222,0.524525,0.502123,2.61525,0.529834,0.473998,2.771194
1645180891242.9531,17764811179,1010.934219,591.671187,2.704651,0.522792,0.506369,2.630066,0.530265,0.47975,2.779236
1645180891253.9922,17764822282,1014.243336,592.831618,2.705444,0.522814,0.504002,2.633087,0.53369,0.484051,2.777802
1645180891265.29,17764833386,1017.506847,594.785446,2.704239,0.523922,0.506981,2.629807,0.535981,0.484328,2.778671
1645180891276.368,17764844490,1017.326317,593.276846,2.704094,0.523525,0.505829,2.627518,0.53619,0.482966,2.78067
1645180891287.144,17764855593,1011.414585,589.571589,2.700218,0.522178,0.50571,2.626984,0.531379,0.476909,2.773453
1645180891298.708,17764866696,1009.645329,583.556896,2.691368,0.521507,0.502059,2.619385,0.530206,0.470535,2.763351
1645180891309.7178,17764877799,1012.139683,585.543251,2.689659,0.525783,0.504229,2.617859,0.528529,0.471676,2.761459
1645180891320.791,17764888902,1014.492531,586.542106,2.686844,0.525675,0.504315,2.611603,0.531088,0.473255,2.762085
1645180891331.9658,17764900005,1015.705833,584.074759,2.683296,0.526519,0.498233,2.607971,0.531508,0.475225,2.758621
1645180891342.948,17764911108,1013.485565,580.52761,2.679665,0.523566,0.498477,2.606979,0.532148,0.469069,2.75235
1645180891353.952,17764922212,1016.404152,579.081362,2.675774,0.526356,0.499039,2.60437,0.532398,0.466096,2.747177
1645180891365.213,17764933316,1015.517979,586.14918,2.682266,0.52626,0.509205,2.611923,0.531571,0.46771,2.752609
1645180891376.401,17764944419,1019.603405,587.761313,2.682259,0.528854,0.508677,2.611984,0.533233,0.470925,2.752533
1645180891387.45,17764955522,1022.061539,587.475801,2.682602,0.529102,0.510457,2.614182,0.535546,0.468669,2.751022
1645180891398.541,17764966625,1021.770172,585.484976,2.687386,0.527201,0.506483,2.615814,0.537143,0.469326,2.758957
1645180891409.595,17764977728,1018.849411,586.326671,2.686623,0.525046,0.506942,2.621109,0.536255,0.470269,2.752136
1645180891420.5051,17764988831,1009.808693,589.858085,2.68425,0.520896,0.504159,2.615295,0.530988,0.478938,2.753204
1645180891431.979,17764999935,982.03474,587.673193,2.669373,0.504402,0.505572,2.603516,0.518551,0.473883,2.735229
1645180891442.859,17765011038,962.300377,587.777925,2.669113,0.493757,0.506593,2.601868,0.508639,0.473037,2.736359
1645180891453.889,17765022142,941.359892,587.694061,2.664566,0.483948,0.506639,2.600159,0.496635,0.472851,2.728973
1645180891465.26,17765033245,944.305573,586.641759,2.65992,0.485987,0.502548,2.594345,0.497665,0.475189,2.725494
1645180891476.254,17765044348,942.912312,578.848958,2.643364,0.48435,0.490319,2.5672,0.497851,0.474429,2.719528
1645180891487.343,17765055451,941.651173,579.504329,2.643806,0.483588,0.489319,2.567581,0.497299,0.476521,2.720032
1645180891498.716,17765066554,944.959002,579.661864,2.651947,0.487891,0.489155,2.573547,0.496441,0.476949,2.730347
1645180891509.649,17765077657,947.200756,581.424272,2.665558,0.489388,0.493656,2.588516,0.497279,0.475384,2.742599
1645180891520.689,17765088761,948.097486,576.371276,2.660301,0.488124,0.495344,2.577667,0.499478,0.465275,2.742935
1645180891531.949,17765099864,947.511549,574.629039,2.652527,0.486877,0.495886,2.565979,0.500114,0.461829,2.739075
1645180891542.938,17765110968,946.296329,577.668267,2.647842,0.48645,0.501468,2.567139,0.499275,0.461312,2.728546
1645180891553.666,17765122071,942.690611,579.217297,2.653053,0.48604,0.4988,2.57309,0.495929,0.466562,2.733017
1645180891564.888,17765133174,941.145372,574.668682,2.642883,0.484596,0.494791,2.564774,0.495764,0.46299,2.720993
1645180891576.407,17765144277,943.699207,576.603073,2.636787,0.485759,0.496655,2.557587,0.497261,0.46435,2.715988
1645180891587.455,17765155380,946.588783,581.366569,2.626617,0.486335,0.501606,2.554306,0.499695,0.467339,2.698929
1645180891598.546,17765166483,948.745852,586.682975,2.636589,0.488329,0.503235,2.555649,0.499948,0.47457,2.717529
1645180891609.565,17765177587,945.722437,588.02408,2.64045,0.486775,0.50628,2.562424,0.498352,0.47376,2.718475
1645180891620.386,17765188690,942.927532,586.964124,2.645576,0.486846,0.502982,2.566376,0.49537,0.475292,2.724777
1645180891631.5552,17765199794,940.946302,587.845713,2.638931,0.486082,0.504972,2.573334,0.49407,0.474771,2.704529
1645180891642.9082,17765210897,953.958664,581.054235,2.629562,0.493309,0.491035,2.554352,0.500398,0.477388,2.704773
1645180891653.706,17765222000,1009.397564,579.561514,2.611549,0.518279,0.493209,2.534729,0.533177,0.472727,2.68837
1645180891665.222,17765233103,1041.299286,576.73915,2.610672,0.536891,0.49328,2.536469,0.547796,0.467952,2.684875
1645180891676.252,17765244206,1060.622578,582.776427,2.615631,0.546056,0.504056,2.547424,0.55876,0.467238,2.683838
1645180891784.126,17765255309,1056.431808,581.30545,2.624809,0.545848,0.503681,2.559219,0.554602,0.465161,2.690399
1645180891785.1492,17765266413,1058.544903,587.277514,2.628815,0.546162,0.511611,2.56868,0.556489,0.467185,2.68895
1645180891786.143,17765277516,1059.314804,583.949411,2.62632,0.54594,0.509062,2.565369,0.557513,0.464187,2.687271
1645180891788.148,17765288620,1061.118336,581.778735,2.61718,0.54656,0.511524,2.558197,0.558772,0.458107,2.676163
1645180891789.145,17765299723,1058.858471,581.832862,2.61055,0.544797,0.509409,2.544724,0.55818,0.460313,2.676376
1645180891791.147,17765310826,1060.431461,586.776584,2.611244,0.545586,0.512154,2.551498,0.55903,0.465807,2.67099
1645180891791.147,17765321929,1057.439575,589.014119,2.612366,0.545132,0.507164,2.55455,0.556368,0.474526,2.670181
1645180891792.1418,17765333032,1060.935287,588.571805,2.606071,0.547647,0.503171,2.544449,0.557494,0.477782,2.667694
1645180891792.1418,17765344135,1058.235855,588.967073,2.598526,0.546157,0.504988,2.538635,0.556172,0.476624,2.658417
1645180891795.145,17765355239,1057.800579,594.39767,2.600319,0.546463,0.515105,2.543915,0.555413,0.475558,2.656723
1645180891798.202,17765366342,1054.233055,593.629932,2.604317,0.546105,0.519662,2.55513,0.552055,0.469721,2.653503
1645180891809.505,17765377446,1054.69511,590.995842,2.6092,0.547234,0.517654,2.56073,0.551407,0.467339,2.657669
1645180891820.55,17765388549,1054.358883,589.724189,2.610207,0.547887,0.515082,2.555557,0.550404,0.467792,2.664856
1645180891831.878,17765399652,1057.00161,593.763971,2.614777,0.547444,0.513664,2.553528,0.5536,0.475942,2.676025
1645180891842.543,17765410755,1050.739288,599.362689,2.623093,0.543719,0.518678,2.565659,0.550801,0.48026,2.680527
1645180891853.508,17765421858,1047.285118,595.513594,2.618179,0.539726,0.513011,2.556732,0.551196,0.479512,2.679626
1645180891865.323,17765432961,1042.567749,593.916768,2.620018,0.536504,0.509048,2.552109,0.549504,0.480813,2.687927
1645180891876.3171,17765444065,1045.867138,593.429983,2.611008,0.540467,0.504541,2.530853,0.548978,0.484509,2.691162
1645180891886.975,17765455168,1050.986137,596.888316,2.620384,0.542225,0.510367,2.543945,0.552552,0.484447,2.696823
1645180891898.232,17765466272,1053.629837,591.816276,2.614044,0.545802,0.511557,2.552612,0.551729,0.474803,2.675476
1645180891909.517,17765477375,1056.36034,593.383044,2.623001,0.545956,0.516852,2.574631,0.55442,0.47212,2.671371
1645180891920.13,17765488478,1054.548855,595.175689,2.619957,0.546102,0.518299,2.569138,0.552386,0.473661,2.670776
1645180891931.544,17765499581,1056.069546,599.43704,2.626038,0.544403,0.52274,2.575317,0.55567,0.476322,2.676758
1645180891942.572,17765510684,1056.898613,598.087603,2.627769,0.545011,0.520666,2.565994,0.555925,0.476147,2.689545
1645180891952.984,17765521787,1055.916023,595.762825,2.662971,0.542953,0.515645,2.624969,0.556959,0.477293,2.700974
1645180891964.668,17765532891,1057.912788,593.61645,2.667168,0.545866,0.514016,2.620056,0.556127,0.475344,2.714279
1645180891975.6948,17765543994,1057.892876,590.272844,2.659996,0.546762,0.503316,2.612701,0.55521,0.480472,2.707291
1645180891986.317,17765555098,1056.245441,596.313536,2.637886,0.545774,0.509908,2.568756,0.554482,0.483948,2.707016
1645180891998.039,17765566201,1058.745861,601.87279,2.646324,0.545157,0.51261,2.582993,0.557703,0.490511,2.709656
1645180892009.1409,17765577304,1052.268276,602.67114,2.646896,0.538555,0.520931,2.580734,0.557558,0.483521,2.713058
1645180892020.084,17765588407,1053.1604,598.258746,2.643906,0.539841,0.521542,2.574753,0.557201,0.475556,2.713058
1645180892031.2742,17765599510,1048.15012,597.150224,2.627251,0.539721,0.518649,2.552094,0.552102,0.476601,2.702408
1645180892042.361,17765610614,1051.78791,597.879177,2.636299,0.544459,0.515097,2.560303,0.551153,0.481368,2.712296
1645180892053.263,17765621717,1051.285629,600.879192,2.641479,0.545996,0.517353,2.569229,0.549093,0.484112,2.71373
1645180892064.424,17765632820,1053.794518,599.985534,2.640213,0.5476,0.516822,2.570694,0.550102,0.483154,2.709732
1645180892075.448,17765643924,1054.642925,594.792509,2.632248,0.549044,0.512229,2.566589,0.549542,0.479092,2.697906
1645180892086.065,17765655027,1057.840347,591.962582,2.63974,0.54686,0.508843,2.559891,0.555057,0.477762,2.719589
1645180892097.754,17765666130,1055.108013,589.676982,2.655319,0.546808,0.51047,2.568863,0.552263,0.472325,2.741776
1645180892108.809,17765677233,1063.871155,588.037026,2.665375,0.546838,0.521454,2.584427,0.561361,0.458608,2.746323
1645180892119.424,17765688336,1079.426136,591.376609,2.639374,0.554824,0.520918,2.574066,0.569578,0.464709,2.704681
1645180892130.774,17765699440,1122.703743,597.683698,2.632233,0.575597,0.523827,2.56282,0.593886,0.472313,2.701645
1645180892142.8489,17765710543,1143.627892,611.669326,2.632172,0.58863,0.531109,2.557144,0.602649,0.48834,2.707199
1645180892153.117,17765721646,1162.930126,616.375136,2.628784,0.598494,0.535232,2.556305,0.612892,0.49206,2.701263
1645180892164.282,17765732750,1152.475777,611.505157,2.629013,0.595037,0.538489,2.562729,0.605458,0.480687,2.695297
1645180892175.471,17765743853,1158.290234,607.48778,2.61264,0.594459,0.538139,2.560104,0.612093,0.47434,2.665176
1645180892186.474,17765754956,1165.033779,605.842924,2.608665,0.597954,0.536108,2.553787,0.615623,0.47363,2.663544
1645180892197.973,17765766059,1160.443268,601.739788,2.601768,0.596406,0.533088,2.556961,0.61239,0.469812,2.646576
1645180892208.814,17765777162,1156.45174,599.578947,2.607796,0.598557,0.529798,2.55983,0.60608,0.469501,2.655762
1645180892219.849,17765788266,1156.598053,604.468185,2.610481,0.599629,0.534399,2.563599,0.605161,0.473048,2.657364
1645180892231.24,17765799369,1161.260891,607.210314,2.612556,0.60091,0.536347,2.567841,0.608737,0.47567,2.657272
1645180892242.2769,17765810472,1162.908726,609.019214,2.611259,0.600092,0.538466,2.564331,0.611271,0.476566,2.658188
1645180892253.128,17765821576,1163.755245,605.575293,2.608505,0.599714,0.535862,2.565414,0.612531,0.47343,2.651596
1645180892264.512,17765832679,1166.842346,605.645013,2.607651,0.600676,0.537586,2.56221,0.614785,0.471822,2.653091
1645180892275.54,17765843782,1166.058941,598.679423,2.59436,0.602384,0.52731,2.536423,0.612261,0.470489,2.652298
1645180892285.764,17765854885,1163.766861,598.761517,2.594841,0.60186,0.53107,2.537994,0.610397,0.466866,2.651688
1645180892297.6938,17765865988,1159.808121,600.599366,2.595108,0.60034,0.5299,2.529755,0.607794,0.471098,2.660461
1645180892308.701,17765877092,1162.362442,603.325027,2.606697,0.601051,0.533111,2.540314,0.609743,0.47243,2.67308
1645180892319.717,17765888195,1162.906952,605.554247,2.603172,0.601993,0.533949,2.532669,0.609369,0.475308,2.673676
1645180892331.079,17765899298,1167.655163,606.230754,2.613426,0.604743,0.533446,2.546036,0.611564,0.476938,2.680817
1645180892341.985,17765910402,1168.841114,606.876308,2.611404,0.604709,0.533221,2.543854,0.612834,0.478239,2.678955
1645180892352.733,17765921505,1171.119919,605.492502,2.627579,0.604609,0.531847,2.564499,0.615307,0.477307,2.690659
1645180892364.49,17765932608,1164.74865,602.012211,2.621574,0.600196,0.528733,2.554932,0.613083,0.474621,2.688217
1645180892375.397,17765943711,1162.548065,601.767647,2.63533,0.596549,0.532179,2.571991,0.614438,0.470767,2.698669
1645180892386.971,17765954814,1162.889614,594.059694,2.628296,0.597895,0.524388,2.561401,0.613448,0.465711,2.69519
1645180892397.594,17765965918,1165.88459,589.437515,2.628708,0.600776,0.522991,2.573532,0.613687,0.459405,2.683884
1645180892408.555,17765977021,1165.883961,585.752982,2.616013,0.603188,0.519493,2.559586,0.611274,0.456762,2.67244
1645180892420.605,17765988124,1162.467899,590.047914,2.618561,0.600335,0.525592,2.565186,0.610569,0.457821,2.671936
1645180892431.176,17765999228,1161.835842,590.404791,2.619606,0.599426,0.528101,2.564163,0.610819,0.455907,2.675049
1645180892442.039,17766010331,1163.028088,592.446578,2.623039,0.596204,0.536947,2.580795,0.615284,0.450464,2.665283
1645180892452.87,17766021434,1165.70446,590.144008,2.626251,0.59896,0.530901,2.581467,0.615315,0.452672,2.671036
1645180892464.264,17766032537,1167.096233,597.995496,2.62851,0.600339,0.539995,2.592697,0.615387,0.456664,2.664322
1645180892475.08,17766043640,1169.600658,594.31926,2.633995,0.603985,0.531393,2.579193,0.614349,0.45914,2.688797
1645180892486.135,17766054744,1168.161335,595.156235,2.634331,0.603065,0.534245,2.573639,0.61377,0.457682,2.695023
1645180892497.658,17766065847,1188.279076,589.410084,2.639336,0.614613,0.525754,2.569931,0.623178,0.456596,2.70874
1645180892508.8042,17766076950,1220.835457,587.626702,2.635048,0.628873,0.524042,2.571823,0.642831,0.455335,2.698273
1645180892520.077,17766088054,1253.551598,585.873413,2.635223,0.645635,0.519748,2.573242,0.660148,0.456708,2.697205
1645180892531.098,17766099157,1254.289684,589.509255,2.638496,0.644998,0.523447,2.590515,0.661553,0.459068,2.686478
1645180892542.1008,17766110260,1247.319546,590.694684,2.624954,0.646191,0.524684,2.577072,0.6531,0.459807,2.672836
1645180892553.143,17766121363,1250.416546,591.542709,2.615753,0.646974,0.527308,2.568298,0.655543,0.458596,2.663208
1645180892564.2668,17766132467,1247.132092,583.108306,2.602745,0.647093,0.515801,2.537628,0.652003,0.456046,2.667862
1645180892575.45,17766143570,1254.018974,582.053286,2.600578,0.646871,0.51355,2.535416,0.659399,0.456539,2.665741
1645180892586.0989,17766154673,1256.054478,577.536893,2.598,0.647019,0.506342,2.531677,0.661371,0.45622,2.664322
1645180892600.41,17766165776,1259.394264,574.10844,2.588837,0.650405,0.502474,2.51796,0.661464,0.454374,2.659714
1645180892608.764,17766176880,1254.275494,574.824822,2.591049,0.64914,0.500808,2.526489,0.657397,0.457233,2.655609
1645180892619.509,17766187983,1252.389278,578.708053,2.58934,0.647612,0.505798,2.5289,0.65696,0.458716,2.64978
1645180892630.548,17766199086,1255.86977,583.490431,2.59539,0.644946,0.510931,2.531906,0.663252,0.461553,2.658875
1645180892642.044,17766210189,1261.667919,579.162776,2.590553,0.648043,0.507897,2.51709,0.666194,0.457374,2.664017
1645180892652.7852,17766221293,1264.1399,575.218821,2.58519,0.650845,0.504288,2.505005,0.665967,0.45441,2.665375
1645180892664.843,17766232396,1264.291878,575.345063,2.586029,0.652445,0.500991,2.506271,0.664525,0.457918,2.665787
1645180892675.6091,17766243499,1259.382248,577.183557,2.581276,0.65235,0.502291,2.50235,0.659506,0.459681,2.660202
1645180892686.093,17766254602,1260.053844,577.768797,2.577164,0.65352,0.501234,2.506683,0.659036,0.461714,2.647644
1645180892697.5889,17766265706,1258.896275,577.292418,2.562775,0.650742,0.504515,2.505753,0.660608,0.457639,2.619797
1645180892708.528,17766276809,1259.706802,576.832581,2.55864,0.651753,0.504734,2.499634,0.660442,0.456654,2.617645
1645180892719.568,17766287913,1255.177517,579.459965,2.563423,0.647264,0.511635,2.508652,0.660213,0.454132,2.618195
1645180892730.926,17766299016,1257.964554,579.13987,2.564667,0.649223,0.509306,2.509186,0.661156,0.455927,2.620148
1645180892742.085,17766310120,1258.7146,581.657159,2.575356,0.645579,0.510777,2.531845,0.665582,0.458652,2.618866
1645180892753.094,17766321223,1262.025261,581.880784,2.577988,0.64928,0.504134,2.527512,0.665329,0.465668,2.628464
1645180892764.13,17766332326,1258.299694,584.355927,2.592445,0.648042,0.506082,2.5383,0.662687,0.467844,2.646591
1645180892775.126,17766343429,1254.419117,584.134108,2.585335,0.649727,0.506926,2.527405,0.65696,0.46663,2.643265
1645180892786.085,17766354533,1249.250164,584.510279,2.583076,0.645071,0.507471,2.522018,0.656232,0.466713,2.644135
1645180892797.082,17766365636,1251.204929,581.917423,2.573944,0.6454,0.505876,2.512161,0.657938,0.463986,2.635727
1645180892808.853,17766376739,1256.588402,582.978094,2.5812,0.646432,0.5022,2.512421,0.662515,0.469431,2.649979
1645180892819.4238,17766387842,1259.922981,587.547737,2.586655,0.648709,0.508112,2.523087,0.663711,0.471135,2.650223
1645180892830.585,17766398946,1259.557686,588.661605,2.58831,0.649151,0.510866,2.529648,0.662888,0.470236,2.646973
1645180892841.8838,17766410049,1252.609577,592.336267,2.60482,0.642259,0.520777,2.567551,0.662542,0.46645,2.64209
1645180892852.6152,17766421152,1250.750599,588.7604,2.605461,0.642103,0.516454,2.564758,0.660763,0.464813,2.646164
1645180892864.5698,17766432255,1251.415558,591.995519,2.613747,0.643296,0.517695,2.57132,0.660262,0.468964,2.656174
1645180892875.232,17766443359,1255.266151,591.853613,2.6045,0.647579,0.513627,2.536621,0.65999,0.472796,2.672379
1645180892885.856,17766454462,1253.912144,593.486291,2.611122,0.644729,0.517032,2.541473,0.66143,0.472112,2.680771
1645180892897.403,17766465565,1256.861629,592.404896,2.609642,0.645102,0.515947,2.535019,0.664129,0.471395,2.684265
1645180892908.429,17766476668,1273.163967,563.809723,2.613182,0.653647,0.4858,2.544128,0.672566,0.453882,2.682236
1645180892919.502,17766487772,1303.045521,537.470716,2.628036,0.671537,0.463808,2.562698,0.685803,0.431977,2.693375
1645180892930.854,17766498875,1320.418339,516.974813,2.637741,0.678292,0.45054,2.584412,0.697144,0.411085,2.691071
1645180892941.7031,17766509978,1325.209293,522.270262,2.633102,0.681143,0.457051,2.573669,0.699283,0.4134,2.692535
1645180892952.795,17766521081,1324.158955,524.67522,2.631004,0.680878,0.459531,2.573959,0.698455,0.414928,2.688049
1645180892963.959,17766532185,1330.892029,522.824818,2.628349,0.686554,0.452493,2.546753,0.699792,0.418882,2.709946
1645180892974.752,17766543288,1329.055824,518.677515,2.632378,0.686309,0.447196,2.552231,0.698124,0.417267,2.712524
1645180892985.934,17766554391,1327.062664,514.512277,2.631081,0.686116,0.442628,2.549255,0.696241,0.414892,2.712906
1645180892997.77,17766565494,1323.641052,515.329403,2.630325,0.685657,0.443155,2.556671,0.693136,0.415727,2.703979
1645180893008.534,17766576598,1322.517815,520.323676,2.636543,0.684626,0.453627,2.561111,0.692996,0.413579,2.711975
1645180893019.214,17766587701,1322.426834,520.766973,2.64064,0.685091,0.450986,2.565811,0.692437,0.416959,2.715469
1645180893030.862,17766598804,1318.733768,517.066044,2.640587,0.68347,0.446533,2.567963,0.690211,0.415244,2.713211
1645180893041.779,17766609907,1321.024818,509.343481,2.633636,0.685278,0.433849,2.556625,0.69079,0.415057,2.710648
1645180893052.806,17766621012,1322.862968,509.930402,2.640198,0.68493,0.43588,2.555725,0.693052,0.414004,2.72467
1645180893064.045,17766632115,1321.321507,512.308413,2.645882,0.682529,0.444173,2.560242,0.693848,0.409674,2.731522
1645180893075.122,17766643218,1321.185951,513.621837,2.658813,0.682057,0.446173,2.582077,0.694179,0.409863,2.73555
1645180893085.743,17766654321,1316.155643,515.680647,2.658363,0.679734,0.446961,2.586914,0.691262,0.412507,2.729813
1645180893097.286,17766665424,1318.331566,520.277399,2.664482,0.680865,0.448255,2.595871,0.692397,0.418874,2.733093
1645180893108.3838,17766676528,1315.815296,527.779502,2.663353,0.678934,0.454815,2.587967,0.691707,0.424817,2.738739
1645180893119.407,17766687631,1320.191116,524.377996,2.670174,0.681547,0.453973,2.595245,0.693652,0.419991,2.745102
1645180893130.678,17766698734,1319.741135,520.595384,2.663101,0.680492,0.448409,2.573532,0.694239,0.41925,2.75267
1645180893141.668,17766709838,1320.64333,517.705607,2.665291,0.681854,0.449243,2.578293,0.693816,0.4136,2.752289
1645180893152.4392,17766720941,1316.902428,517.72145,2.673393,0.680463,0.445226,2.583389,0.69131,0.417643,2.763397
1645180893163.464,17766732044,1319.977512,518.576074,2.678497,0.684175,0.447658,2.592758,0.690802,0.416636,2.764236
1645180893175.091,17766743148,1321.516285,519.617558,2.686165,0.685034,0.444553,2.602432,0.691545,0.421476,2.769897
1645180893185.78,17766754251,1324.363747,522.443551,2.68412,0.686303,0.449982,2.602005,0.693242,0.420758,2.766235
1645180893197.438,17766765354,1323.238335,523.551178,2.696045,0.684141,0.454181,2.635132,0.694232,0.418404,2.756958
1645180893210.8591,17766776457,1319.600372,526.620716,2.704521,0.6817,0.461409,2.642471,0.692884,0.416292,2.766571
1645180893219.022,17766787560,1316.648369,522.352356,2.714279,0.680053,0.456448,2.649139,0.691455,0.41414,2.779419
1645180893231.048,17766798664,1313.137436,522.332311,2.716179,0.679853,0.452978,2.629074,0.687999,0.417576,2.803284
1645180893241.3772,17766809767,1315.019302,517.167681,2.712036,0.682474,0.446458,2.617432,0.687338,0.415489,2.806641
1645180893252.254,17766820870,1313.042278,517.177427,2.71582,0.681907,0.44676,2.619873,0.685845,0.415203,2.811768
1645180893263.907,17766831974,1314.397316,519.511896,2.711868,0.68106,0.451564,2.63147,0.688104,0.414289,2.792267
1645180893274.895,17766843077,1313.450375,516.724902,2.716278,0.678143,0.447057,2.637131,0.690035,0.414151,2.795425
1645180893285.917,17766854180,1317.465591,520.296156,2.720055,0.680124,0.451834,2.640411,0.692236,0.415327,2.799698
1645180893297.149,17766865283,1316.727734,519.470912,2.726318,0.680841,0.448162,2.631134,0.69075,0.417622,2.821503
1645180893307.98,17766876386,1318.02578,520.496285,2.724274,0.684644,0.447891,2.632584,0.6883,0.419603,2.815964
1645180893319.008,17766887490,1316.304188,520.147634,2.726349,0.685034,0.446303,2.634964,0.686116,0.42061,2.817734
1645180893330.6511,17766898593,1316.900654,516.97163,2.719589,0.684151,0.441876,2.632568,0.68762,0.419744,2.80661
1645180893341.678,17766909696,1317.671928,520.636779,2.721451,0.681367,0.445175,2.632187,0.691208,0.422553,2.810715
1645180893352.4329,17766920800,1355.213928,520.391768,2.721535,0.702127,0.443755,2.629852,0.709554,0.423565,2.813217
1645180893363.8252,17766931903,1379.714928,518.622226,2.721176,0.715345,0.443079,2.636307,0.721858,0.421291,2.806046
1645180893375.205,17766943006,1397.376251,514.876646,2.726036,0.726796,0.444171,2.641129,0.728804,0.413956,2.810944
1645180893385.588,17766954110,1394.879551,513.099575,2.722374,0.724637,0.445211,2.635086,0.728363,0.409954,2.809662
1645180893396.975,17766965213,1392.104816,513.566816,2.727226,0.724866,0.445915,2.628738,0.725243,0.41003,2.825714
1645180893408.219,17766976317,1399.140472,513.333607,2.719498,0.728666,0.444064,2.617737,0.728772,0.411492,2.821259
1645180893418.904,17766987420,1398.489418,512.8519,2.718689,0.728885,0.44014,2.625839,0.727875,0.414613,2.811539
1645180893430.362,17766998523,1398.926468,509.363115,2.71254,0.727445,0.437381,2.627426,0.72977,0.411557,2.797653
1645180893441.384,17767009627,1394.345913,510.185909,2.71534,0.722603,0.434266,2.628448,0.72984,0.416043,2.802231
1645180893452.252,17767020730,1393.130493,511.826295,2.711006,0.72206,0.437964,2.625244,0.729117,0.415079,2.796768
1645180893463.801,17767031833,1396.265087,516.886425,2.716942,0.725352,0.442381,2.632278,0.72909,0.419096,2.801605
1645180893474.602,17767042936,1395.566425,518.802881,2.714806,0.72432,0.446986,2.634048,0.729395,0.417686,2.795563
1645180893485.546,17767054039,1395.402431,519.034696,2.709473,0.721999,0.444434,2.619736,0.731545,0.420624,2.79921
1645180893497.051,17767065143,1391.064262,520.90044,2.7061,0.718341,0.446404,2.614227,0.730685,0.421763,2.797974
1645180893508.075,17767076246,1391.24279,520.525217,2.704002,0.720221,0.447227,2.614548,0.72899,0.420315,2.793457
1645180893518.859,17767087349,1394.404736,523.995316,2.704041,0.724499,0.452341,2.614288,0.728006,0.420984,2.793793
1645180893530.585,17767098453,1395.376911,524.060673,2.707146,0.724812,0.45185,2.61676,0.728705,0.421584,2.797531
1645180893541.428,17767109556,1396.761875,527.823848,2.709518,0.724959,0.451854,2.620255,0.730001,0.427852,2.798782
1645180893552.126,17767120659,1395.133266,527.416366,2.707352,0.721976,0.452461,2.616516,0.731287,0.426566,2.798187
1645180893563.695,17767131762,1395.993919,526.681924,2.710793,0.723154,0.452017,2.621292,0.731007,0.425786,2.800293
1645180893574.771,17767142865,1395.487061,528.164452,2.715363,0.723733,0.453869,2.616913,0.7299,0.426406,2.813812
1645180893585.521,17767153969,1394.306889,525.058097,2.7127,0.725603,0.448918,2.61528,0.7268,0.426178,2.81012
1645180893596.669,17767165072,1393.86961,521.487665,2.702553,0.724424,0.444149,2.600021,0.727524,0.424997,2.805084
1645180893608.006,17767176175,1392.60807,513.648766,2.69519,0.723504,0.438206,2.597641,0.72713,0.417875,2.79274
1645180893618.8792,17767187279,1380.452843,511.527729,2.701492,0.71504,0.435883,2.610413,0.722932,0.416663,2.792572
1645180893629.2751,17767198382,1377.752666,515.550631,2.689934,0.714019,0.439021,2.598785,0.72114,0.42023,2.781082
1645180893641.317,17767209485,1151.768246,508.372825,2.689606,0.590882,0.437872,2.598221,0.608876,0.409416,2.780991
1645180893652.131,17767220588,745.210018,515.081084,2.691315,0.379472,0.443157,2.580765,0.396788,0.415312,2.801865
1645180893662.44,17767231691,745.210018,515.081084,2.691315,0.379472,0.443157,2.580765,0.396788,0.415312,2.801865
1645180893674.757,17767242795,641.20471,540.541399,2.710938,0.320867,0.470723,2.587067,0.347054,0.43018,2.834808
1645180893685.796,17767253898,581.466808,543.764359,2.719109,0.300576,0.473148,2.584946,0.305119,0.433126,2.853271
1645180893800.0,17767265002,572.198868,544.322813,2.729912,0.296124,0.472481,2.592072,0.299917,0.434724,2.867752
1645180893801.884,17767276105,564.066095,542.412883,2.72506,0.293882,0.469887,2.571289,0.293687,0.434134,2.87883
1645180893802.868,17767287209,565.96015,542.887563,2.733063,0.293942,0.469482,2.576813,0.2956,0.435331,2.889313
1645180893803.88,17767298312,566.064949,540.795207,2.731544,0.295029,0.467324,2.575058,0.294622,0.434001,2.888031
1645180893804.866,17767309415,567.618713,543.303967,2.738411,0.294468,0.473857,2.602448,0.296802,0.431649,2.874374
1645180893804.866,17767320518,564.941969,544.093823,2.740074,0.294599,0.474102,2.607941,0.293883,0.432721,2.872208
1645180893805.864,17767331622,565.085278,545.381463,2.735153,0.295451,0.474111,2.604309,0.293179,0.434859,2.865997
1645180893805.864,17767342725,564.369793,546.947837,2.733643,0.2949,0.474504,2.602097,0.292985,0.437076,2.865189
1645180893805.864,17767353829,565.129538,547.237158,2.734154,0.295652,0.473793,2.603775,0.293024,0.438269,2.864532
1645180893805.864,17767364932,563.242464,546.91236,2.754768,0.292266,0.47386,2.622665,0.294445,0.437661,2.886871
1645180893807.869,17767376035,560.66288,540.23214,2.746826,0.291465,0.466952,2.608856,0.292559,0.433435,2.884796
1645180893818.67,17767387138,561.414757,540.133971,2.740868,0.291454,0.464148,2.600296,0.293353,0.436076,2.881439
1645180893830.23,17767398241,561.845284,537.964761,2.731346,0.290712,0.460555,2.596863,0.294543,0.436053,2.865829
1645180893841.2932,17767409344,562.417974,537.304366,2.737778,0.289238,0.457411,2.594009,0.296614,0.438096,2.881546
1645180893852.087,17767420448,562.465181,539.711595,2.744072,0.288826,0.460952,2.60231,0.297075,0.438567,2.885834
1645180893863.296,17767431551,562.501974,541.549462,2.746758,0.290296,0.463112,2.601929,0.295643,0.43947,2.891586
1645180893874.486,17767442655,563.703117,549.774331,2.754456,0.291976,0.470974,2.622116,0.295214,0.445316,2.886795
1645180893885.515,17767453758,561.625872,550.000817,2.748886,0.289993,0.471353,2.610809,0.295034,0.445315,2.886963
1645180893896.836,17767464861,563.5326,551.103097,2.75531,0.289501,0.473963,2.617111,0.297512,0.444542,2.893509
1645180893907.861,17767475964,562.296495,541.961002,2.744736,0.287834,0.467348,2.60434,0.297891,0.43592,2.885132
1645180893918.884,17767487067,563.214569,538.101733,2.750038,0.290292,0.465818,2.614029,0.29639,0.431018,2.886047
1645180893930.1108,17767498170,559.444141,538.439602,2.748123,0.289188,0.465265,2.621658,0.293566,0.432135,2.874588
1645180893941.184,17767509274,557.467918,541.427547,2.755013,0.287573,0.464592,2.632584,0.293123,0.437788,2.877441
1645180893952.123,17767520378,560.637732,544.604409,2.752296,0.286366,0.465057,2.629211,0.297632,0.442617,2.875381
1645180893963.198,17767531481,560.410767,546.355462,2.747818,0.285337,0.465657,2.622879,0.298424,0.444936,2.872757
1645180893974.21,17767542584,562.509928,549.529982,2.745583,0.287422,0.47263,2.616852,0.298526,0.443253,2.874313
1645180893985.24,17767553687,562.42178,551.824504,2.746407,0.288488,0.472173,2.613861,0.297368,0.447535,2.878952
1645180893996.649,17767564790,563.805485,548.769683,2.758759,0.291424,0.471525,2.620178,0.295873,0.443091,2.897339
1645180894007.7742,17767575893,564.828901,551.643938,2.768112,0.292574,0.476428,2.646713,0.295789,0.442979,2.889511
1645180894019.255,17767586996,561.463366,554.196846,2.771011,0.292188,0.479979,2.652206,0.29267,0.443683,2.889816
1645180894030.03,17767598100,559.18479,557.568723,2.774429,0.289406,0.482501,2.655121,0.293078,0.44678,2.893738
1645180894041.041,17767609204,558.742933,561.232513,2.779953,0.288106,0.47976,2.645706,0.293918,0.455627,2.9142
1645180894052.0771,17767620308,624.172869,548.317891,2.788231,0.314198,0.470173,2.662384,0.335982,0.44369,2.914078
1645180894063.224,17767631411,738.571672,535.846996,2.77903,0.380077,0.457779,2.664856,0.389268,0.435299,2.893204
1645180894074.275,17767642514,872.912893,517.361695,2.753258,0.451977,0.444157,2.658615,0.457307,0.418112,2.8479
1645180894085.198,17767653617,979.784489,512.269253,2.739311,0.505191,0.448627,2.653748,0.515418,0.405155,2.824875
1645180894096.61,17767664720,1001.630402,509.810919,2.735199,0.515635,0.446963,2.656143,0.52773,0.402722,2.814255
1645180894107.548,17767675823,1005.973091,508.413023,2.738434,0.520551,0.440856,2.642487,0.527338,0.406499,2.834381
1645180894118.571,17767686927,1027.648773,504.336923,2.731873,0.527131,0.432198,2.637192,0.543336,0.408364,2.826553
1645180894129.873,17767698030,1032.082329,501.682895,2.726845,0.534184,0.432165,2.637573,0.540901,0.403973,2.816116
1645180894140.9211,17767709134,1029.889469,502.398831,2.732117,0.532448,0.434702,2.651855,0.540354,0.402629,2.812378
1645180894151.9238,17767720237,1032.153053,503.849816,2.730255,0.534396,0.44067,2.648361,0.540764,0.39908,2.812149
1645180894163.2122,17767731340,1027.495823,503.084099,2.732552,0.530208,0.434027,2.634003,0.5401,0.404447,2.8311
1645180894174.241,17767742443,1028.278027,501.751041,2.729912,0.52951,0.435899,2.633743,0.541612,0.400353,2.82608
1645180894185.136,17767753546,1027.78965,499.94697,2.727402,0.53005,0.431197,2.633774,0.540564,0.402048,2.82103
1645180894196.605,17767764649,1029.825268,501.655447,2.722435,0.531866,0.436305,2.645233,0.540868,0.399787,2.799637
1645180894207.258,17767775753,1026.903076,503.153104,2.713593,0.529209,0.436647,2.639801,0.540482,0.401942,2.787384
1645180894218.455,17767786856,1027.74725,505.064124,2.712662,0.530668,0.437886,2.635544,0.539902,0.403888,2.78978
1645180894229.605,17767797960,1029.830933,506.027502,2.710381,0.530935,0.440568,2.626694,0.541806,0.402811,2.794067
1645180894240.917,17767809063,1028.393841,506.184268,2.715485,0.533355,0.439538,2.630142,0.537888,0.404102,2.800827
1645180894251.816,17767820166,1028.209362,507.761103,2.712929,0.532255,0.44452,2.638657,0.538796,0.401748,2.787201
1645180894263.3008,17767831269,1027.435455,505.831683,2.719757,0.53315,0.441034,2.642197,0.537095,0.402019,2.797318
1645180894274.3389,17767842372,1030.995083,508.638382,2.717522,0.534399,0.443133,2.646469,0.539555,0.404598,2.788574
1645180894285.388,17767853475,1028.277054,507.002503,2.714874,0.535295,0.437487,2.639847,0.535827,0.407517,2.789902
1645180894296.592,17767864580,1031.862888,509.08826,2.714836,0.535202,0.435742,2.641556,0.539655,0.412738,2.788116
1645180894307.599,17767875683,1032.980289,506.434268,2.718948,0.534719,0.432337,2.641479,0.541302,0.411721,2.796417
1645180894318.4458,17767886786,1035.112953,505.708784,2.721794,0.534235,0.427991,2.633911,0.544008,0.414857,2.809677
1645180894329.773,17767897889,1030.628071,503.935736,2.716148,0.532074,0.425468,2.625748,0.541497,0.414425,2.806549
1645180894340.824,17767908992,1027.499199,501.748449,2.707153,0.529696,0.420607,2.611511,0.540615,0.415641,2.802795
1645180894351.796,17767920095,1044.941826,505.763251,2.701904,0.538403,0.424707,2.616104,0.550078,0.418232,2.787704
1645180894362.993,17767931198,1090.134544,505.014986,2.701843,0.561014,0.426806,2.622543,0.574543,0.414886,2.781143
1645180894374.2148,17767942301,1123.130322,505.084455,2.696999,0.579679,0.429518,2.620514,0.590249,0.412289,2.773483
1645180894384.92,17767953406,1158.23719,501.941514,2.703522,0.599184,0.431312,2.629211,0.607313,0.405257,2.777832
1645180894396.606,17767964510,1146.202641,504.998267,2.707497,0.593274,0.436273,2.639313,0.600687,0.405391,2.775681
1645180894407.614,17767975613,1146.944103,509.063816,2.713768,0.593133,0.439824,2.643021,0.6016,0.408616,2.784515
1645180894418.274,17767986716,1149.785957,509.876579,2.705582,0.59528,0.440741,2.633499,0.602414,0.409053,2.777664
1645180894429.75,17767997819,1153.213978,510.30677,2.701553,0.598495,0.435152,2.618896,0.60277,0.415359,2.78421
1645180894440.792,17768008922,1153.914299,507.73344,2.697258,0.598857,0.432707,2.616333,0.603137,0.413515,2.778183
1645180894451.486,17768020025,1157.074413,510.997975,2.693962,0.599615,0.433537,2.617599,0.605671,0.418126,2.770325
1645180894463.5898,17768031128,1157.099133,514.36733,2.693512,0.600205,0.44273,2.626175,0.605106,0.414549,2.760849
1645180894474.031,17768042232,1157.872982,510.418814,2.686844,0.599359,0.435763,2.624008,0.606758,0.414935,2.74968
1645180894484.8782,17768053336,1157.312164,506.933892,2.684952,0.597633,0.429595,2.621765,0.607901,0.415295,2.748138
1645180894496.362,17768064439,1157.487659,498.24307,2.677338,0.596938,0.42073,2.610336,0.608778,0.409675,2.744339
1645180894507.432,17768075542,1160.445843,500.533623,2.672661,0.600352,0.427003,2.604309,0.608445,0.407219,2.741013
1645180894518.186,17768086645,1158.264828,501.283032,2.6754,0.601805,0.430462,2.608231,0.604721,0.40501,2.742569
1645180894529.667,17768097748,1159.53867,504.376441,2.67115,0.602635,0.434929,2.601791,0.605218,0.405698,2.740509
1645180894540.714,17768108851,1159.982872,501.819384,2.668869,0.601696,0.432394,2.59964,0.606619,0.403972,2.738098
1645180894551.3909,17768119954,1161.959095,501.501936,2.663094,0.601865,0.431666,2.59343,0.608509,0.40417,2.732758
1645180894562.541,17768131058,1156.663456,502.029312,2.664093,0.59857,0.430064,2.593628,0.606288,0.406651,2.734558
1645180894573.983,17768142162,1130.380955,503.115624,2.665123,0.583876,0.430335,2.589645,0.593604,0.408191,2.740601
1645180894584.554,17768153265,1101.780338,505.49022,2.659744,0.568758,0.433337,2.580032,0.578929,0.409147,2.739456
1645180894596.245,17768164368,1085.075855,503.691959,2.657402,0.560231,0.427789,2.569931,0.570056,0.411697,2.744873
1645180894607.254,17768175471,1088.574371,504.820544,2.659676,0.562164,0.431646,2.572693,0.571768,0.409722,2.746658
1645180894618.31,17768186574,1092.28981,507.388544,2.661987,0.56329,0.433721,2.574753,0.574512,0.411927,2.749222
1645180894630.012,17768197677,1090.525303,510.227734,2.663597,0.562708,0.441475,2.576096,0.573256,0.408904,2.751099
1645180894640.784,17768208781,1092.376099,511.577618,2.658157,0.564635,0.437049,2.575455,0.573257,0.41558,2.74086
1645180894651.3418,17768219885,1090.808945,507.369965,2.659561,0.565263,0.43676,2.58342,0.570997,0.408856,2.735703
1645180894662.985,17768230988,1096.554279,510.587221,2.662636,0.568236,0.436327,2.594009,0.574008,0.414652,2.731262
1645180894674.01,17768242091,1091.251831,510.947496,2.664787,0.566563,0.441448,2.598572,0.570157,0.410131,2.731003
1645180894684.737,17768253194,1092.412949,511.332786,2.66259,0.56785,0.436605,2.593536,0.57008,0.415616,2.731644
1645180894696.338,17768264297,1091.850929,512.480646,2.669685,0.56651,0.439527,2.610077,0.570835,0.414607,2.729294
1645180894707.3792,17768275400,1096.58083,510.275549,2.674576,0.569252,0.438266,2.608536,0.573019,0.412193,2.740616
1645180894718.072,17768286504,1095.122623,509.421819,2.678581,0.566286,0.439768,2.608765,0.574466,0.409268,2.748398
1645180894729.6528,17768297607,1091.569519,508.415365,2.6726,0.565956,0.439222,2.600739,0.571096,0.408137,2.744461
1645180894740.69,17768308711,1086.893921,513.292551,2.675468,0.562034,0.446316,2.616272,0.570147,0.409172,2.734665
1645180894751.253,17768319815,1088.450031,513.304603,2.677483,0.562702,0.445448,2.618622,0.5711,0.41006,2.736343
1645180894762.801,17768330918,1088.86528,508.938789,2.664215,0.563583,0.43967,2.5923,0.570652,0.408562,2.73613
1645180894773.8271,17768342021,1092.13623,499.657184,2.660217,0.56759,0.428336,2.572922,0.570052,0.404426,2.747513
1645180894784.875,17768353124,1090.99411,501.354128,2.661919,0.567391,0.430887,2.578705,0.569061,0.404703,2.745132
1645180894796.246,17768364227,1093.875389,507.111079,2.678223,0.566697,0.434457,2.595047,0.572756,0.410728,2.761398
1645180894807.0,17768375330,1096.219654,515.786791,2.671631,0.569089,0.440002,2.587173,0.572806,0.419643,2.756088
1645180894818.058,17768386433,1097.625332,515.213406,2.669785,0.570034,0.440694,2.577148,0.573325,0.417995,2.762421
1645180894829.206,17768397537,1095.385265,512.997007,2.656265,0.57025,0.446576,2.566483,0.570776,0.408419,2.746048
1645180894840.478,17768408641,1091.41943,518.860638,2.678665,0.564938,0.454191,2.588974,0.571957,0.410577,2.768356
1645180894851.004,17768419744,1090.526905,516.533232,2.676949,0.563334,0.452382,2.591827,0.572631,0.408506,2.76207
1645180894862.8792,17768430847,1091.911354,515.339845,2.68586,0.564513,0.446016,2.598663,0.572895,0.412884,2.773056
1645180894873.7769,17768441950,1095.222702,507.158715,2.662186,0.567249,0.437232,2.580872,0.573608,0.408032,2.7435
1645180894884.561,17768453053,1095.57106,507.273227,2.659195,0.568713,0.435239,2.57637,0.572507,0.410216,2.74202
1645180894896.2148,17768464157,1094.976082,505.955958,2.657211,0.567689,0.43465,2.575623,0.572911,0.40861,2.7388
1645180894907.043,17768475260,1090.51918,507.502681,2.666756,0.564374,0.436201,2.58493,0.571584,0.409637,2.748581
1645180894917.774,17768486364,1090.304317,508.843839,2.671837,0.564833,0.438103,2.594254,0.570901,0.40997,2.74942
1645180894929.816,17768497467,1088.449173,506.109613,2.668808,0.56286,0.433797,2.584915,0.570941,0.409719,2.752701
1645180894940.365,17768508570,1084.885426,507.316196,2.674385,0.560033,0.43715,2.599457,0.570056,0.408377,2.749313
1645180894951.1052,17768519673,1085.279503,503.804576,2.672203,0.560308,0.43501,2.595001,0.570192,0.404664,2.749405
1645180894962.801,17768530776,1084.874039,506.800085,2.684181,0.560162,0.441438,2.619873,0.569915,0.403229,2.748489
1645180894974.035,17768541879,1086.931114,506.373024,2.686165,0.562275,0.441367,2.620026,0.569945,0.402588,2.752304
1645180894984.4202,17768552983,1084.488888,507.47838,2.689102,0.559741,0.442664,2.618896,0.569935,0.403133,2.759308
1645180894996.102,17768564086,1082.752819,507.850206,2.687721,0.561275,0.445339,2.624863,0.566592,0.401078,2.75058
1645180895006.736,17768575190,1045.612965,500.906003,2.691002,0.542148,0.443506,2.621033,0.547032,0.391337,2.760971
1645180895017.776,17768586293,982.590237,496.070927,2.702034,0.512603,0.437673,2.637543,0.510928,0.389112,2.766525
1645180895029.379,17768597396,933.122149,488.421357,2.691467,0.481565,0.426473,2.613998,0.490437,0.387562,2.768936
1645180895040.4028,17768608499,925.621662,491.939503,2.692818,0.479182,0.42423,2.60083,0.485007,0.395669,2.784805
1645180895051.0818,17768619603,926.025438,500.680536,2.688095,0.479568,0.433545,2.596848,0.485042,0.400923,2.779343
1645180895062.8308,17768630706,926.639757,508.697534,2.699936,0.480453,0.442568,2.609741,0.484797,0.405261,2.790131
1645180895073.924,17768641809,923.356876,509.689736,2.699219,0.480168,0.441691,2.615112,0.481662,0.407792,2.783325
1645180895084.407,17768652912,921.093836,503.344077,2.702034,0.481887,0.433087,2.612061,0.477585,0.40582,2.792007
1645180895095.963,17768664017,917.344723,496.777278,2.69664,0.479713,0.425609,2.602676,0.475855,0.402354,2.790604
1645180895107.023,17768675120,916.687431,492.547417,2.70153,0.479337,0.423423,2.607651,0.475546,0.397489,2.79541
1645180895117.169,17768686223,917.049694,491.533703,2.697037,0.47588,0.424637,2.604752,0.47938,0.394586,2.789322
1645180895129.3489,17768697326,915.584879,490.922409,2.691711,0.475931,0.418246,2.589981,0.477803,0.399958,2.793442
1645180895140.332,17768708429,916.09025,495.483202,2.690033,0.475302,0.423895,2.594971,0.478958,0.401911,2.785095
1645180895150.93,17768719532,917.527514,501.713455,2.692413,0.477492,0.429915,2.594681,0.478265,0.406274,2.790146
1645180895163.046,17768730635,920.91548,505.089194,2.698029,0.478445,0.440711,2.608383,0.480842,0.401104,2.787674
1645180895173.676,17768741738,920.261736,506.247944,2.700455,0.478259,0.440764,2.613052,0.480347,0.402982,2.787857
1645180895184.731,17768752843,918.473396,505.044919,2.704224,0.477009,0.440355,2.618484,0.479734,0.401386,2.789963
1645180895196.125,17768763946,919.22164,503.834671,2.706795,0.47594,0.435566,2.612289,0.481583,0.404159,2.8013
1645180895206.991,17768775049,919.721403,500.895882,2.702332,0.476247,0.43296,2.60376,0.481796,0.401867,2.800903
1645180895218.044,17768786152,918.508415,500.559533,2.700485,0.476474,0.433224,2.594742,0.480305,0.401042,2.806229
1645180895229.428,17768797255,921.39307,501.352072,2.707153,0.479045,0.433005,2.60524,0.48074,0.402582,2.809067
1645180895240.715,17768808359,946.005936,498.207432,2.712105,0.489912,0.429552,2.60434,0.495511,0.400793,2.81987
1645180895250.989,17768819462,1003.604679,491.737264,2.714874,0.516583,0.424878,2.617752,0.528838,0.394684,2.811996
1645180895262.5562,17768830565,1028.240719,484.390908,2.706017,0.530807,0.419036,2.610825,0.540277,0.388282,2.801208
1645180895273.586,17768841669,1035.455132,484.392321,2.705589,0.536566,0.424169,2.615128,0.542034,0.383152,2.796051
1645180895284.406,17768852772,1027.324505,482.200956,2.711205,0.532585,0.420681,2.615265,0.537545,0.382987,2.807144
1645180895295.892,17768863875,1030.325661,487.249285,2.726326,0.53488,0.426556,2.641586,0.538375,0.385527,2.811066
1645180895306.916,17768874978,1032.357044,482.041615,2.723557,0.536576,0.415953,2.641129,0.538796,0.38745,2.805984
1645180895317.458,17768886081,1030.53566,481.168377,2.723778,0.535373,0.414563,2.641342,0.538101,0.387384,2.806213
1645180895329.24,17768897185,1029.152584,479.563701,2.710342,0.53273,0.412223,2.61438,0.539303,0.38705,2.806305
1645180895340.239,17768908288,1029.479828,484.762251,2.708405,0.53096,0.420103,2.614578,0.541415,0.387834,2.802231
1645180895350.516,17768919391,1033.29998,484.151727,2.71653,0.534538,0.420827,2.628525,0.541816,0.386093,2.804535
1645180895361.984,17768930495,1037.781715,481.026345,2.721237,0.535791,0.420002,2.633926,0.545232,0.381709,2.808548
1645180895373.3562,17768941598,1034.480038,478.29566,2.726494,0.535573,0.414652,2.634811,0.54201,0.382508,2.818176
1645180895383.679,17768952702,1033.58511,479.806048,2.723633,0.534577,0.415403,2.623947,0.542075,0.384273,2.823318
1645180895395.945,17768963805,1031.469669,478.557551,2.726578,0.537326,0.415261,2.631744,0.537121,0.382335,2.821411
1645180895407.191,17768974908,1032.242775,479.155612,2.728523,0.538596,0.415405,2.634308,0.536657,0.383187,2.822739
1645180895417.271,17768986011,1030.254021,477.377218,2.728867,0.537497,0.413946,2.644119,0.535685,0.381683,2.813614
1645180895428.678,17768997114,1032.759418,480.784982,2.740669,0.53773,0.41892,2.666199,0.538061,0.382389,2.81514
1645180895439.825,17769008218,1030.875435,480.59206,2.740257,0.534395,0.42307,2.675842,0.539433,0.377917,2.804672
1645180895450.756,17769019322,1033.113441,480.865431,2.738831,0.537036,0.421845,2.669968,0.539123,0.379597,2.807693
1645180895462.1511,17769030425,1028.155403,484.032887,2.728447,0.533398,0.424763,2.657806,0.537597,0.381958,2.799088
1645180895473.276,17769041528,1033.106861,482.859904,2.725441,0.538333,0.419079,2.642487,0.53782,0.385688,2.808395
1645180895484.144,17769052631,1033.309193,484.094954,2.721077,0.536005,0.422717,2.634842,0.540359,0.384108,2.807312
1645180895495.04,17769063734,1036.364822,478.800917,2.715485,0.538081,0.41872,2.628311,0.541465,0.379282,2.802658
1645180895507.057,17769074837,1033.659954,479.674762,2.714088,0.535586,0.422569,2.638397,0.541143,0.376889,2.78978
1645180895516.794,17769085941,1033.027668,477.243304,2.709137,0.537436,0.419623,2.633102,0.538635,0.375782,2.785172
1645180895528.176,17769097044,1032.940578,477.968091,2.70752,0.537758,0.414652,2.629395,0.538222,0.381961,2.785645
1645180895540.167,17769108148,1031.283474,476.651198,2.698509,0.534226,0.41427,2.612701,0.540027,0.380149,2.784317
1645180895549.8618,17769119251,1006.355095,516.890001,2.696114,0.520233,0.444143,2.620865,0.528054,0.41734,2.771362
1645180895561.928,17769130354,979.453468,620.366335,2.703606,0.50252,0.537331,2.607773,0.517744,0.496613,2.799438
1645180895573.14,17769141457,964.603643,715.948892,2.744247,0.496095,0.622065,2.672348,0.5087,0.571183,2.816147
1645180895583.4429,17769152561,965.903778,769.854641,2.739189,0.496859,0.66534,2.664719,0.509291,0.617751,2.81366
1645180895595.345,17769163664,962.256117,751.36596,2.735123,0.493761,0.647876,2.665344,0.50859,0.6044,2.804901
1645180895606.7158,17769174767,960.486403,745.36382,2.705139,0.494226,0.636391,2.613708,0.50628,0.605882,2.79657
1645180895617.451,17769185870,954.139395,758.931005,2.702103,0.492088,0.645761,2.617325,0.501808,0.619124,2.78688
1645180895628.47,17769196974,962.495499,763.601625,2.703377,0.498552,0.649431,2.614441,0.504048,0.623239,2.792313
1645180895639.614,17769208077,956.322813,778.839469,2.730743,0.495043,0.674046,2.662949,0.501126,0.62402,2.798538
1645180895650.605,17769219180,956.187601,781.87598,2.731171,0.496388,0.679074,2.655197,0.49964,0.624053,2.807144
1645180895661.622,17769230284,953.885937,779.034269,2.72998,0.494292,0.677432,2.6577,0.499339,0.620959,2.802261
1645180895673.32,17769241387,946.865301,758.335447,2.714417,0.487729,0.649917,2.625122,0.498589,0.613975,2.803711
1645180895683.316,17769252490,940.55809,747.217727,2.72258,0.482669,0.640576,2.632629,0.497079,0.604787,2.812531
1645180895802.437,17769263593,935.490961,744.245195,2.723709,0.480484,0.637377,2.62886,0.493986,0.603032,2.818558
1645180895803.452,17769274696,938.065224,747.928119,2.728455,0.481048,0.642078,2.635803,0.496103,0.604469,2.821106
1645180895803.452,17769285801,933.137026,742.066026,2.725441,0.478051,0.633609,2.62262,0.493967,0.603168,2.828262
1645180895804.447,17769296904,935.753803,742.578077,2.738762,0.478954,0.637804,2.652344,0.495789,0.599826,2.82518
1645180895804.447,17769308007,933.930616,749.035013,2.752571,0.479545,0.65124,2.672867,0.4933,0.597152,2.832275
1645180895805.655,17769319110,933.626833,748.276269,2.745087,0.481665,0.651924,2.66835,0.490863,0.595204,2.821823
1645180895805.655,17769330213,931.771746,744.373477,2.737572,0.481653,0.648412,2.661224,0.488943,0.592211,2.813919
1645180895806.67,17769341316,933.920116,733.032703,2.724136,0.48364,0.629201,2.637161,0.489193,0.592521,2.811111
1645180895806.67,17769352419,934.711618,731.28376,2.733009,0.483805,0.626959,2.645264,0.489853,0.591847,2.820755
1645180895806.67,17769363523,932.705183,732.126904,2.74408,0.481999,0.624066,2.649719,0.489569,0.596146,2.83844
1645180895807.668,17769374627,930.109892,733.679831,2.742683,0.480761,0.625663,2.65274,0.488104,0.597137,2.832626
1645180895816.955,17769385730,929.647465,737.141669,2.748657,0.478641,0.627795,2.660751,0.489742,0.600775,2.836563
1645180895828.77,17769396833,929.713497,740.280497,2.749763,0.479284,0.630284,2.660049,0.489167,0.603517,2.839478
1645180895839.646,17769407937,931.746826,746.155286,2.757576,0.480524,0.638145,2.668549,0.490046,0.605447,2.846603
1645180895849.5532,17769419040,936.691532,746.295583,2.754684,0.484152,0.640428,2.66655,0.491568,0.603398,2.842819
1645180895862.221,17769430143,939.523716,747.722018,2.758049,0.48301,0.642875,2.665588,0.49566,0.603329,2.85051
1645180895872.509,17769441246,939.314976,745.751381,2.752457,0.482122,0.640128,2.661087,0.496331,0.602791,2.843826
1645180895883.719,17769452349,934.318628,752.100635,2.757866,0.480048,0.641658,2.662994,0.493201,0.611844,2.852737
1645180895895.236,17769463453,930.862942,750.757098,2.752174,0.477716,0.64054,2.66098,0.491933,0.610722,2.843369
1645180895906.799,17769474556,926.350565,752.77462,2.759575,0.473248,0.642465,2.666748,0.491701,0.61216,2.852402
1645180895916.909,17769485660,929.919176,748.708141,2.762207,0.473895,0.640076,2.666367,0.494771,0.607771,2.858047
1645180895928.527,17769496763,931.420755,750.22409,2.761703,0.479168,0.643462,2.670914,0.491062,0.606911,2.852493
1645180895939.112,17769507866,933.059406,747.5927,2.763107,0.479146,0.649283,2.684418,0.492791,0.596705,2.841797
1645180895949.447,17769518969,937.806101,753.246009,2.759445,0.484081,0.656438,2.681824,0.492801,0.598972,2.837067
1645180895961.573,17769530072,933.066015,748.919499,2.751923,0.479778,0.650681,2.664627,0.492166,0.597518,2.839218
1645180895973.165,17769541175,936.017218,764.950311,2.770668,0.485912,0.663748,2.68721,0.489106,0.611169,2.854126
1645180895983.203,17769552279,926.791363,760.248363,2.761658,0.481363,0.660175,2.674622,0.484045,0.606906,2.848694
1645180895995.124,17769563382,928.078794,760.802972,2.76223,0.481882,0.66033,2.678146,0.484867,0.607675,2.846313
1645180896006.199,17769574486,925.638685,745.25038,2.743088,0.479689,0.642526,2.647491,0.484517,0.599558,2.838684
1645180896016.124,17769585589,931.208239,743.66802,2.740082,0.480229,0.639745,2.649048,0.48978,0.599702,2.831116
1645180896028.352,17769596692,933.512564,745.937347,2.746078,0.481661,0.642344,2.65834,0.490748,0.600885,2.833817
1645180896039.364,17769607795,936.164446,740.298092,2.734161,0.482401,0.629814,2.631271,0.49277,0.604016,2.837051
1645180896050.124,17769618898,939.642735,746.150279,2.740372,0.483383,0.633365,2.638367,0.495412,0.610218,2.842377
1645180896062.058,17769630002,936.54891,742.718089,2.729942,0.479984,0.62906,2.618973,0.495588,0.608804,2.840912
1645180896072.499,17769641106,933.766193,753.710532,2.741272,0.480882,0.644022,2.63623,0.491791,0.612163,2.846313
1645180896083.663,17769652209,926.494074,751.259065,2.736832,0.478989,0.639668,2.628937,0.486109,0.61243,2.844727
1645180896094.81,17769663312,930.047636,756.052029,2.73896,0.482133,0.644481,2.632736,0.486666,0.615606,2.845184
1645180896105.811,17769674415,927.949848,749.111688,2.727203,0.477623,0.6373,2.625839,0.488992,0.61122,2.828568
1645180896116.814,17769685518,930.529346,745.051825,2.724312,0.477237,0.637436,2.628571,0.492064,0.604317,2.820053
1645180896128.208,17769696621,931.525011,741.222811,2.718254,0.476327,0.63252,2.62413,0.494012,0.602851,2.812378
1645180896139.208,17769707725,936.923904,740.058374,2.706726,0.4794,0.6308,2.605865,0.496562,0.602631,2.807587
1645180896150.341,17769718828,934.732904,739.586735,2.700081,0.480816,0.631133,2.607315,0.492864,0.601512,2.792847
