#timestamp,tobii_system_timestamp,gaze_x,gaze_y,pupil_diameter,left_gaze_x,left_gaze_y,left_pupil,right_gaze_x,right_gaze_y,right_pupil
1645444417935.8362,281353792045,1178.357391,433.577371,2.641823,0.611187,0.352547,2.6315,0.616268,0.370082,2.652145
1645444417946.837,281353803148,1181.780663,434.235781,2.649033,0.613083,0.360971,2.634583,0.617938,0.362755,2.663483
1645444417958.835,281353814251,1184.13826,432.558542,2.642365,0.612625,0.36429,2.632263,0.620852,0.356641,2.652466
1645444417969.857,281353825354,1181.956673,431.763732,2.638649,0.608975,0.364105,2.632019,0.62223,0.355501,2.645279
1645444417979.835,281353836457,1183.009014,429.442531,2.63063,0.610696,0.358763,2.628754,0.621605,0.356975,2.632507
1645444417991.837,281353847560,1181.186199,425.890535,2.636497,0.61034,0.354878,2.634186,0.620063,0.354939,2.638809
1645444418002.838,281353858664,1172.445774,427.669573,2.647423,0.608814,0.354015,2.6362,0.612484,0.358768,2.658646
1645444418013.85,281353869768,1168.006668,428.143948,2.649002,0.605206,0.355196,2.638275,0.611468,0.358377,2.659729
1645444418024.834,281353880871,1173.403816,433.380067,2.656464,0.609077,0.356049,2.646606,0.613219,0.366251,2.666321
1645444418035.836,281353891974,1183.891068,429.039967,2.647667,0.610444,0.35389,2.644012,0.622776,0.361176,2.651321
1645444418046.8372,281353903077,1207.857056,425.486112,2.658096,0.620861,0.349704,2.644852,0.637324,0.35944,2.671341
1645444418057.933,281353914180,1215.892868,420.361304,2.654999,0.626768,0.346836,2.651398,0.639787,0.353766,2.6586
1645444418069.9402,281353925283,1221.38895,422.109336,2.659637,0.633479,0.347858,2.658005,0.638801,0.355657,2.66127
1645444418079.931,281353936386,1223.190536,421.609658,2.662598,0.635649,0.348588,2.668884,0.638508,0.354095,2.656311
1645444418091.932,281353947489,1223.410206,418.279123,2.658478,0.634607,0.34784,2.659103,0.639779,0.349292,2.657852
1645444418102.9302,281353958593,1224.41597,421.353918,2.665062,0.633518,0.353662,2.65123,0.641915,0.348594,2.678894
1645444418113.933,281353969697,1224.663448,424.206001,2.670944,0.635861,0.356761,2.664932,0.63983,0.350249,2.676956
1645444418124.928,281353980800,1227.932224,425.333798,2.671051,0.638372,0.354162,2.663071,0.640725,0.354728,2.679031
1645444418135.9292,281353991903,1230.148716,423.535216,2.662399,0.636599,0.351742,2.673965,0.644806,0.35415,2.650833
1645444418146.929,281354003006,1227.262516,427.896094,2.658188,0.636106,0.352594,2.666275,0.642293,0.360566,2.650101
1645444418157.9348,281354014109,1225.461617,427.06216,2.652542,0.636117,0.354779,2.664963,0.640405,0.356991,2.640121
1645444418169.93,281354025212,1224.946175,425.216353,2.659096,0.637387,0.353261,2.670532,0.638599,0.355433,2.647659
1645444418179.928,281354036315,1225.75201,423.032284,2.664886,0.636144,0.350131,2.676239,0.640681,0.354923,2.653534
1645444418191.7478,281354047419,1223.022881,420.152414,2.660027,0.633317,0.344581,2.667801,0.640665,0.355673,2.652252
1645444418202.184,281354058522,1220.629349,422.453338,2.661087,0.633156,0.345255,2.662476,0.638333,0.358833,2.659698
1645444418213.187,281354069626,1220.674839,422.273666,2.650963,0.632219,0.34775,2.659744,0.639317,0.35604,2.642181
1645444418225.186,281354080729,1218.040581,424.52665,2.656845,0.630528,0.354132,2.669281,0.638264,0.353412,2.644409
1645444418236.189,281354091832,1222.943459,422.0384,2.64798,0.630777,0.351535,2.663544,0.643123,0.351862,2.632416
1645444418247.186,281354102935,1223.733959,421.629614,2.649208,0.630859,0.35252,2.667236,0.643864,0.350196,2.63118
1645444418258.183,281354114038,1231.371517,431.802481,2.655983,0.637556,0.365208,2.680374,0.645123,0.354463,2.631592
1645444418269.187,281354125141,1244.441013,438.412499,2.659592,0.643164,0.37055,2.681488,0.653129,0.360138,2.637695
1645444418280.184,281354136245,1276.059723,437.576133,2.6586,0.658313,0.368436,2.671326,0.670916,0.360858,2.645874
1645444418291.1838,281354147348,1281.651134,432.323134,2.654236,0.661047,0.35877,2.664703,0.674007,0.361769,2.643768
1645444418304.74,281354158451,1281.593456,426.480818,2.653221,0.661776,0.355565,2.669006,0.673217,0.355236,2.637436
1645444418313.183,281354169554,1277.391758,425.518781,2.644745,0.660951,0.35176,2.666794,0.669665,0.357438,2.622696
1645444418325.184,281354180658,1286.241531,421.474797,2.641357,0.665168,0.348336,2.661133,0.674667,0.354122,2.621582
1645444418336.188,281354191761,1286.743698,420.387161,2.633713,0.665425,0.347981,2.651047,0.674933,0.352664,2.616379
1645444418346.188,281354202864,1287.554798,413.393962,2.625969,0.664805,0.348023,2.641479,0.676398,0.340967,2.610458
1645444418359.186,281354213967,1284.974556,414.35557,2.632156,0.662533,0.350085,2.643433,0.675983,0.340507,2.62088
1645444418371.187,281354225071,1285.760994,413.035727,2.62912,0.664158,0.351123,2.648193,0.675177,0.33727,2.610046
1645444418380.1848,281354236174,1288.309536,414.272779,2.630295,0.663995,0.343807,2.643051,0.677994,0.346648,2.617538
1645444418391.185,281354247277,1290.692997,415.511012,2.632309,0.667782,0.338061,2.643875,0.67669,0.354457,2.620743
1645444418402.186,281354258380,1287.462273,419.571465,2.637283,0.665888,0.336962,2.637512,0.675219,0.362324,2.637054
1645444418413.187,281354269483,1274.273071,422.225851,2.638535,0.659627,0.342242,2.640976,0.667741,0.361468,2.636093
1645444418424.187,281354280587,1271.072731,420.657188,2.590836,0.653123,0.348266,2.598282,0.670911,0.352829,2.583389
1645444418436.1829,281354291690,1171.598282,468.607789,2.599342,0.606279,0.387405,2.60524,0.614136,0.393608,2.593445
1645444418446.219,281354302793,975.706043,581.167567,2.642189,0.505893,0.468143,2.691757,0.510467,0.50047,2.592621
1645444418457.234,281354313897,933.861895,579.470193,2.611198,0.469366,0.470607,2.612915,0.503407,0.495177,2.609482
1645444418469.234,281354325000,910.561895,602.564871,2.654823,0.462061,0.501787,2.652969,0.486441,0.502487,2.656677
1645444418480.236,281354336103,915.211172,601.028824,2.634666,0.469938,0.500225,2.601257,0.483407,0.501489,2.668076
1645444418491.2332,281354347206,923.508625,608.080637,2.64122,0.474993,0.508377,2.593597,0.486995,0.50509,2.688843
1645444418502.4,281354358309,934.209881,601.614028,2.606628,0.479633,0.495931,2.550034,0.493502,0.506759,2.663223
1645444418513.4038,281354369412,933.051081,594.955963,2.597572,0.478345,0.485791,2.538651,0.493583,0.505802,2.656494
1645444418524.403,281354380516,927.412119,590.546608,2.598633,0.474653,0.473829,2.525314,0.491402,0.510415,2.671951
1645444418536.4028,281354391619,926.383667,603.590637,2.615883,0.471648,0.494202,2.563721,0.493335,0.511783,2.668045
1645444418546.4028,281354402723,925.742111,602.34375,2.599327,0.471018,0.488453,2.557907,0.493296,0.515453,2.640747
1645444418558.403,281354413826,922.676382,598.06813,2.597031,0.468916,0.488729,2.570435,0.492205,0.508051,2.623627
1645444418569.4028,281354424929,914.498777,592.730212,2.605766,0.467021,0.482243,2.568665,0.485582,0.505641,2.642868
1645444418579.404,281354436032,907.712831,586.272758,2.602104,0.464041,0.482424,2.550674,0.481494,0.494697,2.653534
1645444418591.414,281354447135,909.065752,601.708245,2.600082,0.463531,0.50262,2.543961,0.483412,0.500227,2.656204
1645444418603.412,281354458238,915.062943,598.027003,2.576546,0.46742,0.497136,2.513336,0.485771,0.499576,2.639755
1645444418613.045,281354469341,925.899582,608.876467,2.569313,0.471581,0.51073,2.519211,0.492898,0.504064,2.619415
1645444418625.041,281354480444,905.677299,612.772501,2.487602,0.46275,0.511967,2.436447,0.480664,0.509321,2.538757
1645444418635.071,281354491549,892.550182,612.323391,2.435165,0.449879,0.505413,2.380035,0.479861,0.515126,2.490295
1645444418645.04,281354502652,779.299622,638.845718,2.279274,0.396893,0.528116,2.23085,0.414877,0.536627,2.327698
1645444418656.739,281354513755,,,,,,,,,
1645444418667.738,281354524858,,,,,,,,,
1645444418678.744,281354535961,,,,,,,,,
1645444418690.75,281354547064,,,,,,,,,
1645444418701.742,281354558167,,,,,,,,,
1645444418713.745,281354569270,,,,,,,,,
1645444418722.739,281354580374,,,,,,,,,
1645444418734.739,281354591478,,,,,,,,,
1645444418745.739,281354602581,449.65961,496.368563,2.427872,0.227703,0.413396,2.380661,0.240693,0.413885,2.475082
1645444418757.736,281354613684,443.363242,476.843101,2.462959,0.221144,0.380853,2.450836,0.240693,0.413885,2.475082
1645444418768.7358,281354624787,445.233278,444.072872,2.512848,0.221164,0.365612,2.485138,0.242621,0.374509,2.540558
1645444418779.739,281354635890,438.130331,393.537569,2.575348,0.216353,0.330458,2.562012,0.240033,0.325438,2.588684
1645444418790.7368,281354646993,442.511172,389.601266,2.573837,0.220916,0.323898,2.55899,0.240033,0.325438,2.588684
1645444418802.736,281354658096,442.493663,402.57656,2.567184,0.222193,0.333381,2.540985,0.238737,0.33758,2.593384
1645444418813.7568,281354669200,441.195145,411.269188,2.551338,0.226127,0.33816,2.524078,0.233452,0.347289,2.578598
1645444418824.736,281354680303,429.697208,410.417551,2.55471,0.224031,0.341946,2.540939,0.223571,0.342083,2.568481
1645444418835.739,281354691406,429.811192,412.622666,2.57019,0.226889,0.34267,2.556931,0.220831,0.345034,2.58345
1645444418846.7368,281354702510,438.739471,409.866589,2.576164,0.233827,0.340444,2.557281,0.223193,0.342667,2.595047
1645444418856.739,281354713613,457.848358,413.545203,2.578781,0.244136,0.341216,2.542267,0.23279,0.348026,2.615295
1645444418868.741,281354724716,457.775702,414.395535,2.572472,0.243046,0.350307,2.547485,0.233804,0.340353,2.597458
1645444418879.739,281354735819,443.183899,414.783812,2.567848,0.234543,0.353734,2.548172,0.227107,0.337572,2.587524
1645444418890.738,281354746922,438.105483,409.237719,2.55603,0.230703,0.349005,2.547226,0.225657,0.333057,2.564835
1645444418902.739,281354758026,437.225075,405.697328,2.551384,0.228485,0.341774,2.527985,0.226958,0.334389,2.574783
1645444418912.739,281354769129,442.276568,406.664908,2.55806,0.227827,0.342545,2.533142,0.232877,0.33523,2.582977
1645444418924.74,281354780232,442.156363,402.543747,2.576347,0.228194,0.336775,2.55217,0.232385,0.334131,2.600525
1645444418935.7368,281354791335,442.367048,401.317996,2.572777,0.2292,0.336993,2.555405,0.231599,0.33187,2.590149
1645444418946.7412,281354802439,447.242417,407.623476,2.565331,0.230811,0.341648,2.54129,0.235067,0.337724,2.589371
1645444418957.739,281354813542,446.892514,413.356805,2.550346,0.232914,0.350918,2.515839,0.232599,0.33801,2.584854
1645444418968.739,281354824645,443.347507,412.588048,2.55423,0.232079,0.349187,2.504242,0.229741,0.33846,2.604218
1645444418979.74,281354835748,441.441908,408.446324,2.563324,0.234831,0.344236,2.524414,0.225005,0.336508,2.602234
1645444418990.7378,281354846852,441.345391,412.279594,2.563309,0.234657,0.344801,2.531036,0.225078,0.342332,2.595581
1645444419002.737,281354857955,447.5142,417.46999,2.565392,0.237339,0.349836,2.536575,0.228822,0.345947,2.594208
1645444419012.74,281354869058,447.857223,418.760937,2.562828,0.237532,0.350039,2.526031,0.228986,0.347896,2.599625
1645444419024.7458,281354880161,453.049321,417.814296,2.56778,0.238708,0.351185,2.532578,0.233218,0.345172,2.602982
1645444419035.7412,281354891264,451.221628,414.41043,2.56015,0.237971,0.355381,2.541504,0.232052,0.335303,2.578796
1645444419045.739,281354902368,444.660387,413.7591,2.550392,0.232816,0.358866,2.539642,0.230371,0.330732,2.561142
1645444419157.738,281354913471,446.004024,406.100428,2.538826,0.23836,0.352902,2.52417,0.226228,0.323932,2.553482
1645444419158.739,281354924574,444.826827,410.50787,2.530228,0.237928,0.353993,2.508713,0.225433,0.330187,2.551743
1645444419159.737,281354935678,454.820094,416.187501,2.522293,0.2436,0.348736,2.491272,0.23017,0.34491,2.553314
1645444419160.743,281354946781,448.051987,422.722954,2.519859,0.235055,0.350848,2.490585,0.231666,0.35369,2.549133
1645444419161.74,281354957884,445.612249,419.851434,2.511421,0.231895,0.341091,2.477478,0.232285,0.358661,2.545364
1645444419162.741,281354968987,441.987405,418.206257,2.506683,0.229443,0.349049,2.471649,0.23096,0.347961,2.541718
1645444419163.739,281354980090,449.664431,411.742508,2.503487,0.238503,0.348579,2.467514,0.229897,0.337659,2.539459
1645444419163.739,281354991193,453.013515,403.032392,2.499931,0.238387,0.348064,2.47171,0.233502,0.323657,2.528152
1645444419164.741,281355002296,451.421013,405.408132,2.483765,0.236305,0.34546,2.454041,0.233925,0.33022,2.513489
1645444419165.739,281355013400,450.635748,408.601284,2.475929,0.231338,0.344893,2.440948,0.238074,0.336109,2.51091
1645444419168.739,281355024504,448.38913,420.194077,2.490616,0.233752,0.354273,2.458038,0.23332,0.34605,2.523193
1645444419179.74,281355035607,451.061597,401.217467,2.48336,0.237496,0.346521,2.45047,0.23236,0.322175,2.516251
1645444419190.741,281355046710,460.052247,377.984995,2.481766,0.238094,0.347971,2.440323,0.241127,0.282004,2.523209
1645444419201.743,281355057813,481.055503,315.556052,2.479103,0.252447,0.282395,2.435028,0.248653,0.243532,2.523178
1645444419212.739,281355068916,509.264259,205.144241,2.485428,0.268801,0.166969,2.448547,0.261683,0.174939,2.522308
1645444419223.738,281355080019,509.677277,204.66249,2.48217,0.273289,0.170656,2.456726,0.257625,0.170448,2.507614
1645444419235.737,281355091122,510.764065,196.478641,2.47403,0.271703,0.159705,2.442169,0.260343,0.167759,2.50589
1645444419245.739,281355102225,513.056431,200.895166,2.478546,0.269632,0.165018,2.438019,0.264802,0.169807,2.519073
1645444419257.7368,281355113330,513.307772,198.386157,2.489738,0.26296,0.162472,2.435898,0.271735,0.168172,2.543579
1645444419268.739,281355124433,513.925209,202.942112,2.485146,0.263977,0.167923,2.434769,0.271362,0.170314,2.535522
1645444419279.738,281355135536,516.160297,209.407505,2.479683,0.269593,0.172571,2.431671,0.268074,0.176441,2.527695
1645444419290.738,281355146639,522.301226,211.0782,2.482735,0.278946,0.172426,2.435928,0.265118,0.179371,2.529541
1645444419301.738,281355157742,522.729177,209.979826,2.489914,0.281052,0.170821,2.44252,0.263458,0.179146,2.537308
1645444419312.74,281355168845,521.427841,199.885833,2.491501,0.277637,0.159941,2.441727,0.265517,0.173202,2.541275
1645444419323.738,281355179948,507.4722,195.446518,2.476959,0.263993,0.149765,2.431625,0.264624,0.175979,2.522293
1645444419335.737,281355191051,505.124216,195.261526,2.470413,0.262238,0.147839,2.431061,0.263933,0.177597,2.509766
1645444419345.737,281355202155,503.879814,197.418183,2.470512,0.264237,0.150804,2.433121,0.260637,0.178226,2.507904
1645444419357.738,281355213258,507.020216,196.729061,2.479004,0.270989,0.1564,2.440399,0.257157,0.171482,2.517609
1645444419368.7388,281355224362,504.559565,196.876243,2.475533,0.270821,0.161461,2.432877,0.254762,0.166666,2.518188
1645444419378.738,281355235465,506.737776,197.724241,2.476784,0.273682,0.168203,2.43399,0.25417,0.161337,2.519577
1645444419390.734,281355246568,510.774508,204.793283,2.471458,0.277849,0.177892,2.434692,0.254208,0.16343,2.508224
1645444419401.736,281355257671,512.511749,206.957459,2.47551,0.276073,0.178702,2.436462,0.257793,0.166227,2.514557
1645444419412.7368,281355268774,509.505129,210.05694,2.460175,0.273698,0.180623,2.421478,0.257037,0.169472,2.498871
1645444419423.737,281355279877,532.280388,208.618686,2.460167,0.268803,0.178353,2.394714,0.285655,0.169344,2.52562
1645444419435.735,281355290981,614.557257,196.241453,2.449593,0.316388,0.164443,2.382553,0.323776,0.162626,2.516632
1645444419446.316,281355302084,822.246323,182.796219,2.460648,0.433015,0.155189,2.402786,0.423491,0.149472,2.518509
1645444419457.3218,281355313187,845.367737,177.488297,2.46698,0.431169,0.152031,2.408569,0.449423,0.143783,2.525391
1645444419468.322,281355324291,856.315298,180.641761,2.483612,0.437595,0.15877,2.428345,0.4544,0.142299,2.538879
1645444419479.3142,281355335394,846.392126,176.058984,2.48661,0.436518,0.155525,2.432434,0.44514,0.137907,2.540787
1645444419490.3171,281355346497,849.325733,174.141356,2.487961,0.442501,0.156879,2.437103,0.442214,0.133357,2.538818
1645444419502.3142,281355357600,845.806847,167.187676,2.485023,0.441613,0.151795,2.43605,0.439436,0.126851,2.533997
1645444419512.322,281355368703,858.025074,168.971488,2.493668,0.448015,0.14964,2.439026,0.445761,0.131979,2.548309
1645444419525.899,281355379807,903.745565,174.705353,2.490616,0.472543,0.150344,2.425552,0.468859,0.140831,2.555679
1645444419535.313,281355390910,977.579556,184.875754,2.477676,0.505999,0.160024,2.431717,0.512313,0.148103,2.523636
1645444419546.036,281355402013,1104.343357,187.770313,2.479935,0.56132,0.16453,2.447159,0.589038,0.148421,2.512711
1645444419557.036,281355413116,1139.591274,184.011242,2.482277,0.584467,0.16222,2.459793,0.602607,0.144466,2.504761
1645444419568.037,281355424220,1136.872215,181.232715,2.475006,0.586749,0.153961,2.445068,0.597493,0.148093,2.504944
1645444419579.0369,281355435323,1139.986897,179.55451,2.472267,0.590631,0.156205,2.434662,0.596855,0.143053,2.509872
1645444419591.038,281355446426,1137.456665,181.397447,2.479645,0.589287,0.156223,2.433762,0.595564,0.146106,2.525528
1645444419602.04,281355457529,1143.106213,180.843884,2.485397,0.588247,0.153404,2.448807,0.602488,0.148002,2.521988
1645444419611.868,281355468633,1139.903584,183.401236,2.484222,0.586511,0.145677,2.442734,0.600889,0.159992,2.525711
1645444419623.889,281355479736,1129.219437,177.649498,2.479065,0.579378,0.1394,2.437271,0.596892,0.156682,2.520859
1645444419634.867,281355490839,1129.51664,176.355556,2.477737,0.581406,0.144638,2.428391,0.595174,0.149288,2.527084
1645444419645.866,281355501942,1141.584263,173.121098,2.491432,0.58799,0.147217,2.438354,0.60116,0.141318,2.54451
1645444419656.868,281355513045,1150.991993,173.571807,2.497429,0.592113,0.148011,2.456711,0.606837,0.141275,2.538147
1645444419668.8672,281355524148,1147.903004,172.33454,2.506416,0.588277,0.141741,2.464157,0.607456,0.145484,2.548676
1645444419678.866,281355535252,1139.969845,175.382853,2.51268,0.585757,0.143138,2.468353,0.601712,0.149167,2.557007
1645444419690.868,281355546355,1140.478821,179.530603,2.523941,0.587325,0.146528,2.473068,0.600673,0.152689,2.574814
1645444419701.866,281355557459,1159.615459,184.52839,2.522102,0.596448,0.15128,2.468262,0.611485,0.156267,2.575943
1645444419711.8682,281355568562,1239.870815,182.585657,2.528191,0.632195,0.144825,2.481522,0.659337,0.159485,2.57486
1645444419723.867,281355579665,1279.384575,177.67117,2.53595,0.660554,0.136043,2.505722,0.672138,0.160076,2.566177
1645444419734.865,281355590768,1290.517559,174.38381,2.543205,0.669398,0.13521,2.506729,0.674892,0.15543,2.579681
1645444419745.877,281355601871,1287.295704,172.554392,2.55925,0.668099,0.143394,2.51796,0.672834,0.144197,2.60054
1645444419756.867,281355612974,1288.757229,176.160863,2.576256,0.67183,0.153002,2.53775,0.670625,0.140599,2.614761
1645444419767.866,281355624077,1292.172375,175.821412,2.573143,0.671372,0.151481,2.541595,0.674641,0.141555,2.604691
1645444419778.868,281355635181,1290.926342,176.873007,2.571243,0.671854,0.150117,2.541992,0.672861,0.144671,2.600494
1645444419789.876,281355646285,1280.3088,182.023269,2.557205,0.665461,0.155095,2.503159,0.668194,0.148278,2.611252
1645444419801.871,281355657388,1183.167915,203.047442,2.580795,0.60708,0.182062,2.526154,0.625387,0.15635,2.635437
1645444419810.8672,281355668491,1007.298717,226.127404,2.653999,0.475533,0.211162,2.603104,0.573736,0.165717,2.704895
1645444419822.867,281355679594,954.334888,231.165612,2.617287,0.475533,0.211162,2.603104,0.518565,0.174114,2.63147
1645444419834.867,281355690697,504.184856,377.898431,2.709511,0.260317,0.33457,2.591492,0.264876,0.295261,2.82753
1645444419844.866,281355701800,503.442764,373.243672,2.620338,0.258575,0.311864,2.547226,0.265844,0.310209,2.693451
1645444419856.866,281355712903,497.63978,368.655592,2.61412,0.257874,0.309154,2.550644,0.260501,0.305272,2.677597
1645444419867.866,281355724006,497.384834,367.75167,2.598663,0.254114,0.312137,2.543457,0.263995,0.300782,2.65387
1645444419878.867,281355735110,503.048086,367.798948,2.591026,0.259614,0.314205,2.528717,0.264395,0.298793,2.653336
1645444419889.865,281355746214,496.474771,367.167681,2.573631,0.255458,0.310957,2.513214,0.261703,0.300989,2.634048
1645444419901.863,281355757317,496.425791,369.191015,2.582947,0.258678,0.308042,2.520706,0.258432,0.307277,2.645187
1645444419911.874,281355768420,489.438114,376.138169,2.582916,0.251851,0.312011,2.515808,0.257981,0.314886,2.650024
1645444419923.8638,281355779523,491.91124,380.28869,2.585808,0.256763,0.32087,2.518143,0.255644,0.312944,2.653473
1645444419934.865,281355790626,490.263433,378.303516,2.582237,0.254506,0.318844,2.508575,0.256185,0.311662,2.655899
1645444419944.8792,281355801729,492.451286,380.839527,2.595154,0.258916,0.327071,2.521317,0.254054,0.307661,2.668991
1645444419957.242,281355812832,497.024546,384.953356,2.604637,0.26098,0.330521,2.534714,0.256754,0.311068,2.674561
1645444419968.616,281355823936,498.502722,388.234037,2.607651,0.261545,0.335126,2.542679,0.257728,0.311931,2.672623
1645444419978.912,281355835039,496.2216,389.731354,2.61956,0.261471,0.332399,2.552094,0.255427,0.317153,2.687027
1645444419990.9412,281355846143,488.680544,396.102458,2.629616,0.256917,0.335411,2.559052,0.252125,0.324759,2.70018
1645444420001.948,281355857246,483.280277,400.663126,2.630287,0.254955,0.336607,2.553558,0.248462,0.331165,2.707016
1645444420011.944,281355868349,474.146233,408.862209,2.620735,0.249314,0.343579,2.538589,0.244588,0.337858,2.702881
1645444420023.9429,281355879452,472.990508,405.270195,2.616402,0.244699,0.347167,2.528763,0.247999,0.328283,2.704041
1645444420034.547,281355890555,475.46309,406.983,2.608078,0.246001,0.348565,2.524445,0.249273,0.32974,2.691711
1645444420045.5388,281355901658,475.959849,409.822619,2.612228,0.244364,0.348903,2.534058,0.251428,0.334135,2.690399
1645444420056.536,281355912762,480.502968,410.390657,2.622681,0.252602,0.340661,2.547089,0.247922,0.343324,2.698273
1645444420068.389,281355923865,483.399739,409.657001,2.63044,0.254242,0.342645,2.562042,0.249299,0.340117,2.698837
1645444420078.392,281355934968,484.517212,404.920775,2.620483,0.254439,0.339493,2.555161,0.250266,0.335375,2.685806
1645444420090.389,281355946072,482.769756,403.545105,2.614624,0.25169,0.337384,2.556473,0.251195,0.335192,2.672775
1645444420101.39,281355957175,477.70968,403.774506,2.620888,0.24884,0.335306,2.550262,0.248775,0.337652,2.691513
1645444420111.39,281355968278,481.523566,400.040478,2.621254,0.254861,0.336298,2.558243,0.246726,0.330436,2.684265
1645444420123.389,281355979381,480.777926,405.519176,2.61277,0.253753,0.341265,2.551834,0.247057,0.3346,2.673706
1645444420134.392,281355990484,480.673084,407.077092,2.608566,0.256885,0.344494,2.566666,0.243817,0.333968,2.650467
1645444420145.3918,281356001588,485.730486,410.563177,2.60672,0.254902,0.342921,2.566879,0.251067,0.341351,2.646561
1645444420156.3909,281356012691,488.184099,408.06182,2.611206,0.256431,0.343022,2.572403,0.252094,0.337081,2.650009
1645444420168.3892,281356023794,488.002682,402.689338,2.601395,0.254933,0.33795,2.55278,0.253403,0.333198,2.650009
1645444420178.3892,281356034897,483.103065,404.412997,2.59935,0.252186,0.340342,2.546951,0.251047,0.33368,2.651749
1645444420190.389,281356046000,480.774164,405.575091,2.593506,0.25002,0.343428,2.539658,0.250787,0.332531,2.647354
1645444420201.3892,281356057104,483.61639,413.160521,2.607109,0.251052,0.358089,2.568237,0.252715,0.330512,2.645981
1645444420212.208,281356068207,478.260427,413.852799,2.604332,0.249576,0.360489,2.553421,0.248612,0.329266,2.655243
1645444420223.208,281356079310,477.102313,412.924486,2.607574,0.247243,0.359174,2.547134,0.249739,0.329033,2.668015
1645444420234.209,281356090414,474.672875,406.456411,2.599144,0.24333,0.34107,2.522232,0.251121,0.336357,2.676056
1645444420245.208,281356101517,479.975867,403.581315,2.596573,0.244828,0.335756,2.533997,0.255147,0.33688,2.659149
1645444420257.209,281356112620,479.397683,401.84648,2.596115,0.245037,0.32996,2.539841,0.254335,0.339784,2.65239
1645444420268.208,281356123723,480.227122,406.010002,2.59462,0.247817,0.335218,2.532791,0.252419,0.341465,2.656448
1645444420278.207,281356134826,477.469082,409.159273,2.596092,0.248526,0.334682,2.539169,0.248837,0.34725,2.653015
1645444420290.217,281356145929,477.133298,409.852695,2.594284,0.248997,0.338994,2.530655,0.248017,0.344094,2.657913
1645444420301.2112,281356157033,487.182255,401.737189,2.573433,0.252514,0.33385,2.508469,0.254967,0.335712,2.638397
1645444420312.208,281356168136,516.613026,401.890898,2.567192,0.263162,0.340015,2.493362,0.274976,0.329803,2.641022
1645444420323.2068,281356179240,537.607327,401.551509,2.567856,0.278493,0.340782,2.509201,0.281515,0.32847,2.626511
1645444420334.208,281356190343,539.174538,406.573248,2.582962,0.281723,0.348989,2.534729,0.279918,0.328633,2.631195
1645444420345.208,281356201446,540.167084,408.409613,2.583817,0.285209,0.353718,2.543396,0.277465,0.326965,2.624237
1645444420357.2112,281356212549,535.721254,412.140244,2.582451,0.278895,0.356119,2.536743,0.279148,0.330782,2.628159
1645444420368.21,281356223652,538.21229,416.054481,2.59211,0.280845,0.363323,2.558792,0.279793,0.330101,2.625427
1645444420378.2092,281356234755,536.26193,417.212856,2.595879,0.281249,0.359713,2.559998,0.277357,0.335642,2.63176
1645444420390.208,281356245858,535.572538,417.003232,2.588356,0.282883,0.360924,2.554062,0.275005,0.334081,2.62265
1645444420401.212,281356256962,534.835281,416.780412,2.581573,0.281518,0.355334,2.534866,0.275602,0.3393,2.628281
1645444420412.208,281356268066,534.84355,416.986781,2.57769,0.281021,0.359746,2.534393,0.276108,0.335232,2.620987
1645444420423.2048,281356279169,534.628887,416.030824,2.575775,0.281649,0.357634,2.53093,0.275256,0.335751,2.620621
1645444420434.217,281356290272,535.101986,411.187327,2.583466,0.28124,0.354556,2.543716,0.276158,0.330757,2.623215
1645444420445.0,281356301375,541.161518,410.175043,2.593048,0.283017,0.346784,2.544083,0.280693,0.336841,2.642014
1645444420456.981,281356312478,545.994358,409.739417,2.59726,0.288554,0.34296,2.547577,0.28019,0.339939,2.646942
1645444420468.069,281356323581,542.650394,405.181986,2.582825,0.287139,0.335806,2.531281,0.278122,0.339497,2.634369
1645444420478.546,281356334684,534.172153,397.164649,2.577126,0.283219,0.336173,2.541153,0.27321,0.325768,2.613098
1645444420490.261,281356345787,531.597576,390.867519,2.575089,0.278335,0.33563,2.54245,0.275412,0.315816,2.607727
1645444420501.533,281356356891,531.775846,390.222555,2.576622,0.278609,0.336007,2.539322,0.275324,0.314364,2.613922
1645444420511.6938,281356367995,538.897533,392.368126,2.578407,0.285423,0.333336,2.53154,0.275929,0.320611,2.625275
1645444420523.695,281356379098,537.653732,392.628944,2.580193,0.287261,0.337838,2.531723,0.272795,0.316544,2.628662
1645444420534.499,281356390201,537.898464,398.1924,2.586189,0.286223,0.342281,2.534317,0.274088,0.321373,2.638062
1645444420545.5151,281356401304,528.285484,399.647319,2.586601,0.279519,0.345791,2.526535,0.270779,0.320288,2.646667
1645444420556.5122,281356412407,533.341799,399.604404,2.588005,0.281184,0.342892,2.525269,0.27438,0.323116,2.650742
1645444420567.517,281356423510,533.726807,396.793485,2.588982,0.282334,0.340115,2.523483,0.273632,0.321208,2.65448
1645444420578.513,281356434613,533.238516,393.877709,2.585289,0.280002,0.33515,2.533432,0.275455,0.321313,2.637146
1645444420589.5122,281356445717,525.400229,400.037706,2.587227,0.275384,0.33541,2.540771,0.271908,0.33132,2.633682
1645444420601.512,281356456820,522.85778,408.312857,2.589378,0.27496,0.343226,2.547211,0.269684,0.337296,2.631546
1645444420611.2822,281356467924,521.732883,413.862723,2.594376,0.275352,0.345695,2.550034,0.26812,0.344077,2.638718
1645444420623.282,281356479027,522.187157,412.866712,2.601738,0.271945,0.352844,2.559662,0.272,0.335267,2.643814
1645444420634.285,281356490130,523.289366,408.511877,2.590828,0.269454,0.352514,2.558044,0.275639,0.328339,2.623611
1645444420644.287,281356501233,527.844143,402.713925,2.597351,0.270369,0.346689,2.563034,0.279469,0.324501,2.631668
1645444420656.2878,281356512336,531.577063,398.388129,2.588745,0.274851,0.336814,2.554489,0.278875,0.327166,2.623001
1645444420668.25,281356523439,533.122902,397.188109,2.601059,0.277822,0.331491,2.559204,0.277515,0.330489,2.642914
1645444420678.25,281356534543,534.966002,398.580462,2.59079,0.28172,0.341152,2.549683,0.275536,0.323149,2.631897
1645444420689.249,281356545646,529.354734,402.907223,2.601212,0.278148,0.342755,2.55542,0.273263,0.328757,2.647003
1645444420701.253,281356556749,531.069145,402.234685,2.60392,0.27784,0.3468,2.566559,0.275357,0.323591,2.641281
1645444420711.252,281356567852,528.783302,404.104185,2.617592,0.273729,0.345279,2.573502,0.277087,0.328228,2.661682
1645444420723.25,281356578956,532.429762,408.466583,2.613548,0.27719,0.34978,2.568405,0.277424,0.330997,2.658691
1645444420734.2478,281356590059,528.195019,408.664691,2.611267,0.276677,0.34267,2.552109,0.273526,0.338438,2.670425
1645444420744.252,281356601162,528.423328,410.478079,2.61364,0.277352,0.345237,2.558655,0.273089,0.338893,2.668625
1645444420756.25,281356612265,529.646645,410.339391,2.624107,0.273419,0.344255,2.565521,0.278296,0.339644,2.682693
1645444420768.249,281356623369,532.271347,411.010426,2.631615,0.273964,0.348452,2.583588,0.280486,0.336565,2.679642
1645444420778.248,281356634472,531.867657,407.946271,2.62825,0.273849,0.345763,2.582001,0.280179,0.334147,2.6745
1645444420789.263,281356645575,537.296276,406.311375,2.62381,0.280807,0.346012,2.585709,0.278876,0.331173,2.661911
1645444420801.25,281356656678,557.610455,412.684107,2.622986,0.288634,0.348209,2.594437,0.29221,0.339598,2.651535
1645444420811.248,281356667781,590.825701,409.04485,2.627289,0.305331,0.346267,2.61026,0.310112,0.335474,2.644318
1645444420823.252,281356678885,607.895479,402.151,2.636414,0.315768,0.339681,2.618118,0.317457,0.330571,2.654709
1645444420834.247,281356689988,602.552547,396.481919,2.635796,0.314372,0.336799,2.60141,0.313287,0.324004,2.670181
1645444420845.251,281356701091,604.416847,404.244107,2.648529,0.316881,0.340206,2.595612,0.31272,0.333534,2.701447
1645444420856.251,281356712195,601.413145,401.421118,2.647247,0.311246,0.340527,2.592087,0.315226,0.328508,2.702408
1645444420867.248,281356723298,601.940174,409.891677,2.648369,0.311937,0.342952,2.597595,0.315084,0.340201,2.699142
1645444420877.866,281356734401,603.627949,404.199082,2.639153,0.310711,0.340052,2.59407,0.318068,0.333613,2.684235
1645444420889.868,281356745504,603.58057,404.104811,2.644463,0.312721,0.337088,2.601395,0.316009,0.33642,2.687531
1645444420900.867,281356756607,596.029615,398.605049,2.650261,0.309893,0.335808,2.606262,0.310971,0.328534,2.69426
1645444420911.8682,281356767710,544.642153,391.854393,2.643349,0.286625,0.328856,2.604446,0.280711,0.324235,2.682251
1645444420922.867,281356778814,519.726562,392.457569,2.64241,0.272566,0.328999,2.601349,0.268815,0.325097,2.683472
1645444420933.868,281356789917,512.424946,393.014771,2.645851,0.268033,0.335003,2.619324,0.265743,0.320021,2.672379
1645444420944.8682,281356801021,513.666172,403.939927,2.644798,0.267845,0.347546,2.616074,0.267224,0.325687,2.673523
1645444420955.868,281356812124,515.997334,403.802311,2.637833,0.269125,0.346935,2.605118,0.268372,0.326068,2.670547
1645444420967.8691,281356823227,512.904768,400.308448,2.620911,0.266027,0.341389,2.581696,0.268249,0.325791,2.660126
1645444420977.867,281356834330,519.183626,400.809717,2.619522,0.270201,0.341316,2.578094,0.270615,0.326701,2.66095
1645444420989.892,281356845433,518.397446,405.220002,2.618721,0.268657,0.343361,2.582916,0.27134,0.332006,2.654526
1645444421000.875,281356856536,515.101891,408.782762,2.620743,0.268602,0.342177,2.580597,0.267962,0.339128,2.660889
1645444421011.8662,281356867639,512.785063,404.502136,2.613419,0.266455,0.33522,2.572189,0.267696,0.33895,2.654648
1645444421022.875,281356878742,520.426826,406.916517,2.613922,0.274822,0.340958,2.562439,0.267289,0.337236,2.665405
1645444421033.8682,281356889847,523.515415,399.551332,2.615532,0.275491,0.338658,2.564484,0.269838,0.32726,2.66658
1645444421045.054,281356900950,522.725687,397.420424,2.621483,0.272703,0.339831,2.576797,0.271803,0.322536,2.666168
1645444421056.478,281356912053,518.149023,391.129607,2.619881,0.268882,0.334755,2.588989,0.270857,0.317128,2.650772
1645444421067.918,281356923156,514.899302,395.9939,2.611687,0.267645,0.336492,2.582642,0.268708,0.323498,2.640732
1645444421172.915,281356934259,512.580328,399.002445,2.600891,0.269183,0.339574,2.569275,0.264755,0.32543,2.632507
1645444421173.9148,281356945362,510.734253,404.325235,2.606018,0.266031,0.345948,2.571014,0.265984,0.327928,2.641022
1645444421174.915,281356956465,511.184835,404.665017,2.612244,0.26715,0.342679,2.565018,0.265334,0.331763,2.65947
1645444421174.915,281356967568,508.339176,406.104541,2.61261,0.264106,0.337865,2.559006,0.265414,0.338976,2.666214
1645444421175.914,281356978672,508.094959,403.690124,2.606033,0.264619,0.33421,2.54863,0.264646,0.338607,2.663437
1645444421176.913,281356989776,514.000797,400.197762,2.593803,0.26777,0.334435,2.55191,0.267648,0.332561,2.635696
1645444421176.913,281357000879,515.79792,396.767074,2.591606,0.26939,0.335214,2.55101,0.267899,0.326064,2.632202
1645444421177.915,281357011982,516.560268,398.191863,2.584145,0.271473,0.340119,2.550171,0.266611,0.323534,2.618118
1645444421178.915,281357023085,512.918043,402.991569,2.586189,0.268191,0.345775,2.547073,0.266098,0.325878,2.625305
1645444421178.915,281357034188,511.335726,405.901194,2.581314,0.267295,0.349919,2.54863,0.265347,0.326583,2.613998
1645444421188.915,281357045291,512.918873,407.722253,2.586021,0.26643,0.347718,2.549255,0.267861,0.331819,2.622787
1645444421200.9128,281357056394,514.989023,416.97185,2.595039,0.267754,0.35187,2.566483,0.268693,0.343083,2.623596
1645444421210.922,281357067498,513.895741,386.801004,2.600914,0.264909,0.330599,2.569061,0.270399,0.314069,2.632767
1645444421222.913,281357078601,514.447374,357.451147,2.597038,0.262188,0.326927,2.555923,0.273695,0.268825,2.638153
1645444421233.9128,281357089704,516.020336,268.673006,2.5867,0.265034,0.243042,2.533936,0.272487,0.204746,2.639465
1645444421243.916,281357100808,528.526983,195.67616,2.609413,0.274276,0.169355,2.574829,0.276273,0.156772,2.643997
1645444421255.912,281357111911,527.182102,192.161554,2.61264,0.274957,0.167422,2.584213,0.274191,0.152847,2.641068
1645444421266.912,281357123014,524.735441,191.765866,2.612198,0.274084,0.171869,2.584366,0.272515,0.147741,2.64003
1645444421277.912,281357134117,520.298252,188.091508,2.607971,0.273052,0.163075,2.569183,0.268926,0.15041,2.646759
1645444421288.915,281357145220,520.294046,192.225587,2.608833,0.273932,0.166046,2.563919,0.268041,0.15433,2.653748
1645444421300.913,281357156324,519.866695,196.674174,2.611916,0.27338,0.164433,2.566742,0.268148,0.163357,2.657089
1645444421310.913,281357167427,524.188299,193.435165,2.606369,0.2757,0.161883,2.568466,0.270329,0.160509,2.644272
1645444421322.926,281357178530,525.450983,188.424003,2.607613,0.276402,0.155062,2.570099,0.270943,0.158978,2.645126
1645444421333.914,281357189633,526.405363,181.905046,2.608818,0.276362,0.150523,2.573593,0.271977,0.152652,2.644043
1645444421344.914,281357200737,527.640438,186.30842,2.619255,0.278668,0.151846,2.576172,0.270957,0.158668,2.662338
1645444421355.915,281357211840,525.83868,186.356208,2.627441,0.277564,0.151362,2.582291,0.270185,0.159231,2.672592
1645444421366.916,281357222943,526.326656,187.889224,2.627823,0.278455,0.15091,2.584747,0.269802,0.162239,2.670898
1645444421377.9148,281357234046,528.301105,189.870661,2.637321,0.276693,0.152589,2.58989,0.273621,0.163863,2.684753
1645444421389.913,281357245150,525.576067,189.107162,2.628632,0.2743,0.152864,2.589478,0.273175,0.162315,2.667786
1645444421400.914,281357256253,522.647467,194.547218,2.629333,0.272684,0.157451,2.575806,0.27174,0.166794,2.682861
1645444421410.914,281357267356,516.418648,193.259668,2.626396,0.272255,0.157793,2.57901,0.265682,0.164306,2.673782
1645444421422.928,281357278459,529.284697,210.983741,2.62027,0.280192,0.176319,2.574402,0.271146,0.17532,2.666138
1645444421433.917,281357289562,548.608389,244.907883,2.616783,0.289123,0.207807,2.58136,0.282344,0.200373,2.652206
1645444421444.912,281357300666,574.059362,333.874887,2.612007,0.298727,0.277211,2.584351,0.299252,0.279248,2.639664
1645444421455.939,281357311769,581.388731,369.527525,2.621582,0.30182,0.312777,2.595413,0.303793,0.303102,2.647751
1645444421466.938,281357322872,581.824408,377.486014,2.624825,0.303533,0.318433,2.598755,0.302534,0.310711,2.650894
1645444421477.935,281357333976,585.883455,377.68836,2.615288,0.30836,0.31967,2.578934,0.301936,0.309811,2.651642
1645444421488.936,281357345079,586.703453,376.811028,2.610832,0.310026,0.318337,2.576508,0.301123,0.309682,2.645157
1645444421500.936,281357356182,579.337034,376.278073,2.616486,0.30624,0.318205,2.573837,0.297236,0.308925,2.659134
1645444421510.945,281357367285,579.220591,368.919665,2.623268,0.305227,0.315169,2.578583,0.298128,0.299698,2.667953
1645444421522.943,281357378388,573.928757,371.394682,2.612846,0.304827,0.318972,2.572266,0.293016,0.30002,2.653427
1645444421533.945,281357389491,576.87006,376.936573,2.60347,0.304686,0.318998,2.566132,0.29622,0.309229,2.640808
1645444421543.956,281357400594,577.811022,380.721188,2.595009,0.306243,0.316425,2.565247,0.295644,0.31811,2.624771
1645444421555.952,281357411698,581.059313,378.801763,2.600243,0.305869,0.312095,2.562683,0.299401,0.319241,2.637802
1645444421567.2769,281357422802,580.258198,370.025933,2.597137,0.305701,0.305069,2.558945,0.298735,0.31164,2.63533
1645444421578.148,281357433905,579.896822,372.081059,2.60434,0.304801,0.312029,2.560516,0.299259,0.308106,2.648163
1645444421589.152,281357445008,570.993519,374.916619,2.602821,0.298591,0.311146,2.569687,0.296194,0.313716,2.635956
1645444421600.6602,281357456111,571.049423,383.789599,2.611626,0.300055,0.318811,2.581146,0.294788,0.320839,2.642105
1645444421610.686,281357467214,540.227051,391.335475,2.609688,0.285755,0.324608,2.577499,0.276982,0.327618,2.641876
1645444421622.7168,281357478317,531.322517,392.809635,2.616051,0.279577,0.325658,2.579056,0.273884,0.329025,2.653046
1645444421633.709,281357489420,523.922539,394.621414,2.622368,0.274946,0.325632,2.583832,0.270807,0.33207,2.660904
1645444421644.707,281357500523,523.324814,396.358699,2.635635,0.271048,0.319974,2.600983,0.274082,0.340624,2.670288
1645444421655.7058,281357511628,522.997427,400.314939,2.638649,0.272101,0.330208,2.594864,0.272688,0.336984,2.682434
1645444421666.706,281357522731,524.940605,398.291177,2.637581,0.272536,0.340129,2.601501,0.274277,0.32369,2.67366
1645444421677.705,281357533834,524.984808,390.368861,2.642708,0.274607,0.345807,2.609909,0.272252,0.304808,2.675507
1645444421688.7058,281357544937,528.496742,384.508896,2.646385,0.277708,0.334456,2.616821,0.272809,0.306392,2.675949
1645444421700.705,281357556040,522.331181,385.441893,2.653275,0.274105,0.330757,2.621582,0.26999,0.311646,2.684967
1645444421710.705,281357567143,520.408344,390.38415,2.660812,0.273675,0.332569,2.618744,0.268417,0.318071,2.702881
1645444421722.7048,281357578246,518.52107,395.239699,2.663467,0.270775,0.34119,2.623581,0.269351,0.317543,2.703354
1645444421733.704,281357589349,519.84993,397.710764,2.665894,0.273601,0.34101,2.626846,0.267909,0.321841,2.704941
1645444421743.706,281357600453,524.152565,399.76303,2.671173,0.277782,0.342245,2.639587,0.26821,0.324027,2.702759
1645444421755.707,281357611556,522.443361,397.572953,2.680756,0.276663,0.331438,2.644684,0.267549,0.331183,2.716827
1645444421766.706,281357622660,523.841572,394.295669,2.681122,0.276904,0.325141,2.639359,0.268765,0.332018,2.722885
1645444421777.7048,281357633763,523.825235,398.953253,2.68354,0.272703,0.321802,2.643311,0.272948,0.34312,2.72377
1645444421788.706,281357644866,525.457649,398.328799,2.683762,0.273362,0.324106,2.647186,0.27399,0.339776,2.720337
1645444421800.705,281357655969,523.828154,398.55634,2.677315,0.270776,0.328742,2.651077,0.274878,0.335518,2.703552
1645444421810.704,281357667072,516.817245,400.453788,2.686264,0.268309,0.338946,2.660477,0.270043,0.328477,2.712051
1645444421822.704,281357678175,503.410006,403.908974,2.686157,0.260782,0.344405,2.661377,0.263603,0.328777,2.710938
1645444421833.717,281357689279,498.594246,400.734025,2.696648,0.259459,0.338786,2.658661,0.25991,0.329104,2.734634
1645444421843.7058,281357700382,496.377153,398.43995,2.711678,0.2549,0.330956,2.667297,0.262159,0.333111,2.756058
1645444421855.705,281357711485,502.009535,396.733296,2.713593,0.260692,0.334857,2.687424,0.262235,0.326366,2.739761
1645444421866.7058,281357722589,501.715336,394.56777,2.715286,0.26082,0.334854,2.685837,0.2618,0.322759,2.744736
1645444421877.706,281357733692,495.559101,387.689942,2.724174,0.261344,0.329363,2.694977,0.254864,0.316787,2.753372
1645444421888.705,281357744795,492.146873,381.921995,2.73037,0.258153,0.321768,2.68364,0.2545,0.314769,2.7771
1645444421899.7131,281357755898,491.845865,385.107583,2.72847,0.25769,0.325619,2.690186,0.25465,0.316227,2.766754
1645444421910.706,281357767001,489.673376,386.100948,2.717957,0.257567,0.330995,2.679703,0.25251,0.312506,2.75621
1645444421922.7048,281357778105,490.939035,391.941172,2.721947,0.258142,0.33896,2.684677,0.253252,0.314275,2.759216
1645444421933.706,281357789208,488.938265,392.742437,2.726089,0.257006,0.341253,2.68718,0.252305,0.313317,2.764999
1645444421943.704,281357800311,493.814907,396.13536,2.737846,0.258703,0.339233,2.693192,0.255687,0.320993,2.782501
1645444421955.7031,281357811414,488.228703,397.633195,2.731903,0.256224,0.335422,2.689316,0.252347,0.3273,2.77449
1645444421966.706,281357822518,494.029884,402.43274,2.741653,0.259244,0.335282,2.694778,0.255371,0.33544,2.788528
1645444421977.705,281357833621,490.082545,400.331694,2.73571,0.261186,0.3337,2.701813,0.249317,0.33352,2.769608
1645444421988.706,281357844724,488.244781,400.070447,2.736092,0.258399,0.334025,2.695755,0.25019,0.332759,2.776428
1645444421999.704,281357855827,487.360754,399.074596,2.727966,0.258947,0.335675,2.703857,0.248721,0.329449,2.752075
1645444422010.704,281357866931,493.40312,405.585998,2.734245,0.254918,0.340292,2.70105,0.259044,0.335685,2.767441
1645444422021.7031,281357878034,497.738657,407.761824,2.739922,0.261586,0.344837,2.713135,0.256892,0.334766,2.766708
1645444422032.713,281357889137,495.340118,406.1059,2.743874,0.259925,0.344998,2.704102,0.256055,0.331845,2.783646
1645444422043.7131,281357900240,489.888754,404.492533,2.736145,0.262954,0.351549,2.709778,0.247347,0.322605,2.762512
1645444422055.712,281357911343,490.690041,400.248188,2.739471,0.258968,0.345703,2.708191,0.252167,0.321378,2.770752
1645444422066.3892,281357922446,488.524818,405.040759,2.74102,0.25807,0.348563,2.703079,0.25081,0.326505,2.778961
1645444422077.388,281357933550,490.363169,401.263064,2.750458,0.260177,0.338668,2.703201,0.250618,0.330103,2.797714
1645444422088.388,281357944653,503.464451,402.605474,2.742958,0.269722,0.338748,2.693268,0.25472,0.332261,2.792648
1645444422100.378,281357955757,523.499537,397.705847,2.745285,0.277898,0.340149,2.712341,0.267414,0.322695,2.778229
1645444422111.0151,281357966860,561.520071,394.628352,2.734665,0.293159,0.341981,2.707474,0.291757,0.315733,2.761856
1645444422122.4329,281357977963,570.592403,394.959086,2.749069,0.296943,0.345696,2.723526,0.297424,0.312569,2.774612
1645444422133.503,281357989066,570.633974,392.969263,2.745064,0.29774,0.343004,2.716522,0.29667,0.311945,2.773605
1645444422144.47,281358000169,569.708548,389.556903,2.751335,0.297541,0.33688,2.711746,0.295905,0.312381,2.790924
1645444422155.4812,281358011272,566.85997,384.756106,2.746628,0.297071,0.323225,2.711029,0.293409,0.318036,2.782227
1645444422166.48,281358022375,566.068211,385.891879,2.747131,0.298445,0.318282,2.704346,0.29121,0.324871,2.789917
1645444422177.468,281358033479,568.73085,390.798479,2.740334,0.301,0.320838,2.704803,0.291428,0.330493,2.775864
1645444422188.468,281358044583,568.071928,400.808752,2.735405,0.298467,0.33674,2.693314,0.293274,0.331274,2.777496
1645444422199.47,281358055686,569.426136,404.797626,2.743652,0.298814,0.3426,2.705673,0.294338,0.332063,2.781631
1645444422210.469,281358066789,563.734131,411.993349,2.744568,0.293815,0.351121,2.700516,0.293408,0.335534,2.78862
1645444422221.903,281358077892,568.085032,402.246737,2.748589,0.298117,0.343982,2.71347,0.293638,0.326429,2.783707
1645444422232.908,281358088995,565.18301,402.134621,2.74733,0.297704,0.341924,2.706451,0.291028,0.328301,2.788208
1645444422243.906,281358100098,566.096106,396.340138,2.742523,0.298166,0.336898,2.711548,0.291518,0.323669,2.773499
1645444422254.905,281358111201,565.724459,397.17316,2.741264,0.298707,0.337113,2.700867,0.29059,0.324842,2.781662
1645444422266.9028,281358122304,564.112616,392.43933,2.726868,0.296962,0.336398,2.691696,0.290655,0.317668,2.762039
1645444422276.917,281358133408,567.011175,389.903909,2.737549,0.296671,0.332956,2.697205,0.293965,0.316883,2.777893
1645444422288.903,281358144512,566.564741,389.281136,2.733727,0.29655,0.330006,2.700867,0.293622,0.318796,2.766586
1645444422299.906,281358155615,570.054016,388.213348,2.747597,0.297807,0.321382,2.709717,0.295999,0.32564,2.785477
1645444422310.909,281358166718,565.323343,388.194734,2.750748,0.298112,0.322334,2.712982,0.290766,0.324657,2.788513
1645444422321.904,281358177821,566.593866,386.743426,2.756058,0.297477,0.319963,2.730011,0.292724,0.324609,2.782104
1645444422332.904,281358188924,566.943083,385.138965,2.752045,0.298407,0.322557,2.733154,0.292158,0.319341,2.770935
1645444422343.9072,281358200027,566.09539,389.163601,2.747887,0.295981,0.321353,2.731979,0.293701,0.327253,2.763794
1645444422354.9048,281358211130,557.873497,391.294777,2.746277,0.292066,0.326223,2.723007,0.289052,0.325935,2.769547
1645444422366.906,281358222234,555.324125,393.740004,2.750809,0.291459,0.326515,2.72403,0.287004,0.329718,2.777588
1645444422376.902,281358233337,560.461979,384.891629,2.746101,0.293187,0.317324,2.720001,0.290628,0.324162,2.772202
1645444422388.911,281358244441,563.594341,383.022738,2.749039,0.294585,0.314032,2.722015,0.292492,0.324339,2.776062
1645444422399.903,281358255544,567.124443,384.535986,2.751701,0.297174,0.313793,2.722839,0.29358,0.3271,2.780563
1645444422409.904,281358266647,565.893831,389.374709,2.761703,0.296976,0.320681,2.732224,0.292497,0.328277,2.791183
1645444422421.904,281358277750,557.89032,414.741862,2.700058,0.2916,0.348214,2.654892,0.289535,0.343023,2.745224
1645444422431.905,281358288853,549.274864,419.862753,2.65416,0.284426,0.353696,2.613586,0.287735,0.346076,2.694733
1645444422441.903,281358299956,496.262913,466.032833,2.496124,0.264715,0.403214,2.484619,0.252226,0.373508,2.507629
1645444422453.643,281358311060,,,,,,,,,
1645444422464.642,281358322163,,,,,,,,,
1645444422475.644,281358333266,,,,,,,,,
1645444422486.654,281358344370,,,,,,,,,
1645444422498.642,281358355473,,,,,,,,,
1645444422509.644,281358366576,,,,,,,,,
1645444422521.36,281358377679,,,,,,,0.223576,0.683566,2.287155
1645444422531.37,281358388782,,,,,,,0.223576,0.683566,2.287155
1645444422543.37,281358399886,607.695494,513.96904,2.554962,0.327122,0.422202,2.475754,0.305894,0.434413,2.634171
1645444422555.379,281358410989,634.983673,429.350978,2.68277,0.330666,0.382811,2.607178,0.330775,0.332774,2.758362
1645444422566.3782,281358422092,638.186445,418.997937,2.714294,0.333746,0.37372,2.639069,0.331031,0.32461,2.78952
1645444422576.3909,281358433195,631.995821,387.722003,2.758308,0.330335,0.328471,2.718613,0.327994,0.317732,2.798004
1645444422588.391,281358444298,617.682981,393.956369,2.73661,0.319934,0.330584,2.698578,0.323486,0.32601,2.774643
1645444422599.3909,281358455402,620.348368,394.700503,2.731804,0.320716,0.327019,2.703094,0.32548,0.330815,2.760513
1645444422610.504,281358466505,628.757429,392.43654,2.720428,0.327063,0.334691,2.694778,0.327893,0.31937,2.746078
1645444422622.1,281358477608,630.479765,388.210827,2.718399,0.332727,0.32712,2.697266,0.324023,0.319898,2.739532
1645444422633.11,281358488712,623.158121,385.463619,2.715164,0.327647,0.324747,2.698013,0.321476,0.317693,2.732315
1645444422643.94,281358499815,619.737196,386.47601,2.714127,0.325307,0.322155,2.702499,0.320253,0.321971,2.725754
1645444422654.77,281358510918,625.504818,389.26186,2.725685,0.325538,0.328939,2.703293,0.326029,0.319831,2.748077
1645444422665.7468,281358522021,627.89237,398.852044,2.730141,0.32847,0.339548,2.694382,0.325585,0.325206,2.7659
1645444422677.181,281358533124,625.797415,404.932237,2.730537,0.325877,0.341686,2.685913,0.325995,0.333201,2.775162
1645444422688.058,281358544227,617.72275,406.216729,2.720276,0.31918,0.34153,2.680069,0.324281,0.335497,2.760483
1645444422700.053,281358555331,618.163776,406.656432,2.724648,0.318706,0.340054,2.689133,0.325215,0.337706,2.760162
1645444422710.054,281358566434,621.841135,408.434433,2.730171,0.323458,0.338144,2.698608,0.324294,0.34258,2.761734
1645444422722.052,281358577538,630.368099,407.975632,2.73732,0.328929,0.339797,2.714142,0.327704,0.340162,2.760498
1645444422733.051,281358588641,630.640469,401.8978,2.729477,0.326822,0.336652,2.710281,0.330095,0.333178,2.748672
1645444422743.058,281358599744,631.950016,399.904114,2.722816,0.323655,0.340492,2.699875,0.334626,0.326015,2.745758
1645444422755.05,281358610847,631.838951,398.663646,2.718956,0.326437,0.336879,2.682419,0.331729,0.32756,2.755493
1645444422766.052,281358621950,630.497847,395.506829,2.712624,0.327832,0.330271,2.665878,0.328936,0.328907,2.759369
1645444422777.052,281358633053,627.972879,390.833956,2.714401,0.326585,0.327156,2.67424,0.327553,0.324234,2.754562
1645444422788.053,281358644156,623.721113,390.906662,2.710136,0.32333,0.327886,2.678528,0.32638,0.323625,2.741745
1645444422799.051,281358655259,624.623423,395.747745,2.710114,0.323423,0.337404,2.683472,0.327226,0.322175,2.736755
1645444422810.052,281358666364,623.279171,394.860077,2.69342,0.32435,0.338992,2.663742,0.3249,0.319108,2.723099
1645444422821.052,281358677467,628.632717,392.016256,2.682159,0.330161,0.33925,2.651581,0.324665,0.314111,2.712738
1645444422833.052,281358688570,628.181534,394.701666,2.679733,0.328862,0.340433,2.648331,0.325494,0.317403,2.711136
1645444422843.0532,281358699673,629.234018,394.675398,2.662544,0.329057,0.339716,2.640091,0.326395,0.318076,2.684998
1645444422855.052,281358710776,622.897682,397.067785,2.652298,0.324171,0.344503,2.616714,0.324681,0.317277,2.687881
1645444422866.051,281358721879,624.959507,391.120434,2.63459,0.323879,0.342063,2.605438,0.32712,0.309804,2.663742
1645444422877.051,281358732982,624.818945,392.506582,2.611038,0.324346,0.341503,2.580215,0.326507,0.312675,2.641861
1645444422888.052,281358744085,620.96612,393.651724,2.586815,0.321002,0.339024,2.567566,0.325837,0.317062,2.606064
1645444422899.051,281358755189,618.073425,399.329531,2.587746,0.323152,0.344476,2.559814,0.320675,0.321073,2.615677
1645444422910.051,281358766293,615.611429,400.268841,2.57196,0.321707,0.345456,2.54509,0.319555,0.321659,2.598831
1645444422921.057,281358777396,615.490179,398.515534,2.571533,0.323977,0.341788,2.546982,0.317159,0.322404,2.596085
1645444422933.062,281358788499,619.062624,400.294197,2.57608,0.325061,0.346099,2.562347,0.319795,0.321058,2.589813
1645444422943.0498,281358799602,624.838057,401.699853,2.55912,0.328236,0.348264,2.563736,0.322637,0.321236,2.554504
1645444422955.052,281358810705,636.458673,401.178628,2.558022,0.333627,0.345079,2.555328,0.329351,0.323552,2.560715
1645444422966.052,281358821808,639.998446,396.893317,2.544838,0.335702,0.336462,2.5336,0.330963,0.325026,2.556076
1645444422976.051,281358832911,659.502153,387.762791,2.528809,0.341356,0.321661,2.514938,0.345625,0.324611,2.542679
1645444422988.052,281358844015,658.920135,382.944739,2.516991,0.341287,0.319099,2.504807,0.345088,0.319142,2.529175
1645444422999.052,281358855118,662.214775,383.999974,2.519524,0.344657,0.318529,2.510971,0.34515,0.321471,2.528076
1645444423010.053,281358866222,662.84729,383.256018,2.517746,0.345173,0.322186,2.498123,0.345293,0.316574,2.537369
1645444423021.051,281358877325,663.813629,380.094105,2.514084,0.345933,0.321434,2.491257,0.345539,0.312056,2.536911
1645444423033.053,281358888428,662.205019,374.383181,2.499527,0.341735,0.323324,2.486664,0.348062,0.300648,2.51239
1645444423043.052,281358899531,658.868265,376.40065,2.499146,0.342513,0.327389,2.489929,0.343808,0.299945,2.508362
1645444423055.0498,281358910634,664.051781,378.437769,2.497154,0.345757,0.326435,2.489365,0.345964,0.304294,2.504944
1645444423066.061,281358921737,664.857731,382.226175,2.50882,0.347615,0.326742,2.493195,0.344946,0.310301,2.524445
1645444423077.052,281358932841,668.219719,378.630763,2.502815,0.348514,0.322515,2.49115,0.347548,0.308536,2.514481
1645444423188.897,281358943944,664.322777,380.134642,2.512352,0.345834,0.323731,2.495392,0.346169,0.309827,2.529312
1645444423190.386,281358955047,670.687523,379.71949,2.503578,0.348528,0.323839,2.496887,0.350105,0.309027,2.510269
1645444423191.386,281358966150,667.801723,387.210846,2.500626,0.349722,0.332774,2.496765,0.345905,0.312577,2.504486
1645444423192.386,281358977254,673.068123,385.699654,2.49276,0.35295,0.332559,2.494537,0.348163,0.310274,2.490982
1645444423193.389,281358988357,665.777607,380.057859,2.495972,0.34828,0.322146,2.485489,0.345238,0.311284,2.506454
1645444423193.389,281358999460,665.506868,377.841443,2.485764,0.350302,0.315724,2.461044,0.342935,0.314012,2.510483
1645444423194.385,281359010563,662.133493,376.818573,2.478806,0.349751,0.313979,2.447617,0.339971,0.314052,2.509995
1645444423195.384,281359021667,666.986732,388.782638,2.475548,0.35331,0.332012,2.449326,0.341468,0.315959,2.50177
1645444423196.386,281359032770,667.094307,388.176244,2.474937,0.350152,0.334751,2.469177,0.344738,0.312209,2.480698
1645444423197.391,281359043873,671.522856,392.20891,2.485802,0.35122,0.343314,2.484238,0.348283,0.310368,2.487366
1645444423199.384,281359054976,668.691072,383.167291,2.480103,0.350063,0.329076,2.472961,0.34649,0.309537,2.487244
1645444423209.842,281359066079,672.655706,379.320699,2.48716,0.354003,0.323178,2.478516,0.34668,0.309023,2.495804
1645444423221.843,281359077183,672.703514,376.173717,2.49012,0.353468,0.319875,2.475006,0.347265,0.307081,2.505234
1645444423232.841,281359088286,670.992966,370.690441,2.489235,0.351872,0.319025,2.471832,0.347079,0.298792,2.506638
1645444423242.842,281359099389,670.695934,375.417691,2.486618,0.3501,0.326406,2.463028,0.348542,0.29929,2.510208
1645444423254.841,281359110493,669.485836,381.524134,2.47554,0.349307,0.33154,2.458832,0.348074,0.304334,2.492249
1645444423265.841,281359121596,667.793941,390.197378,2.483978,0.350863,0.342804,2.467712,0.344755,0.307525,2.500244
1645444423276.854,281359132699,664.981928,387.328488,2.489212,0.351192,0.344395,2.477051,0.341498,0.301153,2.501373
1645444423287.842,281359143802,664.986649,386.436081,2.494576,0.350617,0.346737,2.477539,0.342077,0.297323,2.511612
1645444423298.852,281359154905,669.275608,383.213371,2.484337,0.351037,0.339361,2.465637,0.346125,0.299328,2.503036
1645444423309.842,281359166008,669.64551,392.743993,2.481567,0.352646,0.345035,2.455948,0.344901,0.309538,2.507187
1645444423320.842,281359177111,675.561161,396.289158,2.49247,0.356201,0.34793,2.463684,0.347509,0.312552,2.521255
1645444423332.843,281359188215,686.382751,394.343072,2.494553,0.361591,0.342986,2.469528,0.353391,0.314253,2.519577
1645444423342.848,281359199319,719.324741,396.603262,2.507645,0.37308,0.341873,2.478912,0.376217,0.319132,2.536377
1645444423354.842,281359210422,731.074963,392.477596,2.505646,0.378151,0.332558,2.47049,0.383386,0.321572,2.540802
1645444423365.8408,281359221525,730.740709,395.840317,2.517715,0.379009,0.337936,2.492508,0.382179,0.321798,2.542923
1645444423376.843,281359232628,729.206429,398.734778,2.522362,0.379297,0.339272,2.498962,0.380293,0.325286,2.545761
1645444423387.844,281359243731,726.857529,404.166824,2.520988,0.379212,0.350623,2.500565,0.377932,0.322988,2.541412
1645444423398.842,281359254834,731.287966,407.851607,2.522224,0.380521,0.353787,2.498901,0.381237,0.325966,2.545547
1645444423409.843,281359265937,732.770834,399.882174,2.516991,0.379099,0.34782,2.494461,0.384204,0.31865,2.53952
1645444423420.842,281359277040,731.897936,395.276982,2.516991,0.378598,0.338925,2.499847,0.383795,0.31987,2.534134
1645444423432.842,281359288145,727.102518,389.233822,2.513496,0.376927,0.33005,2.479706,0.380471,0.318673,2.547287
1645444423443.218,281359299248,725.26886,393.439293,2.51516,0.380359,0.337142,2.486374,0.375129,0.31859,2.543945
1645444423454.216,281359310351,725.655756,390.8768,2.523743,0.381415,0.33389,2.488663,0.374477,0.317571,2.558823
1645444423465.219,281359321454,722.891407,396.502036,2.538284,0.380081,0.343577,2.51358,0.372931,0.31726,2.562988
1645444423476.218,281359332557,727.127123,398.602653,2.541084,0.378004,0.340882,2.504211,0.37942,0.323456,2.577957
1645444423487.218,281359343660,732.751665,397.261387,2.556976,0.377142,0.340376,2.514145,0.386141,0.321726,2.599808
1645444423499.219,281359354763,736.150331,386.267942,2.546425,0.377182,0.324979,2.49588,0.389641,0.318801,2.59697
1645444423509.218,281359365866,732.268467,374.125922,2.546104,0.377338,0.319323,2.505905,0.385441,0.30422,2.586304
1645444423521.219,281359376970,729.170837,375.730079,2.532547,0.380662,0.321688,2.510834,0.378891,0.304529,2.55426
1645444423532.217,281359388074,731.387644,380.584753,2.540962,0.383373,0.326066,2.519073,0.378489,0.308242,2.562851
1645444423543.217,281359399177,732.832832,381.20783,2.555099,0.380858,0.321196,2.535263,0.38251,0.31415,2.574936
1645444423554.224,281359410280,735.807409,385.788435,2.570007,0.377626,0.31894,2.537216,0.38884,0.324041,2.602798
1645444423565.217,281359421383,733.987255,380.255681,2.562897,0.374793,0.309689,2.538651,0.389777,0.324071,2.587143
1645444423576.219,281359432486,734.018469,390.811372,2.563431,0.378219,0.315962,2.531158,0.386384,0.33539,2.595703
1645444423588.216,281359443589,730.896606,384.571534,2.546234,0.379972,0.315507,2.529678,0.381378,0.325446,2.56279
1645444423599.219,281359454692,735.442457,385.123587,2.546333,0.384324,0.321534,2.523407,0.381762,0.320339,2.56926
1645444423609.813,281359465796,734.621859,377.00268,2.545532,0.385866,0.323849,2.522964,0.379365,0.304489,2.5681
1645444423620.821,281359476899,739.235172,376.831555,2.541748,0.387544,0.324017,2.50795,0.382493,0.304035,2.575546
1645444423631.826,281359488002,744.091644,378.012908,2.538498,0.389353,0.323585,2.509109,0.385743,0.306436,2.567886
1645444423643.102,281359499106,776.93882,381.614882,2.546494,0.400821,0.318897,2.52327,0.40849,0.317128,2.569717
1645444423654.6372,281359510209,790.408058,379.814297,2.56575,0.404973,0.317287,2.525146,0.418369,0.315736,2.606354
1645444423665.921,281359521312,793.534613,383.250815,2.580528,0.407006,0.318971,2.532852,0.419593,0.319781,2.628204
1645444423676.414,281359532415,791.870842,379.66665,2.5812,0.40871,0.320382,2.526382,0.416156,0.312396,2.636017
1645444423687.991,281359543518,789.090214,380.682725,2.57653,0.407964,0.319746,2.527023,0.414005,0.314725,2.626038
1645444423699.012,281359554622,787.85697,379.699463,2.582291,0.406518,0.316909,2.528458,0.414166,0.315924,2.636124
1645444423710.0051,281359565725,788.539009,376.559687,2.583511,0.403325,0.315655,2.524872,0.41807,0.311944,2.642151
1645444423721.007,281359576828,791.782064,381.433028,2.598488,0.403794,0.317367,2.538666,0.420979,0.318355,2.65831
1645444423731.999,281359587931,793.842058,382.658708,2.582687,0.403631,0.318646,2.533722,0.423288,0.319118,2.631653
1645444423742.999,281359599035,789.186687,394.062495,2.582726,0.408597,0.325999,2.537796,0.413472,0.330772,2.627655
1645444423753.998,281359610138,795.731821,396.105713,2.58802,0.413843,0.326024,2.528107,0.415044,0.334152,2.647934
1645444423765.9978,281359621241,800.411081,391.75905,2.583557,0.416387,0.324695,2.526932,0.417375,0.328237,2.640182
1645444423775.9968,281359632344,805.217428,387.912011,2.596062,0.415411,0.322234,2.538574,0.423357,0.324286,2.653549
1645444423787.999,281359643448,802.767305,385.065883,2.585686,0.411393,0.324602,2.541992,0.424823,0.317175,2.629379
1645444423798.998,281359654551,799.179068,390.711701,2.6036,0.409448,0.331199,2.554321,0.42303,0.319988,2.652878
1645444423808.998,281359665654,798.616619,391.147792,2.596107,0.407627,0.328153,2.541504,0.424266,0.32376,2.650711
1645444423821.002,281359676757,790.473633,383.35762,2.589676,0.405175,0.319633,2.542572,0.418235,0.319296,2.63678
1645444423832.0,281359687860,791.168575,378.697729,2.592865,0.407222,0.314811,2.547058,0.416912,0.316352,2.638672
1645444423842.997,281359698963,789.695606,378.496706,2.606316,0.406387,0.315976,2.568054,0.416213,0.314852,2.644577
1645444423853.9988,281359710067,795.372019,387.448382,2.612015,0.410214,0.323618,2.5681,0.418299,0.32213,2.65593
1645444423865.001,281359721170,802.977419,396.813941,2.613846,0.413133,0.332553,2.581558,0.423302,0.328803,2.646133
1645444423875.998,281359732274,849.714546,390.711558,2.613548,0.435629,0.334296,2.587677,0.44949,0.31689,2.63942
1645444423887.999,281359743377,869.464045,390.644628,2.611015,0.443571,0.337282,2.580597,0.462121,0.313792,2.641434
1645444423898.999,281359754480,877.968235,388.995785,2.597672,0.443915,0.335066,2.563751,0.470635,0.31326,2.631592
1645444423909.9988,281359765583,871.695814,397.157961,2.596245,0.438834,0.336151,2.552536,0.469183,0.325779,2.639954
1645444423921.002,281359776686,874.788036,400.308502,2.610489,0.440455,0.332112,2.565735,0.470782,0.335069,2.655243
1645444423931.997,281359787789,872.547684,397.112471,2.612,0.443702,0.325847,2.558716,0.465202,0.336007,2.665283
1645444423942.9988,281359798892,868.090582,395.403636,2.614601,0.4423,0.321526,2.551773,0.461961,0.33748,2.677429
1645444423954.0,281359809996,861.999006,393.50962,2.599991,0.441876,0.322687,2.535233,0.45604,0.333163,2.664749
1645444423965.0,281359821100,856.947613,398.72582,2.607018,0.438396,0.333157,2.5448,0.454258,0.331386,2.669235
1645444423975.997,281359832203,857.14385,396.614581,2.609634,0.441114,0.335344,2.565613,0.451744,0.32568,2.653656
1645444423987.0032,281359843306,857.841854,397.086221,2.612717,0.44263,0.335259,2.572403,0.450955,0.326551,2.65303
1645444423998.998,281359854409,856.146069,388.841003,2.616776,0.446557,0.323108,2.556686,0.445262,0.32496,2.676865
1645444424009.0,281359865512,871.769142,387.871045,2.605461,0.451432,0.321449,2.531891,0.456661,0.325002,2.679031
1645444424020.997,281359876615,901.647949,378.896552,2.604156,0.4654,0.315176,2.520187,0.473816,0.316318,2.688126
1645444424031.997,281359887718,927.860584,380.696851,2.604767,0.47481,0.315839,2.532562,0.491711,0.318656,2.676971
1645444424042.0,281359898821,956.452332,375.116265,2.610855,0.488782,0.308692,2.536697,0.507523,0.316502,2.685013
1645444424053.999,281359909926,960.361948,386.122477,2.624275,0.494161,0.317108,2.575439,0.506216,0.326429,2.673111
1645444424065.0,281359921029,964.154291,385.251009,2.609756,0.492549,0.313219,2.581192,0.511779,0.328866,2.638321
1645444424076.0032,281359932132,963.676157,390.443176,2.606514,0.492873,0.315739,2.597855,0.510956,0.335,2.615173
1645444424087.508,281359943235,960.24785,384.244663,2.602051,0.487633,0.303474,2.566467,0.512625,0.336934,2.637634
1645444424098.5051,281359954338,959.815321,385.088629,2.614609,0.489096,0.305001,2.56778,0.510711,0.336813,2.661438
1645444424109.506,281359965441,956.970778,386.395222,2.622284,0.49182,0.308457,2.565353,0.505024,0.335535,2.679214
1645444424120.518,281359976544,959.855404,390.554237,2.621529,0.495002,0.319557,2.575241,0.504848,0.331366,2.667816
1645444424131.5168,281359987647,961.398211,390.846062,2.619965,0.49821,0.321482,2.569443,0.503246,0.329928,2.670486
1645444424142.527,281359998751,965.471821,395.490682,2.622734,0.497624,0.325623,2.568451,0.508076,0.333528,2.677017
1645444424153.524,281360009854,967.736835,391.21213,2.619629,0.501487,0.32316,2.564789,0.506572,0.32886,2.674469
1645444424165.503,281360020958,966.556778,392.565536,2.622597,0.499488,0.324458,2.571884,0.507342,0.329818,2.673309
1645444424175.526,281360032061,969.283733,383.018517,2.616882,0.502364,0.315251,2.559052,0.507306,0.323114,2.674713
1645444424187.639,281360043164,965.615101,382.643402,2.619308,0.500729,0.311476,2.553802,0.50512,0.326263,2.684814
1645444424198.657,281360054267,963.913479,386.416197,2.625481,0.500784,0.317506,2.556458,0.503292,0.326521,2.694504
1645444424209.359,281360065370,965.012684,385.172296,2.624413,0.500381,0.317692,2.57225,0.504841,0.324262,2.676575
1645444424220.428,281360076473,967.786274,391.698521,2.623154,0.501238,0.325488,2.567871,0.506872,0.327343,2.678436
1645444424231.52,281360087577,965.841522,389.668518,2.625374,0.504005,0.319053,2.566422,0.50208,0.330394,2.684326
1645444424242.767,281360098680,963.945751,395.82215,2.636978,0.5016,0.321614,2.559158,0.502511,0.33809,2.714798
1645444424253.487,281360109783,965.239563,392.67261,2.636192,0.502897,0.314349,2.563751,0.502561,0.340106,2.708633
1645444424264.489,281360120887,968.725262,394.432622,2.627861,0.498996,0.318552,2.563126,0.510093,0.338836,2.692596
1645444424275.487,281360131990,972.032318,391.536212,2.630852,0.501558,0.319374,2.569244,0.510975,0.333187,2.692459
1645444424287.488,281360143093,974.01947,392.998928,2.640175,0.50022,0.320171,2.573395,0.514384,0.334827,2.706955
1645444424298.4878,281360154196,968.982124,388.607687,2.635864,0.499206,0.311746,2.558792,0.51015,0.335933,2.712936
1645444424309.499,281360165299,964.150572,392.43992,2.625313,0.492804,0.31344,2.552505,0.51152,0.340627,2.69812
1645444424320.488,281360176403,913.625708,403.101093,2.512314,0.464902,0.330965,2.461746,0.486791,0.34087,2.562881
1645444424330.4902,281360187506,901.597681,412.65623,2.457062,0.455262,0.34556,2.421967,0.483903,0.3422,2.492157
1645444424340.488,281360198609,723.710632,428.418463,2.119209,0.38023,0.368409,2.19136,0.373636,0.345622,2.047058
1645444424352.4958,281360209712,,,,,,,,,
1645444424363.497,281360220815,,,,,,,,,
1645444424374.4868,281360231919,,,,,,,,,
1645444424385.4858,281360243022,,,,,,,,,
1645444424397.502,281360254125,,,,,,,,,
1645444424407.4858,281360265229,,,,,,,,,
1645444424418.488,281360276332,,,,,,,,,
1645444424430.488,281360287435,,,,,,,,,
1645444424441.638,281360298538,,,,,,,,,
1645444424453.637,281360309641,829.466,375.039303,2.16658,0.465289,0.366133,2.250656,0.398738,0.258932,2.082504
1645444424464.639,281360320744,952.333689,381.788009,2.460884,0.502558,0.351726,2.452103,0.489456,0.284587,2.469666
1645444424475.648,281360331848,995.495224,385.653752,2.522934,0.522665,0.335666,2.497391,0.514309,0.30709,2.548477
1645444424487.638,281360342951,1035.081825,374.929923,2.623734,0.541311,0.321908,2.586594,0.536899,0.302975,2.660873
1645444424498.637,281360354055,1036.22263,375.311065,2.615479,0.543483,0.316173,2.573669,0.535915,0.309345,2.657288
1645444424508.636,281360365158,1040.656357,381.31249,2.61554,0.545683,0.323131,2.578751,0.538334,0.312389,2.652328
1645444424520.636,281360376261,1034.976768,384.114128,2.605743,0.538216,0.320607,2.552216,0.539885,0.319583,2.659271
1645444424531.637,281360387364,1036.503868,378.435981,2.595245,0.53488,0.31563,2.552261,0.544811,0.315097,2.638229
1645444424542.9211,281360398467,1030.458298,374.305969,2.59005,0.530591,0.316174,2.543839,0.542803,0.30767,2.636261
1645444424554.3489,281360409570,1035.29068,380.833536,2.603676,0.534517,0.317942,2.560684,0.543911,0.316781,2.646667
1645444424565.348,281360420673,1027.93293,388.096815,2.621666,0.532738,0.322452,2.554993,0.538026,0.324376,2.688339
1645444424575.348,281360431777,1031.031189,388.637441,2.622177,0.533695,0.317826,2.55542,0.540296,0.329903,2.688934
1645444424587.348,281360442881,1025.013428,391.306865,2.623405,0.529233,0.316469,2.548889,0.538489,0.335709,2.697922
1645444424598.351,281360453984,1034.31181,383.594817,2.609718,0.531033,0.313314,2.552567,0.546375,0.32601,2.66687
1645444424609.348,281360465087,1031.598759,383.329439,2.619926,0.531823,0.313539,2.564926,0.542759,0.325344,2.674927
1645444424620.35,281360476190,1034.238167,379.478753,2.619896,0.532716,0.31229,2.566864,0.544615,0.320174,2.672928
1645444424631.348,281360487293,1025.355778,385.47678,2.644188,0.532883,0.316494,2.588287,0.535196,0.325967,2.700089
1645444424642.346,281360498396,1026.950283,393.765378,2.6418,0.533586,0.323749,2.583328,0.536154,0.332527,2.700272
1645444424654.349,281360509499,1022.321892,399.687982,2.634758,0.531092,0.327127,2.571579,0.533827,0.339019,2.697937
1645444424664.347,281360520602,1043.495579,400.096589,2.609177,0.53591,0.330374,2.566223,0.551065,0.336454,2.65213
1645444424675.3472,281360531706,1086.142788,392.181677,2.607994,0.555514,0.321232,2.573868,0.575885,0.332404,2.64212
1645444424687.347,281360542810,1103.412724,385.279047,2.606773,0.564774,0.324199,2.584061,0.584614,0.317933,2.629486
1645444424697.501,281360553913,1112.114239,379.783362,2.592117,0.566805,0.326523,2.58046,0.591647,0.306449,2.603775
1645444424708.503,281360565016,1099.828091,380.937409,2.588898,0.558704,0.330639,2.568176,0.58695,0.304257,2.609619
1645444424720.502,281360576119,1105.804024,381.190181,2.587959,0.56619,0.327233,2.575073,0.58569,0.308084,2.600845
1645444424731.507,281360587222,1107.342739,385.02785,2.583527,0.567535,0.323162,2.559494,0.585947,0.318551,2.607559
1645444424742.503,281360598325,1109.820271,391.498536,2.584259,0.572733,0.326777,2.565704,0.583329,0.32572,2.602814
1645444424753.5042,281360609428,1108.969631,391.543275,2.56971,0.569767,0.325019,2.541794,0.58541,0.327553,2.597626
1645444424764.503,281360620532,1111.797409,394.696695,2.574631,0.571808,0.328518,2.557083,0.586314,0.329309,2.592178
1645444424775.5042,281360631635,1116.734447,384.286165,2.539421,0.573194,0.314939,2.523453,0.590071,0.325538,2.555389
1645444424787.503,281360642739,1117.502918,382.657385,2.530281,0.573721,0.316122,2.513779,0.590345,0.321641,2.546783
1645444424797.504,281360653842,1120.37035,377.04277,2.514687,0.573277,0.309602,2.496063,0.593776,0.318803,2.53331
1645444424808.5078,281360664945,1120.592365,383.149087,2.50795,0.572416,0.318848,2.486435,0.594868,0.319733,2.529465
1645444424820.503,281360676048,1123.768902,383.451676,2.510117,0.57437,0.319323,2.49379,0.596222,0.319763,2.526443
1645444424831.5042,281360687151,1121.33812,384.744161,2.505959,0.573475,0.323511,2.485977,0.594586,0.317729,2.52594
1645444424842.508,281360698254,1124.841614,378.806716,2.479973,0.57292,0.316796,2.457428,0.59879,0.314549,2.502518
1645444424853.503,281360709358,1126.050625,389.129019,2.473587,0.575842,0.329225,2.452774,0.597127,0.319323,2.4944
1645444424864.5051,281360720461,1125.774021,391.024661,2.482109,0.577877,0.324264,2.453064,0.594804,0.327444,2.511154
1645444424875.5032,281360731564,1125.631371,392.21912,2.483528,0.579199,0.324676,2.462799,0.593334,0.329023,2.504257
1645444424887.5051,281360742667,1122.560692,386.930913,2.481041,0.575356,0.314173,2.463104,0.593978,0.330712,2.498978
1645444424897.5042,281360753771,1120.336876,386.644739,2.465034,0.574805,0.317969,2.458542,0.592212,0.326439,2.471527
1645444424908.504,281360764874,1111.862297,395.503414,2.465744,0.572399,0.324189,2.453674,0.58579,0.334983,2.477814
1645444424920.506,281360775977,1111.033344,388.500756,2.450546,0.569914,0.315615,2.42308,0.587412,0.331886,2.478012
1645444424931.506,281360787080,1109.915714,386.395168,2.441223,0.569994,0.316305,2.406372,0.586168,0.327687,2.476074
1645444424941.504,281360798184,1110.230713,378.261012,2.437813,0.568837,0.31559,2.410461,0.587654,0.314845,2.465164
1645444424953.5042,281360809287,1110.7164,386.226529,2.451088,0.57098,0.327149,2.429901,0.586017,0.316561,2.472275
1645444424964.503,281360820390,1112.021313,383.925605,2.442116,0.570221,0.324395,2.42923,0.588135,0.315481,2.455002
1645444424975.504,281360831493,1112.930317,383.754516,2.44384,0.57053,0.31909,2.42749,0.588772,0.320501,2.46019
1645444424986.5042,281360842596,1105.987015,370.440227,2.422256,0.56509,0.306359,2.399124,0.58698,0.311041,2.445389
1645444424997.505,281360853700,1105.275135,375.789464,2.435066,0.566539,0.308497,2.39415,0.58479,0.317819,2.475983
1645444425008.511,281360864803,1105.378819,383.426464,2.433296,0.56483,0.313207,2.403244,0.586606,0.325837,2.463348
1645444425020.511,281360875906,1118.333244,395.188344,2.451874,0.575737,0.32505,2.424484,0.589194,0.333597,2.479263
1645444425031.504,281360887010,1133.864365,426.442248,2.38131,0.582165,0.329016,2.38382,0.598943,0.381721,2.378799
1645444425040.503,281360898113,1167.362995,448.284674,2.322075,0.59096,0.329196,2.336685,0.625043,0.417945,2.307465
1645444425052.5051,281360909216,1254.653378,516.27835,2.073807,0.637048,0.339607,2.159943,0.669883,0.520857,1.987671
1645444425063.504,281360920319,,,,,,,,,
1645444425073.503,281360931422,,,,,,,,,
1645444425085.5051,281360942525,,,,,,,,,
1645444425096.503,281360953629,,,,,,,,,
1645444425202.5808,281360964732,,,,,,,,,
1645444425202.5808,281360975836,,,,,,,,,
1645444425202.5808,281360986939,,,,,,,,,
1645444425202.5808,281360998042,,,,,,,,,
1645444425203.5972,281361009145,,,,,,,,,
1645444425203.5972,281361020248,,,,,,,,,
1645444425203.5972,281361031351,,,,,,,,,
1645444425203.5972,281361042454,,,,,,,,,
1645444425203.5972,281361053557,1337.808723,479.494518,2.021187,0.675465,0.354456,2.171677,0.718086,0.444702,1.870697
1645444425208.547,281361064662,1200.641613,444.482642,2.247581,0.616112,0.323193,2.34729,0.634557,0.417611,2.147873
1645444425220.419,281361075765,1187.200413,445.848852,2.266151,0.602111,0.32547,2.38443,0.634557,0.417611,2.147873
1645444425231.4082,281361086868,1165.574398,413.26586,2.36425,0.594168,0.326645,2.433167,0.619972,0.362132,2.295334
1645444425242.458,281361097971,1168.207111,391.969246,2.399384,0.593947,0.329692,2.419357,0.622936,0.32359,2.37941
1645444425254.473,281361109074,1164.709797,387.308729,2.415314,0.594828,0.329124,2.415771,0.618411,0.31639,2.414856
1645444425264.459,281361120177,1158.200169,388.343275,2.42234,0.594095,0.33006,2.412933,0.612364,0.317179,2.431747
1645444425275.448,281361131280,1159.696884,395.177114,2.43576,0.595616,0.339485,2.428604,0.612402,0.319144,2.442917
1645444425287.453,281361142383,1160.716152,403.052634,2.450806,0.596742,0.345666,2.433594,0.612337,0.326089,2.468018
1645444425297.446,281361153487,1161.858387,400.745863,2.459663,0.594102,0.339228,2.446487,0.616167,0.328682,2.472839
1645444425308.4468,281361164591,1160.508842,397.357339,2.45562,0.596613,0.333156,2.439865,0.61225,0.329107,2.471375
1645444425320.448,281361175694,1157.331963,402.854329,2.465126,0.594548,0.335167,2.443756,0.611006,0.336257,2.486496
1645444425331.4468,281361186797,1160.9935,400.35494,2.462448,0.596967,0.33887,2.442734,0.612401,0.328389,2.482162
1645444425341.447,281361197900,1158.445301,405.114377,2.479683,0.595763,0.346353,2.46167,0.61095,0.328837,2.497696
1645444425353.444,281361209003,1161.25597,398.864758,2.464745,0.595597,0.346174,2.457718,0.614045,0.318601,2.471771
1645444425364.445,281361220106,1161.750526,396.672928,2.468147,0.593757,0.341128,2.45195,0.6164,0.319994,2.484344
1645444425374.4458,281361231209,1163.93137,394.715577,2.464111,0.593358,0.337094,2.439163,0.619071,0.320765,2.489059
1645444425386.447,281361242313,1170.796108,388.718015,2.460495,0.59719,0.329468,2.439331,0.622389,0.318396,2.481659
1645444425397.448,281361253416,1178.990536,394.651562,2.460052,0.603507,0.336001,2.4431,0.624608,0.321751,2.477005
1645444425408.446,281361264519,1194.759521,393.349099,2.459526,0.612729,0.33468,2.456879,0.631812,0.320902,2.462173
1645444425419.445,281361275623,1191.893406,395.938468,2.459503,0.61153,0.331486,2.444656,0.630026,0.328412,2.47435
1645444425431.446,281361286726,1187.867775,398.322397,2.465599,0.609803,0.330689,2.453064,0.62756,0.333181,2.478134
1645444425441.448,281361297829,1178.235569,399.786025,2.462563,0.606642,0.327871,2.439178,0.620687,0.338439,2.485947
1645444425453.447,281361308932,1183.770275,394.088405,2.454933,0.61118,0.327488,2.443115,0.621914,0.329326,2.466751
1645444425464.305,281361320035,1187.180443,392.208838,2.441994,0.615317,0.322351,2.423508,0.621329,0.33133,2.46048
1645444425475.303,281361331139,1192.359982,390.726399,2.443031,0.615571,0.321376,2.436935,0.626471,0.329835,2.449127
1645444425486.306,281361342242,1192.874279,389.545065,2.433784,0.614159,0.321689,2.429337,0.628418,0.327553,2.438232
1645444425497.302,281361353345,1194.918423,386.068475,2.421303,0.613588,0.31824,2.415558,0.631119,0.325207,2.427048
1645444425508.302,281361364448,1194.178219,382.839507,2.406006,0.615349,0.316875,2.399216,0.628586,0.321191,2.412796
1645444425520.302,281361375552,1193.593712,384.185976,2.401978,0.613388,0.3114,2.378891,0.629939,0.32891,2.425064
1645444425531.303,281361386655,1188.887901,388.716602,2.406242,0.60991,0.319848,2.39122,0.628514,0.328013,2.421265
1645444425541.3052,281361397758,1187.057648,396.02859,2.398537,0.607522,0.322632,2.377502,0.628996,0.337416,2.419571
1645444425553.302,281361408861,1190.772114,401.00289,2.403183,0.612743,0.330044,2.399628,0.627644,0.338294,2.406738
1645444425564.3052,281361419965,1190.954876,399.240535,2.405182,0.61129,0.33261,2.409821,0.629288,0.332791,2.400543
1645444425575.301,281361431068,1196.210804,395.109576,2.396172,0.617473,0.333061,2.405334,0.62858,0.325455,2.387009
1645444425586.302,281361442171,1217.467976,390.237486,2.396515,0.634995,0.3316,2.405487,0.633201,0.318796,2.387543
1645444425597.3052,281361453274,1231.75478,392.919481,2.378952,0.646779,0.326851,2.381287,0.636299,0.328015,2.376617
1645444425608.306,281361464377,1273.707676,387.1162,2.348213,0.665527,0.324419,2.34549,0.661251,0.320775,2.350937
1645444425619.8088,281361475481,1279.751244,393.836957,2.357483,0.670429,0.330831,2.356689,0.662645,0.325564,2.358276
1645444425630.81,281361486584,1281.400681,395.560652,2.368217,0.669397,0.336862,2.369705,0.665396,0.322405,2.36673
1645444425641.808,281361497687,1277.132435,401.317656,2.381851,0.663267,0.339684,2.38945,0.667079,0.329179,2.374252
1645444425652.807,281361508791,1270.121098,405.0892,2.380173,0.654859,0.345411,2.380936,0.668184,0.329738,2.37941
1645444425663.8132,281361519894,1268.779278,405.383545,2.383682,0.656165,0.344349,2.372208,0.66548,0.33129,2.395157
1645444425674.816,281361530997,1271.084919,399.68428,2.368835,0.661573,0.337192,2.354309,0.662474,0.328948,2.383362
1645444425686.805,281361542100,1272.709236,393.319058,2.353928,0.663548,0.326134,2.329269,0.66219,0.329398,2.378586
1645444425696.816,281361553203,1280.415287,390.987629,2.345818,0.662066,0.326227,2.32933,0.6717,0.325419,2.362305
1645444425707.808,281361564306,1284.908638,395.137721,2.34549,0.661525,0.329725,2.328461,0.676922,0.328837,2.362518
1645444425720.001,281361575409,1281.523876,396.088189,2.34803,0.659252,0.330334,2.330505,0.675669,0.329813,2.365555
1645444425730.989,281361586513,1279.18951,398.820394,2.341385,0.660652,0.33083,2.319916,0.671837,0.33387,2.362854
1645444425741.8262,281361597617,1273.414135,400.749242,2.344131,0.659934,0.331473,2.315506,0.666539,0.336443,2.372757
1645444425754.049,281361608720,1274.280853,399.329674,2.336121,0.660834,0.334002,2.31604,0.666542,0.331548,2.356201
1645444425764.431,281361619823,1274.804192,392.364532,2.335152,0.661161,0.324813,2.316254,0.66676,0.329128,2.35405
1645444425775.678,281361630926,1275.65443,388.608509,2.336807,0.658229,0.323021,2.333267,0.670578,0.32466,2.340347
1645444425786.691,281361642029,1274.55162,390.8005,2.338097,0.657597,0.323058,2.335678,0.670061,0.328276,2.340515
1645444425797.6748,281361653132,1276.479435,389.083743,2.336288,0.659472,0.32332,2.336929,0.670195,0.325153,2.335648
1645444425808.115,281361664235,1277.586136,388.466227,2.332436,0.663095,0.328589,2.323074,0.667724,0.318854,2.341797
1645444425820.07,281361675338,1281.741772,389.258963,2.33876,0.665056,0.330893,2.321182,0.670092,0.317872,2.356339
1645444425831.0671,281361686443,1276.725025,390.275502,2.339287,0.66203,0.334934,2.320618,0.667892,0.315526,2.357956
1645444425841.0671,281361697546,1277.16013,389.468801,2.341339,0.660973,0.336654,2.330551,0.669403,0.31246,2.352127
1645444425853.07,281361708649,1285.635567,376.211983,2.328697,0.66818,0.319754,2.317337,0.671024,0.307266,2.340057
1645444425864.073,281361719752,1306.492424,374.303734,2.319138,0.678045,0.310845,2.293427,0.682884,0.312995,2.344849
1645444425874.733,281361730855,1330.236969,371.968317,2.315186,0.68587,0.307239,2.286163,0.699794,0.312708,2.344208
1645444425886.734,281361741958,1335.876274,375.402635,2.316895,0.689927,0.3091,2.281143,0.701611,0.316571,2.352646
1645444425897.732,281361753061,1331.729565,377.40587,2.317741,0.689364,0.313439,2.285156,0.697854,0.315571,2.350327
1645444425907.733,281361764164,1333.585854,376.299298,2.31765,0.692245,0.312764,2.286423,0.696907,0.314402,2.348877
1645444425919.734,281361775268,1331.399975,377.749139,2.316887,0.688183,0.320309,2.303467,0.698692,0.309273,2.330307
1645444425930.735,281361786371,1330.005341,377.768236,2.320503,0.689208,0.319564,2.299057,0.696214,0.31005,2.341949
1645444425940.737,281361797475,1331.938591,386.462742,2.322525,0.692455,0.328573,2.299576,0.694981,0.315532,2.345474
1645444425952.734,281361808578,1332.209072,386.717552,2.325203,0.692374,0.322993,2.298798,0.695343,0.321536,2.351608
1645444425963.732,281361819681,1330.074463,384.024704,2.325272,0.688824,0.321084,2.30986,0.69667,0.318957,2.340683
1645444425974.7332,281361830784,1330.725689,372.834688,2.317947,0.684309,0.307039,2.300934,0.701863,0.314352,2.334961
1645444425986.732,281361841887,1327.585716,372.820204,2.320763,0.684932,0.302204,2.288086,0.69797,0.319163,2.353439
1645444425997.734,281361852990,1335.672455,369.73713,2.312454,0.690434,0.293671,2.271072,0.700892,0.322557,2.353836
1645444426007.743,281361864094,1328.07478,375.966614,2.315964,0.687738,0.296344,2.269363,0.695673,0.330267,2.362564
1645444426019.733,281361875197,1333.231659,374.14602,2.316368,0.692047,0.296453,2.278107,0.696736,0.327124,2.35463
1645444426030.732,281361886300,1333.378258,379.801565,2.336174,0.68889,0.305,2.302353,0.700046,0.328003,2.369995
1645444426040.734,281361897404,1338.933334,380.465823,2.34185,0.694446,0.30608,2.312302,0.700277,0.32803,2.371399
1645444426052.735,281361908507,1335.435219,384.383941,2.352402,0.690609,0.312349,2.317566,0.700469,0.328291,2.387238
1645444426063.734,281361919610,1330.31702,382.199335,2.352043,0.688817,0.314162,2.31749,0.69693,0.322836,2.386597
1645444426074.331,281361930713,1329.569092,382.900876,2.361221,0.688031,0.316365,2.330215,0.696937,0.321803,2.392227
1645444426085.331,281361941816,1331.933384,384.458917,2.363037,0.685319,0.322589,2.352936,0.702111,0.318176,2.373138
1645444426097.328,281361952920,1333.96162,383.665198,2.35611,0.689411,0.322859,2.347275,0.700133,0.316583,2.364944
1645444426107.3289,281361964023,1336.279221,380.51067,2.351021,0.688464,0.320657,2.33461,0.703494,0.313527,2.367432
1645444426119.3308,281361975126,1340.659847,384.775919,2.353157,0.695848,0.329614,2.335739,0.700672,0.311679,2.370575
1645444426130.33,281361986229,1344.534531,381.509024,2.344116,0.698774,0.322548,2.324524,0.701782,0.3133,2.363708
1645444426141.329,281361997333,1340.872478,385.056585,2.3489,0.699939,0.321921,2.325745,0.696803,0.31984,2.372055
1645444426152.3298,281362008436,1334.691753,381.775296,2.346703,0.693614,0.316199,2.318283,0.69669,0.320093,2.375122
1645444426163.341,281362019539,1332.895718,380.344158,2.354607,0.691576,0.316871,2.319412,0.696857,0.317036,2.389801
1645444426174.331,281362030642,1335.013561,379.81106,2.354996,0.694704,0.319525,2.314331,0.695935,0.313494,2.39566
1645444426186.3289,281362041746,1337.978554,373.285782,2.365631,0.698087,0.305107,2.328781,0.695641,0.317036,2.402481
1645444426197.326,281362052849,1336.932907,377.103943,2.366486,0.698143,0.305825,2.339264,0.694495,0.322681,2.393707
1645444426207.34,281362063952,1331.205711,375.733799,2.374481,0.694878,0.306102,2.369934,0.691795,0.320121,2.379028
1645444426219.362,281362075055,1328.84943,381.537545,2.366028,0.689513,0.314817,2.354294,0.694705,0.321079,2.377762
1645444426230.364,281362086158,1330.21162,380.124235,2.371681,0.691203,0.313186,2.351791,0.694434,0.320355,2.391571
1645444426241.3289,281362097261,1333.755341,381.217396,2.380661,0.69027,0.313115,2.343735,0.699058,0.322248,2.417587
1645444426252.814,281362108365,1344.909439,379.802173,2.400467,0.700597,0.310475,2.370834,0.70035,0.322529,2.430099
1645444426264.798,281362119468,1360.358334,378.712142,2.400887,0.705702,0.310765,2.371994,0.711338,0.320422,2.429779
1645444426274.666,281362130572,1391.217842,374.797547,2.409813,0.721425,0.310155,2.380997,0.72776,0.314508,2.438629
1645444426286.398,281362141675,1402.931728,366.823375,2.405746,0.73123,0.300755,2.388718,0.730157,0.310617,2.422775
1645444426297.602,281362152778,1406.057682,368.08058,2.418388,0.73364,0.300582,2.397903,0.731004,0.312885,2.438873
1645444426308.609,281362163881,1405.857468,364.027172,2.421585,0.734174,0.297257,2.405228,0.730261,0.309455,2.437943
1645444426319.5952,281362174984,1408.445549,366.142702,2.426987,0.73472,0.30349,2.425186,0.732411,0.306748,2.428787
1645444426330.598,281362186087,1401.357307,369.993585,2.430252,0.727177,0.308091,2.43335,0.73257,0.308565,2.427155
1645444426340.597,281362197190,1400.427132,374.599099,2.426147,0.728382,0.308523,2.431015,0.730397,0.315808,2.42128
1645444426352.6052,281362208294,1390.942612,378.796041,2.426537,0.723133,0.307435,2.407043,0.725765,0.323891,2.44603
1645444426363.593,281362219398,1394.999714,377.714199,2.417137,0.729933,0.301424,2.403595,0.723191,0.3281,2.430679
1645444426374.593,281362230501,1394.820271,379.065245,2.424088,0.73006,0.301951,2.406387,0.722877,0.329825,2.441788
1645444426385.593,281362241604,1400.459061,378.665096,2.431046,0.733416,0.305908,2.422165,0.725395,0.325201,2.439926
1645444426396.596,281362252707,1398.624401,382.532537,2.443611,0.732485,0.309458,2.434982,0.724415,0.328096,2.45224
1645444426407.5972,281362263810,1400.167294,390.461165,2.455406,0.727806,0.313766,2.449341,0.730702,0.337002,2.461472
1645444426419.593,281362274913,1400.856628,391.486663,2.458015,0.72786,0.314246,2.454514,0.731365,0.338232,2.461517
1645444426429.594,281362286016,1398.794689,392.408073,2.464035,0.723475,0.320253,2.456055,0.733603,0.33376,2.472015
1645444426440.593,281362297119,1403.664207,379.698014,2.462288,0.725617,0.307531,2.44693,0.736533,0.325299,2.477646
1645444426452.593,281362308223,1404.205284,386.95727,2.467209,0.728197,0.314672,2.454025,0.734516,0.330257,2.480392
1645444426463.333,281362319327,1410.342979,385.050327,2.463982,0.731268,0.311393,2.448074,0.737839,0.330358,2.479889
1645444426474.332,281362330430,1406.522598,389.508051,2.470467,0.732462,0.319197,2.459076,0.732666,0.329983,2.481857
1645444426486.334,281362341533,1402.101803,378.218794,2.464279,0.727026,0.302685,2.441528,0.733497,0.327679,2.48703
1645444426497.334,281362352636,1393.833218,377.090174,2.468437,0.721826,0.30305,2.448502,0.730083,0.325434,2.488373
1645444426507.333,281362363739,1390.379848,373.384291,2.471939,0.719862,0.298232,2.457794,0.72845,0.324075,2.486084
1645444426519.333,281362374842,1394.995193,378.612363,2.48217,0.724765,0.30629,2.478607,0.728355,0.32473,2.485733
1645444426530.332,281362385945,1395.549259,373.425812,2.49894,0.723674,0.303324,2.494797,0.730023,0.319052,2.503082
1645444426540.542,281362397049,1400.258389,375.41939,2.502937,0.726662,0.305725,2.510223,0.73194,0.319974,2.495651
1645444426552.5452,281362408152,1390.316906,373.476183,2.497803,0.718164,0.300427,2.493805,0.730083,0.322034,2.501801
1645444426563.545,281362419256,1391.99667,382.126951,2.492561,0.724783,0.302649,2.484909,0.725214,0.334229,2.500214
1645444426574.544,281362430359,1390.722141,380.207223,2.488617,0.72641,0.301872,2.469528,0.722259,0.331807,2.507706
1645444426585.546,281362441462,1396.649094,371.715868,2.481934,0.729957,0.297407,2.466248,0.724885,0.32212,2.49762
1645444426596.545,281362452565,1397.590485,366.528404,2.476921,0.7265,0.295811,2.46138,0.729323,0.31507,2.492462
1645444426607.546,281362463668,1407.084789,365.30959,2.478539,0.728749,0.297748,2.463547,0.736965,0.311101,2.49353
1645444426618.905,281362474771,1417.460403,367.685866,2.489532,0.734821,0.300937,2.470535,0.7417,0.311872,2.50853
1645444426629.904,281362485875,1426.816578,363.08248,2.485291,0.740485,0.300262,2.46167,0.745782,0.304875,2.508911
1645444426640.906,281362496978,1427.904625,370.900887,2.493683,0.744333,0.301707,2.471558,0.743068,0.316461,2.515808
1645444426652.904,281362508081,1432.025528,368.336195,2.490501,0.747074,0.300791,2.479065,0.744619,0.313103,2.501938
1645444426662.905,281362519185,1432.363529,378.853887,2.49588,0.747752,0.310796,2.494705,0.744293,0.320628,2.497055
1645444426673.903,281362530288,1428.011284,374.482441,2.503311,0.742925,0.310318,2.49939,0.744587,0.31382,2.507233
1645444426685.903,281362541391,1424.232044,376.985031,2.5121,0.739909,0.309138,2.506744,0.743666,0.31917,2.517456
1645444426696.9011,281362552494,1421.271915,369.949418,2.511398,0.740379,0.29896,2.489304,0.740113,0.317623,2.533493
1645444426706.904,281362563597,1426.923237,372.723055,2.50885,0.743181,0.299678,2.487091,0.743198,0.321527,2.530609
1645444426718.497,281362574701,1423.501396,383.570248,2.486374,0.745925,0.311537,2.434952,0.736889,0.327746,2.537796
1645444426729.497,281362585804,1415.944405,395.863384,2.506653,0.73865,0.331438,2.481705,0.736292,0.328335,2.531601
1645444426739.5078,281362596907,1420.791321,407.80592,2.555489,0.743102,0.360047,2.538773,0.736888,0.319629,2.572205
1645444426751.486,281362608010,1437.175369,405.527061,2.518494,0.743102,0.360047,2.538773,0.753955,0.315831,2.498215
1645444426763.4949,281362619113,720.759144,456.880885,2.70443,0.373348,0.376941,2.618332,0.377442,0.384527,2.790527
1645444426773.498,281362630217,720.759144,456.880885,2.70443,0.373348,0.376941,2.618332,0.377442,0.384527,2.790527
1645444426785.752,281362641320,664.352674,442.357957,2.627983,0.373348,0.376941,2.618332,0.318686,0.360322,2.637634
1645444426796.906,281362652423,526.690464,446.91909,2.572006,0.271523,0.392376,2.544403,0.277113,0.352489,2.599609
1645444426806.627,281362663527,526.690464,446.91909,2.572006,0.271523,0.392376,2.544403,0.277113,0.352489,2.599609
1645444426819.333,281362674630,512.079077,431.105715,2.582176,0.263864,0.356738,2.551682,0.269552,0.361771,2.612671
1645444426830.3289,281362685733,512.341976,424.748772,2.580833,0.263834,0.34551,2.526199,0.269855,0.362405,2.635468
1645444426840.331,281362696836,520.127964,425.966763,2.552055,0.263834,0.34551,2.526199,0.277966,0.364435,2.577911
1645444426852.324,281362707939,517.126665,428.770244,2.529106,0.263317,0.354919,2.493713,0.275357,0.359698,2.564499
1645444426863.323,281362719042,513.562288,425.2249,2.524727,0.263061,0.351015,2.504318,0.2719,0.357693,2.545135
1645444426873.324,281362730146,521.372509,428.470552,2.518509,0.271907,0.355976,2.485764,0.271189,0.358142,2.551254
1645444426885.323,281362741249,524.857807,426.393467,2.524055,0.275062,0.353165,2.489807,0.271665,0.35749,2.558304
1645444426896.3252,281362752353,528.430452,426.024467,2.530907,0.274684,0.356669,2.498016,0.275765,0.353371,2.563797
1645444426907.322,281362763456,531.781054,429.298621,2.533997,0.275359,0.356773,2.506714,0.27858,0.358725,2.561279
1645444426918.322,281362774559,533.410835,432.24045,2.530525,0.277286,0.359821,2.492722,0.278351,0.360579,2.568329
1645444426929.323,281362785662,535.370464,437.230629,2.547821,0.282991,0.367643,2.518433,0.274686,0.361075,2.577209
1645444426940.324,281362796765,531.895609,436.40281,2.540092,0.28179,0.369564,2.494339,0.272268,0.357774,2.585846
1645444426952.321,281362807868,525.775509,437.447727,2.540062,0.278252,0.371521,2.504456,0.269431,0.357559,2.575668
1645444426963.323,281362818971,506.816711,435.798186,2.516823,0.261971,0.365732,2.46669,0.265963,0.360598,2.566956
1645444426974.3208,281362830074,474.897108,434.400648,2.526222,0.244016,0.36112,2.48204,0.250669,0.362881,2.570404
1645444426985.323,281362841179,465.501165,436.99345,2.533302,0.236691,0.363055,2.487473,0.248206,0.365268,2.579132
1645444426996.323,281362852282,467.078605,435.043949,2.526993,0.239185,0.359518,2.479019,0.247355,0.365555,2.574966
1645444427007.326,281362863385,468.03051,436.152828,2.534813,0.242165,0.362964,2.493164,0.245367,0.363958,2.576462
1645444427018.321,281362874488,461.675277,431.243598,2.538422,0.236658,0.354659,2.497711,0.244254,0.364081,2.579132
1645444427029.324,281362885591,462.867436,433.530003,2.549706,0.236674,0.354493,2.50766,0.24548,0.368057,2.591751
1645444427040.324,281362896694,464.7472,431.038195,2.548668,0.238094,0.349252,2.508636,0.246018,0.369145,2.588699
1645444427051.3389,281362907797,461.703959,432.857895,2.532303,0.236875,0.348062,2.489807,0.244067,0.373368,2.574799
1645444427063.323,281362918900,460.516133,433.638775,2.548225,0.237768,0.351575,2.515167,0.241936,0.371156,2.581284
1645444427073.322,281362930004,458.569894,435.607839,2.535797,0.236567,0.356411,2.513824,0.24111,0.369602,2.55777
1645444427085.341,281362941108,462.72357,433.879709,2.553642,0.239778,0.361317,2.532303,0.242225,0.361815,2.574982
1645444427096.324,281362952211,465.646076,427.338427,2.545876,0.24106,0.357704,2.529022,0.243988,0.354527,2.562729
1645444427107.324,281362963314,456.824641,425.596762,2.558472,0.234874,0.35297,2.557129,0.240985,0.356358,2.559814
1645444427215.322,281362974417,469.923778,433.664739,2.579491,0.240087,0.359798,2.595367,0.249417,0.362977,2.563614
1645444427216.325,281362985520,,,,,,,0.2477,0.376019,2.508896
1645444427216.325,281362996623,,,,,,,,,
1645444427216.325,281363007726,,,,,,,,,
1645444427217.322,281363018830,,,,,,,,,
1645444427217.322,281363029933,,,,,,,,,
1645444427217.322,281363041037,,,,,,,,,
1645444427217.322,281363052140,,,,,,,,,
1645444427217.322,281363063243,,,,,,,,,
1645444427217.322,281363074346,,,,,,,,,
1645444427228.323,281363085449,,,,,,,,,
1645444427240.324,281363096552,,,,,,,0.268438,0.37023,2.420776
1645444427251.333,281363107656,,,,,,,0.252587,0.368701,2.395493
1645444427262.33,281363118759,,,,,,,0.257656,0.35096,2.443314
1645444427273.336,281363129862,497.45121,416.104031,2.469894,0.259406,0.347842,2.449585,0.258772,0.345665,2.490204
1645444427285.422,281363140965,497.579098,405.386961,2.492439,0.253912,0.335859,2.467484,0.2644,0.339786,2.517395
1645444427297.3289,281363152069,499.227934,411.845326,2.502983,0.254655,0.33985,2.480377,0.265374,0.346559,2.525589
1645444427307.323,281363163172,497.043314,412.128925,2.505371,0.252315,0.338972,2.488876,0.265438,0.347909,2.521866
1645444427318.8691,281363174275,494.437323,414.0248,2.509895,0.250182,0.343772,2.497528,0.264857,0.346269,2.522263
1645444427330.194,281363185378,495.359259,418.398893,2.521019,0.253027,0.346286,2.518295,0.262972,0.351045,2.523743
1645444427341.251,281363196482,498.932934,418.617547,2.519737,0.255863,0.345117,2.511505,0.263859,0.352578,2.527969
1645444427352.162,281363207585,498.256559,420.885104,2.523727,0.255081,0.34633,2.513275,0.263936,0.355145,2.53418
1645444427363.197,281363218689,493.855076,418.479502,2.515053,0.252095,0.347686,2.490326,0.262338,0.349779,2.53978
1645444427374.205,281363229792,494.707575,419.624233,2.51825,0.252224,0.352481,2.490112,0.263097,0.346893,2.546387
1645444427385.698,281363240895,497.468719,426.940155,2.515663,0.257748,0.366736,2.490631,0.260449,0.344831,2.540695
1645444427396.688,281363251998,499.121475,422.27329,2.517555,0.256207,0.3598,2.495193,0.263711,0.343989,2.539917
1645444427406.699,281363263101,494.693041,422.955859,2.517235,0.254502,0.353095,2.495239,0.260803,0.351831,2.53923
1645444427418.712,281363274204,495.653057,415.181923,2.508614,0.255407,0.336733,2.490875,0.260898,0.355237,2.526352
1645444427429.6938,281363285308,508.321409,423.815382,2.513634,0.26315,0.344784,2.493011,0.266351,0.361574,2.534256
1645444427439.692,281363296411,540.273829,426.101267,2.532173,0.277643,0.355486,2.509232,0.285142,0.354682,2.555115
1645444427451.691,281363307514,554.19096,427.675313,2.545715,0.285539,0.366363,2.514114,0.291743,0.34643,2.577316
1645444427462.595,281363318618,555.184622,424.32763,2.549187,0.286371,0.363339,2.525986,0.291946,0.343874,2.572388
1645444427473.595,281363329721,559.341602,427.298945,2.534409,0.290872,0.360965,2.503433,0.291776,0.3512,2.565384
1645444427484.594,281363340824,562.992554,431.138724,2.536354,0.291581,0.364537,2.506134,0.294869,0.354028,2.566574
1645444427496.592,281363351927,562.117052,427.27173,2.524414,0.291766,0.365346,2.485626,0.293772,0.346773,2.563202
1645444427506.614,281363363030,560.307941,425.199634,2.519371,0.290509,0.369912,2.485229,0.293145,0.338754,2.553513
1645444427518.605,281363374134,556.075516,420.778978,2.512222,0.288462,0.363806,2.489441,0.290783,0.337493,2.535004
1645444427529.594,281363385237,557.662754,427.006298,2.525406,0.289825,0.365433,2.510071,0.291074,0.346244,2.540741
1645444427539.595,281363396340,555.040426,423.064935,2.509789,0.288204,0.356095,2.497452,0.289963,0.349013,2.522125
1645444427551.5972,281363407443,563.239374,422.458649,2.501007,0.292606,0.350111,2.46756,0.294102,0.353986,2.534454
1645444427562.598,281363418547,563.547993,416.440809,2.486961,0.29174,0.339311,2.455505,0.295289,0.354757,2.518417
1645444427573.594,281363429650,563.310242,421.626735,2.484993,0.292428,0.34041,2.456863,0.294354,0.362302,2.513123
1645444427584.594,281363440753,562.444725,426.17451,2.479057,0.292528,0.349652,2.472687,0.293352,0.360639,2.485428
1645444427595.6062,281363451856,559.538727,428.182536,2.468384,0.291022,0.354331,2.455917,0.291831,0.359307,2.48085
1645444427606.594,281363462960,560.237875,428.023356,2.454323,0.290718,0.357616,2.451233,0.292863,0.355757,2.457413
1645444427618.588,281363474063,559.969025,428.984624,2.450317,0.2918,0.355968,2.430298,0.291501,0.359006,2.470337
1645444427629.588,281363485166,559.335794,434.220672,2.448975,0.292387,0.366412,2.434677,0.290254,0.35729,2.463272
1645444427639.588,281363496269,557.768555,430.049568,2.441711,0.292238,0.36515,2.429459,0.288771,0.351599,2.453964
1645444427651.59,281363507372,558.930702,424.629164,2.435379,0.292263,0.35924,2.427933,0.289957,0.348475,2.442825
1645444427662.586,281363518475,560.075169,417.093748,2.435822,0.290695,0.352832,2.432739,0.292717,0.342324,2.438904
1645444427673.586,281363529579,556.571846,415.020436,2.423073,0.290515,0.35129,2.414139,0.289247,0.340411,2.432007
1645444427684.5852,281363540682,552.253275,418.689591,2.419327,0.287822,0.352741,2.407135,0.287442,0.345075,2.431519
1645444427695.587,281363551786,554.34042,426.8677,2.413742,0.289809,0.36072,2.398819,0.287629,0.350726,2.428665
1645444427706.5898,281363562889,562.877083,434.846324,2.415428,0.289639,0.363142,2.405823,0.296691,0.361602,2.425034
1645444427718.586,281363573992,565.322227,433.666474,2.413704,0.289951,0.365791,2.396652,0.298927,0.356986,2.430756
1645444427729.586,281363585095,568.422976,435.109019,2.418907,0.293454,0.359472,2.392868,0.298653,0.36571,2.444946
1645444427739.5862,281363596198,565.157518,428.443122,2.411667,0.293336,0.356314,2.382858,0.29537,0.357758,2.440475
1645444427751.589,281363607301,559.701862,426.527363,2.409203,0.290782,0.353581,2.386551,0.292241,0.357298,2.431854
1645444427762.5862,281363618404,559.256659,420.958525,2.401901,0.289431,0.354704,2.387558,0.293128,0.346894,2.416245
1645444427773.591,281363629508,563.496208,430.308259,2.397728,0.290654,0.365181,2.382996,0.296321,0.352,2.41246
1645444427784.587,281363640612,564.379292,433.955383,2.395187,0.292849,0.370308,2.384521,0.295046,0.352951,2.405853
1645444427795.594,281363651715,560.024128,438.885176,2.392052,0.28873,0.375037,2.385208,0.294628,0.356438,2.398895
1645444427806.594,281363662818,559.085798,443.250132,2.388779,0.289839,0.371873,2.375504,0.292542,0.366878,2.402054
1645444427817.594,281363673922,565.265694,446.975988,2.392708,0.292934,0.373585,2.382172,0.295885,0.371375,2.403244
1645444427829.585,281363685025,581.951866,445.938349,2.391991,0.303987,0.373621,2.37738,0.302213,0.369609,2.406601
1645444427840.6,281363696128,637.455997,441.758323,2.395241,0.329954,0.372623,2.382782,0.334063,0.363641,2.4077
1645444427851.6729,281363707231,661.072683,433.920801,2.378532,0.3445,0.363829,2.355728,0.344118,0.359372,2.401337
1645444427862.79,281363718334,664.891348,434.481937,2.386887,0.345623,0.362898,2.369858,0.346973,0.361239,2.403915
1645444427873.37,281363729438,667.206116,428.572315,2.370476,0.346795,0.363642,2.370468,0.348211,0.350646,2.370483
1645444427884.9338,281363740541,671.516905,427.099782,2.37162,0.34868,0.364591,2.378769,0.350817,0.347242,2.364471
1645444427896.578,281363751644,672.026539,424.10447,2.359398,0.35098,0.363577,2.359604,0.349047,0.343264,2.359192
1645444427906.617,281363762747,665.069218,422.687066,2.366295,0.344962,0.357275,2.347397,0.347819,0.347204,2.385193
1645444427918.613,281363773851,661.987467,425.898761,2.362686,0.344173,0.35869,2.346024,0.345397,0.351141,2.379349
1645444427929.603,281363784954,667.198391,424.892288,2.360687,0.345798,0.352944,2.341415,0.349201,0.35521,2.379959
1645444427939.598,281363796057,665.571671,424.040097,2.361992,0.349291,0.357206,2.354279,0.344013,0.349528,2.369705
1645444427951.606,281363807160,662.475214,425.235897,2.361671,0.3471,0.357025,2.349762,0.342979,0.351701,2.373581
1645444427962.6008,281363818264,661.605577,432.851887,2.377945,0.34832,0.371784,2.372406,0.340853,0.349635,2.383484
1645444427972.6,281363829367,661.44536,433.361024,2.378395,0.348259,0.373221,2.364273,0.340747,0.349048,2.392517
1645444427984.602,281363840470,659.861126,432.536477,2.379196,0.348377,0.378709,2.363251,0.338978,0.342185,2.395142
1645444427995.6008,281363851573,662.039194,429.469317,2.370705,0.34965,0.376291,2.352173,0.339974,0.339491,2.389236
1645444428006.597,281363862676,661.658363,422.90554,2.358521,0.346616,0.375251,2.357788,0.342612,0.329591,2.359253
1645444428017.6,281363873779,661.999884,424.294299,2.349754,0.345268,0.376181,2.350143,0.344316,0.330977,2.349365
1645444428029.5989,281363884883,661.551504,420.730054,2.35701,0.345671,0.369701,2.360199,0.343445,0.331515,2.353821
1645444428039.6,281363895986,661.624346,436.51557,2.360352,0.3474,0.3841,2.356949,0.341792,0.343426,2.363754
1645444428051.6,281363907090,664.975634,436.712748,2.355705,0.350699,0.380933,2.358627,0.341984,0.346921,2.352783
1645444428062.607,281363918193,660.309162,444.029671,2.344009,0.345973,0.383862,2.33252,0.341849,0.356188,2.355499
1645444428072.601,281363929296,662.577152,431.960768,2.341751,0.348605,0.36286,2.32663,0.34158,0.357075,2.356873
1645444428084.602,281363940399,662.196865,425.774717,2.351608,0.347315,0.355612,2.331467,0.342473,0.354013,2.37175
1645444428095.548,281363951502,659.767742,418.956792,2.353676,0.345587,0.350111,2.339081,0.341671,0.34815,2.368271
1645444428106.553,281363962605,663.807821,421.919042,2.358475,0.345288,0.348121,2.341812,0.346178,0.355078,2.375137
1645444428117.551,281363973708,668.92602,420.263654,2.359688,0.349996,0.352449,2.335083,0.346802,0.34799,2.384293
1645444428128.557,281363984812,674.30274,418.062043,2.350235,0.351469,0.35259,2.324585,0.35093,0.344181,2.375885
1645444428139.549,281363995916,676.519432,415.360111,2.343445,0.351087,0.357842,2.316147,0.353621,0.334425,2.370743
1645444428151.546,281364007019,667.186747,418.617189,2.347878,0.345901,0.361511,2.33046,0.349085,0.336184,2.365295
1645444428162.551,281364018122,668.124475,424.950618,2.355713,0.348861,0.366871,2.347321,0.347102,0.34138,2.364105
1645444428172.55,281364029225,662.241526,426.498914,2.367821,0.347249,0.365341,2.359589,0.342586,0.34549,2.376053
1645444428184.548,281364040328,667.849159,429.752773,2.37674,0.346716,0.364967,2.361633,0.34896,0.351287,2.391846
1645444428195.55,281364051431,668.67013,430.371594,2.389664,0.347149,0.371292,2.386276,0.349382,0.345994,2.393051
1645444428206.5488,281364062534,699.280415,431.198055,2.390678,0.35816,0.370038,2.386093,0.370257,0.348625,2.395264
1645444428217.551,281364073637,721.087418,429.517919,2.389427,0.376286,0.372117,2.38588,0.374846,0.343746,2.392975
1645444428228.554,281364084742,732.89669,427.546549,2.382317,0.381772,0.36557,2.363068,0.381662,0.347008,2.401566
1645444428239.548,281364095845,737.167482,425.285143,2.37394,0.388788,0.376281,2.366318,0.379094,0.332528,2.381561
1645444428251.549,281364106948,739.02051,425.680482,2.380585,0.383842,0.373947,2.356979,0.385971,0.335521,2.40419
1645444428262.548,281364118051,738.686085,425.117773,2.380981,0.380437,0.374748,2.355164,0.389028,0.333782,2.406799
1645444428273.0962,281364129154,741.208735,430.500823,2.391159,0.383084,0.370563,2.358871,0.389009,0.346938,2.423447
1645444428284.092,281364140257,744.294376,429.598993,2.400269,0.382967,0.361432,2.350647,0.392339,0.354566,2.44989
1645444428295.092,281364151360,743.297939,430.488342,2.406433,0.385297,0.359464,2.357254,0.388972,0.358016,2.455612
1645444428306.092,281364162463,738.534536,428.43588,2.415565,0.38043,0.360339,2.367676,0.388877,0.353721,2.463455
1645444428318.0908,281364173567,737.11215,432.351762,2.413864,0.381048,0.377419,2.385529,0.386777,0.343167,2.4422
1645444428329.104,281364184670,740.576763,433.220905,2.410599,0.383597,0.37513,2.378021,0.387837,0.346905,2.443176
1645444428339.102,281364195774,743.168135,428.963238,2.401955,0.384664,0.371855,2.373169,0.389469,0.343083,2.43074
1645444428351.102,281364206877,734.29882,423.388124,2.37899,0.381065,0.360168,2.36351,0.38383,0.345479,2.39447
1645444428362.109,281364217980,737.006636,414.095575,2.376602,0.381799,0.35397,2.365402,0.385917,0.33619,2.387802
1645444428373.09,281364229083,739.064341,418.370479,2.383331,0.383832,0.358239,2.361115,0.386027,0.339045,2.405548
1645444428384.125,281364240186,743.160267,425.237542,2.397934,0.385998,0.367292,2.369934,0.388127,0.341438,2.425934
1645444428395.7332,281364251289,739.448233,431.804734,2.39328,0.38282,0.36887,2.361191,0.387439,0.350805,2.425369
1645444428406.45,281364262393,742.685366,433.693796,2.392403,0.384116,0.368782,2.354065,0.389515,0.354041,2.43074
1645444428417.8938,281364273496,750.331535,433.579248,2.396233,0.388885,0.369827,2.350494,0.392711,0.352805,2.441971
1645444428429.133,281364284599,748.475647,439.205468,2.414558,0.388315,0.387334,2.3797,0.391347,0.344676,2.449417
1645444428439.334,281364295703,743.793411,437.961388,2.43412,0.386935,0.387988,2.408051,0.38785,0.341948,2.46019
1645444428451.336,281364306806,741.52256,432.984567,2.43013,0.38686,0.381472,2.413879,0.385559,0.340169,2.446381
1645444428462.204,281364317909,740.903807,429.382306,2.426651,0.387962,0.37381,2.407242,0.383813,0.341827,2.44606
1645444428472.2,281364329012,743.369293,432.837099,2.429146,0.386468,0.373535,2.404205,0.387875,0.34786,2.454086
1645444428484.201,281364340115,763.223848,434.931386,2.442795,0.395785,0.375145,2.406174,0.39924,0.34974,2.479416
1645444428495.2,281364351219,774.41494,438.11658,2.448036,0.402186,0.376893,2.412201,0.404496,0.353301,2.483871
1645444428506.197,281364362322,796.78113,444.499773,2.441879,0.411555,0.376051,2.407028,0.418425,0.364782,2.47673
1645444428517.201,281364373425,798.147926,441.919219,2.443901,0.415445,0.36856,2.401291,0.415959,0.367972,2.486511
1645444428528.197,281364384528,796.735897,434.119624,2.438087,0.415285,0.356165,2.38446,0.414649,0.367368,2.491714
1645444428539.198,281364395631,796.778555,427.641267,2.441383,0.414228,0.349661,2.391342,0.41575,0.363074,2.491425
1645444428551.228,281364406735,793.997326,425.813413,2.44751,0.410856,0.350551,2.403625,0.416225,0.359138,2.491394
1645444428562.2302,281364417838,781.631098,421.893543,2.403595,0.395124,0.34007,2.321091,0.419075,0.363086,2.486099
1645444428572.231,281364428941,785.196447,416.22557,2.407494,0.398817,0.337098,2.312317,0.419096,0.356611,2.50267
1645444428584.228,281364440045,782.002487,418.913323,2.405716,0.400193,0.341077,2.325012,0.414393,0.357111,2.48642
1645444428595.232,281364451148,799.329128,430.105126,2.452034,0.4173,0.359742,2.417542,0.415335,0.3571,2.486526
1645444428606.229,281364462252,799.572773,442.469412,2.45446,0.415767,0.368426,2.423767,0.417122,0.369023,2.485153
1645444428617.3389,281364473355,799.813042,440.733039,2.444527,0.414058,0.364773,2.417999,0.419081,0.369782,2.471054
1645444428628.339,281364484458,797.569542,435.059953,2.437126,0.412551,0.356907,2.396423,0.418251,0.368193,2.477829
1645444428639.352,281364495561,800.099974,430.990881,2.443214,0.415941,0.361851,2.408463,0.417497,0.356467,2.477966
1645444428651.34,281364506664,798.690376,433.26956,2.442253,0.412949,0.368747,2.397888,0.419021,0.353369,2.486618
1645444428662.338,281364517767,799.418621,430.418712,2.452942,0.411452,0.369534,2.417297,0.421276,0.347831,2.488586
1645444428672.343,281364528871,792.74663,418.416148,2.445992,0.410498,0.357037,2.4048,0.41528,0.340323,2.487183
1645444428684.344,281364539974,801.429176,418.891919,2.458191,0.416912,0.353344,2.40773,0.41791,0.344809,2.508652
1645444428695.3462,281364551077,802.806787,421.361679,2.454918,0.418702,0.354472,2.41188,0.417555,0.347798,2.497955
1645444428706.342,281364562180,800.262566,432.0427,2.46431,0.414243,0.360133,2.423431,0.419364,0.359938,2.505188
1645444428717.356,281364573284,820.17972,435.56512,2.482132,0.425214,0.361025,2.432999,0.42914,0.364917,2.531265
1645444428728.519,281364584387,839.872913,439.048272,2.484695,0.435507,0.365399,2.435654,0.43936,0.366349,2.533737
1645444428739.531,281364595490,886.46656,440.481162,2.481201,0.456743,0.367477,2.427521,0.46666,0.366658,2.534882
1645444428750.518,281364606593,888.948526,437.586665,2.474922,0.456439,0.366011,2.420898,0.469549,0.3633,2.528946
1645444428761.518,281364617697,888.759298,429.755831,2.465927,0.456178,0.361254,2.420227,0.469613,0.355005,2.511627
1645444428772.5178,281364628800,890.087929,427.172434,2.471825,0.458789,0.36245,2.4254,0.468386,0.349504,2.51825
1645444428784.518,281364639903,889.046888,426.975971,2.474724,0.457628,0.359884,2.437241,0.468462,0.351743,2.512207
1645444428795.519,281364651006,882.893171,432.957494,2.494896,0.454741,0.363701,2.437714,0.46494,0.357895,2.552078
1645444428805.5178,281364662109,884.089308,427.321422,2.498558,0.457125,0.354156,2.445099,0.463802,0.358046,2.552017
1645444428817.518,281364673213,885.062456,430.91526,2.504951,0.458386,0.357365,2.438171,0.463554,0.360827,2.571732
1645444428828.5269,281364684316,888.404417,429.123205,2.488861,0.457414,0.356352,2.434418,0.468007,0.358853,2.543304
1645444428839.517,281364695419,885.149317,427.347225,2.488297,0.456018,0.359406,2.436127,0.466012,0.35284,2.540466
1645444428850.518,281364706523,884.273987,424.752492,2.478676,0.458251,0.361478,2.427429,0.462867,0.346443,2.529922
1645444428861.5151,281364717626,893.487597,427.810013,2.466705,0.461551,0.364752,2.430847,0.469166,0.348265,2.502563
1645444428872.516,281364728729,896.655436,430.754972,2.475388,0.460198,0.366871,2.437988,0.473818,0.351054,2.512787
1645444428883.517,281364739832,892.393026,432.537854,2.477455,0.45423,0.36451,2.4487,0.475346,0.356386,2.50621
1645444428895.516,281364750935,888.446417,433.362812,2.500336,0.455543,0.358414,2.451904,0.469922,0.363857,2.548767
1645444428905.524,281364762038,889.876385,440.110946,2.505997,0.454909,0.364839,2.456818,0.472046,0.368679,2.555176
1645444428917.5242,281364773142,910.474606,441.849965,2.519836,0.466817,0.363291,2.461594,0.481594,0.373126,2.578079
1645444428928.524,281364784245,924.324589,439.722794,2.527298,0.471517,0.362119,2.471252,0.491321,0.370752,2.583344
1645444428939.516,281364795349,954.051304,433.488625,2.52079,0.487866,0.357942,2.465775,0.505937,0.364539,2.575806
1645444428950.6172,281364806452,951.645184,431.096417,2.51046,0.487716,0.358785,2.458054,0.503581,0.359709,2.562866
1645444428961.517,281364817555,950.143003,433.24787,2.49469,0.488267,0.360232,2.446716,0.501466,0.361847,2.542664
1645444428972.7622,281364828658,946.730118,435.047114,2.50354,0.485923,0.360628,2.457077,0.500254,0.364451,2.550003
1645444428984.263,281364839761,951.751499,434.362525,2.514915,0.485227,0.360122,2.46228,0.506181,0.363815,2.567551
1645444428995.056,281364850864,952.024612,427.816504,2.511711,0.483653,0.357934,2.458206,0.508039,0.355093,2.565216
1645444429005.867,281364861967,952.247086,428.742814,2.513016,0.484773,0.360021,2.465149,0.507151,0.35455,2.560883
1645444429017.779,281364873070,956.215439,436.186963,2.517662,0.492966,0.369519,2.477341,0.503092,0.357459,2.557983
1645444429028.477,281364884175,953.947563,442.219537,2.525536,0.493448,0.375237,2.486557,0.500248,0.361796,2.564514
1645444429038.508,281364895278,952.079172,437.981451,2.534729,0.491049,0.372219,2.486237,0.5007,0.35775,2.583221
1645444429050.5012,281364906381,947.939129,433.760566,2.538017,0.484424,0.367897,2.484131,0.503012,0.355037,2.591904
1645444429061.504,281364917484,954.623079,433.70086,2.538521,0.486961,0.371427,2.487885,0.507438,0.351408,2.589157
1645444429072.5,281364928587,953.12459,429.542595,2.528046,0.488867,0.363633,2.475357,0.503971,0.352272,2.580734
1645444429083.499,281364939690,952.569981,431.916153,2.532173,0.491599,0.368909,2.489395,0.500661,0.350951,2.574951
1645444429094.5042,281364950793,946.436949,427.142751,2.522682,0.48814,0.362244,2.471191,0.497731,0.349661,2.574173
1645444429105.501,281364961896,948.317699,433.953613,2.532356,0.487257,0.365427,2.480499,0.500574,0.357829,2.584213
1645444429117.504,281364973000,943.349018,428.150368,2.521439,0.483422,0.357489,2.475967,0.499233,0.356095,2.56691
1645444429226.499,281364984104,947.187824,434.84171,2.550941,0.489329,0.360296,2.510605,0.497325,0.36444,2.591278
1645444429227.5,281364995207,951.893635,429.621398,2.554306,0.492034,0.361121,2.510666,0.499522,0.354914,2.597946
1645444429227.5,281365006310,948.401728,429.435539,2.554291,0.490441,0.359928,2.506195,0.497477,0.355798,2.602386
1645444429228.5,281365017413,946.332006,422.072214,2.541885,0.488303,0.353896,2.487183,0.497459,0.349558,2.596588
1645444429228.5,281365028516,946.839008,426.178032,2.546516,0.487786,0.348177,2.484116,0.498505,0.36212,2.608917
1645444429229.512,281365039619,954.926977,426.39606,2.538177,0.491726,0.349871,2.468811,0.50299,0.360789,2.607544
1645444429229.512,281365050722,951.577406,429.948449,2.537994,0.49023,0.354583,2.468735,0.500996,0.361998,2.607254
1645444429230.5,281365061826,947.943678,432.946765,2.535637,0.489432,0.362375,2.478882,0.498009,0.359203,2.592392
1645444429230.5,281365072929,952.534132,430.93586,2.539955,0.494294,0.360691,2.483841,0.497929,0.357536,2.596069
1645444429231.5,281365084033,962.790813,432.724625,2.547691,0.497394,0.363144,2.494339,0.505513,0.358064,2.601044
1645444429238.503,281365095136,987.966385,422.675264,2.538071,0.506554,0.357457,2.480972,0.522578,0.347002,2.595169
1645444429250.5022,281365106239,997.004871,427.297872,2.546074,0.510724,0.35793,2.486771,0.527823,0.354234,2.605377
1645444429261.5,281365117342,1000.344028,422.675997,2.538895,0.513416,0.34923,2.484512,0.528609,0.355229,2.593277
1645444429272.5,281365128445,993.494053,424.871135,2.547279,0.511609,0.349137,2.496796,0.523281,0.358981,2.597763
1645444429283.505,281365139548,986.977501,419.572216,2.538483,0.509459,0.345309,2.491928,0.518642,0.353978,2.585037
1645444429294.5,281365150652,986.688538,418.958026,2.543732,0.507084,0.347129,2.497955,0.520717,0.351134,2.589508
1645444429305.5051,281365161755,993.805103,422.275382,2.552254,0.511066,0.351535,2.505249,0.524148,0.352258,2.599258
1645444429317.5,281365172858,994.512348,424.833727,2.562889,0.510218,0.353075,2.517014,0.525732,0.354982,2.608765
1645444429327.503,281365183961,976.761875,435.200965,2.606232,0.513414,0.3533,2.501984,0.504046,0.372035,2.71048
1645444429338.501,281365195065,983.348751,438.642776,2.611679,0.518073,0.355453,2.507477,0.506248,0.375618,2.715881
1645444429350.499,281365206168,982.382469,435.126454,2.610298,0.518597,0.350693,2.511047,0.504718,0.374517,2.709549
1645444429361.5051,281365217271,992.42363,425.721753,2.574409,0.513796,0.350246,2.514877,0.519978,0.35929,2.633942
1645444429372.514,281365228374,988.337345,425.362247,2.565857,0.510324,0.35092,2.50531,0.519194,0.358017,2.626404
1645444429383.512,281365239478,996.003571,427.373314,2.568512,0.514811,0.353038,2.504669,0.522693,0.359251,2.632355
1645444429394.5042,281365250581,993.915768,438.612324,2.578972,0.51582,0.361193,2.519485,0.519509,0.369828,2.638458
1645444429405.508,281365261684,993.985634,438.821554,2.579414,0.514838,0.361843,2.526794,0.520564,0.369527,2.632034
1645444429416.506,281365272787,989.231529,440.36175,2.566948,0.510982,0.365783,2.509216,0.519468,0.368153,2.62468
1645444429427.501,281365283890,994.512806,429.510051,2.55545,0.513584,0.356135,2.503799,0.522367,0.359715,2.607101
1645444429438.5222,281365294994,1013.749695,426.477706,2.556725,0.5215,0.351785,2.497482,0.534489,0.359011,2.615967
1645444429450.1418,281365306097,1027.73798,425.85243,2.566551,0.53251,0.352185,2.515137,0.53805,0.357569,2.617966
1645444429461.173,281365317200,1054.302406,425.491726,2.552414,0.540881,0.35129,2.515091,0.55735,0.357863,2.589737
1645444429472.173,281365328304,1061.490669,428.488719,2.547745,0.547722,0.349734,2.511703,0.557997,0.364414,2.583786
1645444429484.152,281365339408,1060.929222,428.382379,2.546089,0.546308,0.353037,2.518066,0.558826,0.360934,2.574112
1645444429495.152,281365350511,1060.059872,430.464453,2.540642,0.546368,0.351516,2.508942,0.557861,0.365925,2.572342
1645444429505.637,281365361614,1067.034473,432.018185,2.540375,0.549584,0.36024,2.514069,0.56191,0.35979,2.566681
1645444429517.234,281365372717,1068.247261,435.071629,2.536911,0.547988,0.364112,2.499695,0.564769,0.361008,2.574127
1645444429528.217,281365383820,1066.456203,436.858571,2.536629,0.547735,0.373561,2.499298,0.563157,0.354536,2.573959
1645444429539.233,281365394923,1067.212429,433.879638,2.525932,0.549238,0.368711,2.488846,0.562442,0.354421,2.563019
1645444429549.834,281365406026,1076.342125,437.116939,2.535538,0.557937,0.370429,2.502396,0.563253,0.358099,2.56868
1645444429561.662,281365417130,1077.688751,434.719616,2.526733,0.554978,0.367084,2.494247,0.567614,0.357449,2.559219
1645444429571.873,281365428233,1075.154457,433.952165,2.534752,0.553908,0.369301,2.504898,0.566045,0.353952,2.564606
1645444429583.876,281365439336,1070.603485,427.758282,2.517494,0.550945,0.363472,2.487717,0.564267,0.349459,2.547272
1645444429594.88,281365450440,1070.364189,426.45092,2.521851,0.552891,0.35882,2.491135,0.562072,0.351932,2.552567
1645444429604.875,281365461543,1062.241859,429.601997,2.52317,0.546772,0.356315,2.492554,0.55973,0.359689,2.553787
1645444429616.582,281365472646,1065.13916,432.61317,2.540787,0.548739,0.357595,2.504608,0.560781,0.363427,2.576965
1645444429627.585,281365483749,1070.706711,432.880694,2.533791,0.549306,0.360414,2.503632,0.566013,0.361053,2.56395
1645444429638.583,281365494852,1073.981037,429.451078,2.523163,0.549346,0.35482,2.488724,0.569384,0.360932,2.557602
1645444429650.586,281365505956,1065.539532,432.595879,2.519989,0.541356,0.357463,2.481232,0.568581,0.36353,2.558746
1645444429661.584,281365517059,1074.447842,431.358629,2.528297,0.54446,0.360837,2.486938,0.574757,0.358094,2.569656
1645444429671.583,281365528162,1111.847878,427.655089,2.529182,0.562843,0.364904,2.491074,0.595331,0.347854,2.567291
1645444429683.582,281365539265,1137.457695,424.638373,2.536285,0.580492,0.363283,2.502594,0.60436,0.344447,2.569977
1645444429694.582,281365550369,1143.586349,426.098657,2.528816,0.586397,0.367235,2.493469,0.604839,0.34293,2.564163
1645444429705.583,281365561472,1147.353916,430.811584,2.533974,0.588717,0.366142,2.497208,0.606443,0.351878,2.57074
1645444429716.582,281365572575,1147.894821,429.724199,2.52298,0.587252,0.367308,2.496338,0.608472,0.348899,2.549622
1645444429727.594,281365583678,1147.554932,432.853013,2.530296,0.586665,0.369472,2.511353,0.608705,0.35195,2.54924
1645444429738.5818,281365594782,1150.664062,432.158822,2.522858,0.590254,0.371594,2.497253,0.608354,0.34867,2.548462
1645444429750.583,281365605885,1156.232014,431.296277,2.526115,0.596382,0.368776,2.506912,0.608026,0.350052,2.545319
1645444429760.583,281365616988,1156.502323,431.625831,2.530647,0.594474,0.361777,2.499954,0.610216,0.3576,2.56134
1645444429771.5818,281365628091,1155.112553,438.879776,2.536972,0.591082,0.361936,2.508591,0.61216,0.36953,2.565353
1645444429783.5842,281365639194,1149.899769,438.942218,2.537933,0.585591,0.358322,2.493851,0.612221,0.373248,2.582016
1645444429794.583,281365650298,1152.648067,433.785743,2.522385,0.589002,0.354247,2.494827,0.611673,0.368729,2.549942
1645444429805.581,281365661401,1151.533813,424.906433,2.524712,0.592002,0.347324,2.505005,0.607513,0.360853,2.544418
1645444429816.5842,281365672504,1156.851997,423.60962,2.530136,0.596765,0.345177,2.515015,0.60829,0.360839,2.545258
1645444429827.5908,281365683608,1153.0616,426.369971,2.542747,0.592024,0.349971,2.523361,0.609081,0.360646,2.562134
1645444429838.583,281365694711,1147.076454,425.177175,2.545982,0.586866,0.355193,2.52063,0.608005,0.353436,2.571335
1645444429850.584,281365705814,1139.901237,423.601234,2.536743,0.582599,0.351623,2.505142,0.604798,0.354379,2.568344
1645444429861.582,281365716918,1142.868233,418.518609,2.521851,0.585698,0.346019,2.493027,0.60479,0.351512,2.550674
1645444429871.583,281365728021,1148.769264,421.455538,2.515923,0.590958,0.346633,2.493134,0.605676,0.355793,2.538712
1645444429883.582,281365739124,1150.77776,423.273236,2.516876,0.590504,0.349791,2.503067,0.608223,0.355665,2.530685
1645444429894.583,281365750227,1144.378052,431.103337,2.531364,0.58965,0.354786,2.505447,0.602411,0.363719,2.557281
1645444429905.583,281365761330,1140.878277,432.712662,2.539627,0.587976,0.364134,2.518295,0.600438,0.357054,2.560959
1645444429916.582,281365772434,1139.061127,432.314497,2.537819,0.586112,0.364373,2.512695,0.60041,0.356151,2.562943
1645444429927.583,281365783537,1139.263229,427.679032,2.534943,0.58641,0.362804,2.518143,0.600322,0.349995,2.551743
1645444429938.582,281365794640,1140.589199,426.669753,2.521194,0.585696,0.356963,2.491608,0.602417,0.354153,2.550781
1645444429950.582,281365805743,1142.308273,425.308371,2.514427,0.588176,0.364837,2.499893,0.601728,0.34401,2.528961
1645444429960.5898,281365816847,1146.035786,423.538578,2.508789,0.58966,0.358777,2.482529,0.604128,0.34712,2.535049
1645444429971.59,281365827950,1144.615917,426.152712,2.521194,0.588809,0.359403,2.503418,0.603499,0.350851,2.538971
1645444429983.619,281365839053,1144.294052,430.9843,2.526031,0.58932,0.360268,2.486862,0.602653,0.358039,2.565201
1645444429994.584,281365850156,1147.452335,435.989016,2.530373,0.589324,0.366693,2.500687,0.605939,0.359955,2.560059
1645444430005.626,281365861260,1176.618805,438.025475,2.531738,0.602793,0.367926,2.494354,0.622852,0.362117,2.569122
1645444430017.15,281365872363,1187.93129,439.306623,2.533844,0.611396,0.371496,2.51358,0.626032,0.360682,2.554108
1645444430027.996,281365883466,1198.923283,433.661145,2.526466,0.616186,0.367495,2.497635,0.632693,0.355274,2.555298
1645444430038.785,281365894569,1193.742657,433.682728,2.52623,0.61523,0.367913,2.5,0.628252,0.354892,2.55246
1645444430050.16,281365905672,1193.825226,433.450663,2.534348,0.614796,0.36084,2.498123,0.628772,0.361578,2.570572
1645444430061.186,281365916776,1186.368256,446.3871,2.553917,0.612592,0.371603,2.519577,0.623208,0.372376,2.588257
1645444430072.365,281365927879,1187.656631,445.141447,2.547462,0.613142,0.373745,2.510727,0.624001,0.368157,2.584198
1645444430083.3792,281365938982,1188.764648,442.198527,2.538956,0.613395,0.374319,2.50322,0.624902,0.362679,2.574692
1645444430094.353,281365950086,1192.634926,428.276879,2.523262,0.615092,0.359012,2.493439,0.627236,0.354783,2.553085
1645444430104.9868,281365961189,1190.886211,422.763473,2.523788,0.614174,0.348701,2.500351,0.626333,0.355904,2.547226
1645444430116.971,281365972292,1196.731567,426.691782,2.530357,0.6195,0.352185,2.509354,0.627095,0.358968,2.551361
1645444430127.971,281365983395,1196.863747,426.525825,2.530067,0.620014,0.356685,2.503677,0.626719,0.354191,2.556458
1645444430137.9768,281365994498,1199.038811,425.674546,2.530807,0.620147,0.360065,2.493225,0.628851,0.349392,2.56839
1645444430149.975,281366005601,1197.494373,421.533877,2.523026,0.618159,0.356165,2.483276,0.629231,0.346391,2.562775
1645444430160.975,281366016704,1198.353882,423.316956,2.52224,0.617512,0.35852,2.482162,0.630774,0.347008,2.562317
1645444430171.97,281366027808,1200.169086,422.835231,2.517189,0.620306,0.357578,2.478745,0.62987,0.347148,2.555634
1645444430182.975,281366038912,1201.021385,423.808354,2.518654,0.62022,0.351332,2.46843,0.630844,0.355015,2.568878
1645444430193.97,281366050015,1199.142265,425.541276,2.52623,0.622118,0.354735,2.483261,0.626989,0.3545,2.569199
1645444430204.974,281366061118,1195.971165,426.669037,2.531517,0.620334,0.354574,2.495575,0.625469,0.356541,2.567459
1645444430216.97,281366072221,1194.431019,423.159528,2.535645,0.617034,0.354705,2.503876,0.627165,0.35056,2.567413
1645444430227.978,281366083324,1196.222305,422.722381,2.524071,0.615834,0.355668,2.480026,0.63023,0.348869,2.568115
1645444430237.9749,281366094427,1198.975925,421.363199,2.51667,0.615415,0.358692,2.477753,0.633518,0.34358,2.555588
1645444430249.9731,281366105530,1192.977333,421.84546,2.516548,0.614738,0.364239,2.498322,0.627946,0.338837,2.534775
1645444430260.9702,281366116633,1192.519169,420.600611,2.527924,0.613745,0.361904,2.525589,0.628462,0.339097,2.530258
1645444430270.974,281366127738,1193.470058,415.14287,2.534424,0.613317,0.35796,2.531525,0.629881,0.333945,2.537323
1645444430283.419,281366138841,1221.410408,407.81427,2.545372,0.632032,0.351592,2.539749,0.640271,0.328098,2.550995
1645444430294.42,281366149944,1233.14352,401.238656,2.534119,0.638499,0.343973,2.516006,0.646025,0.324758,2.552231
1645444430304.424,281366161047,1262.198811,405.595511,2.535965,0.653482,0.343787,2.507629,0.661308,0.332206,2.564301
1645444430316.419,281366172150,1259.280109,411.497194,2.51976,0.650751,0.351245,2.488937,0.660999,0.334584,2.550583
1645444430327.421,281366183253,1260.728359,420.355725,2.524246,0.65105,0.363559,2.492096,0.662209,0.337034,2.556396
1645444430338.4211,281366194356,1262.545395,417.323452,2.519905,0.654419,0.362069,2.489532,0.660732,0.33347,2.550278
1645444430349.428,281366205459,1261.212215,422.639823,2.537743,0.65594,0.368884,2.512238,0.657823,0.335515,2.563248
1645444430360.423,281366216563,1264.353962,417.218757,2.537651,0.656462,0.357068,2.509399,0.660573,0.338297,2.565903
1645444430371.427,281366227667,1260.109863,422.574252,2.538216,0.652582,0.3634,2.507736,0.660032,0.340891,2.568695
1645444430383.42,281366238770,1262.045002,421.779281,2.53009,0.650491,0.357444,2.497253,0.664139,0.345521,2.562927
1645444430394.42,281366249873,1257.596741,426.487345,2.535797,0.648643,0.362887,2.503799,0.661353,0.347925,2.567795
1645444430405.421,281366260976,1260.372391,427.071065,2.532417,0.650032,0.361869,2.501266,0.662856,0.349916,2.563568
1645444430416.42,281366272079,1254.711113,427.841878,2.529442,0.647465,0.366153,2.497131,0.659526,0.346916,2.561752
1645444430427.42,281366283182,1256.679554,426.138604,2.520073,0.648876,0.365805,2.483978,0.660165,0.344426,2.556168
1645444430438.427,281366294285,1254.645939,427.078629,2.532196,0.649482,0.36588,2.498978,0.65744,0.345917,2.565414
1645444430449.423,281366305389,1251.040249,427.007031,2.530144,0.643942,0.363034,2.492477,0.659225,0.348645,2.56781
1645444430460.443,281366316492,1253.811378,427.673113,2.537254,0.646063,0.367203,2.500748,0.65999,0.345586,2.573761
1645444430471.4429,281366327595,1256.992378,421.437353,2.539612,0.646396,0.360984,2.510681,0.662971,0.341412,2.568542
1645444430484.987,281366338699,1261.376152,420.578277,2.556725,0.65396,0.363751,2.541992,0.659973,0.337213,2.571457
1645444430494.422,281366349802,1258.57481,424.663585,2.56147,0.653069,0.365537,2.546783,0.657946,0.342236,2.576157
1645444430504.441,281366360905,1256.306362,422.575504,2.558029,0.64839,0.370152,2.542709,0.660262,0.334141,2.573349
1645444430516.443,281366372008,1257.79335,427.106452,2.556862,0.648856,0.368934,2.536362,0.661345,0.34291,2.577362
1645444430527.4092,281366383111,1257.147846,426.169449,2.551964,0.650345,0.360976,2.532776,0.659184,0.349306,2.571152
1645444430538.776,281366394215,1258.522511,432.874668,2.559601,0.653603,0.364156,2.53862,0.657358,0.357301,2.580582
1645444430550.06,281366405318,1258.035221,430.039126,2.546974,0.650045,0.364282,2.518143,0.660408,0.35245,2.575806
1645444430561.124,281366416421,1255.429573,434.725767,2.545853,0.646621,0.369858,2.516495,0.661118,0.354685,2.575211
1645444430572.166,281366427524,1253.883018,436.568928,2.528725,0.646959,0.36928,2.495178,0.65917,0.358334,2.562271
1645444430583.163,281366438628,1255.229416,437.039763,2.520584,0.647284,0.3709,2.495941,0.660247,0.3575,2.545227
1645444430594.1638,281366449731,1256.084576,432.878244,2.514267,0.648218,0.371109,2.489212,0.660204,0.350354,2.539322
1645444430604.172,281366460834,1254.894791,434.328103,2.512993,0.647269,0.375204,2.490326,0.659913,0.348676,2.53566
1645444430615.828,281366471937,1260.964108,431.432104,2.528023,0.653331,0.364945,2.497574,0.660173,0.354109,2.558472
1645444430626.8289,281366483041,1262.035675,429.632306,2.524834,0.652941,0.364352,2.494644,0.66168,0.351702,2.555023
1645444430637.828,281366494144,1264.885654,422.692788,2.524368,0.655521,0.360624,2.497406,0.662068,0.343864,2.551331
1645444430649.8289,281366505247,1267.443924,421.69835,2.527779,0.660801,0.360958,2.511627,0.659453,0.341872,2.54393
1645444430660.84,281366516350,1279.388351,423.055959,2.536125,0.667263,0.360974,2.529678,0.665433,0.344119,2.542572
1645444430671.828,281366527453,1305.602131,426.466495,2.539085,0.678926,0.361535,2.532593,0.681076,0.349242,2.545578
1645444430682.827,281366538556,1318.998871,422.938818,2.535088,0.686518,0.3531,2.519089,0.687439,0.351798,2.551086
1645444430693.827,281366549660,1323.886356,417.687303,2.527962,0.68902,0.346191,2.496292,0.690028,0.349955,2.559631
1645444430704.8271,281366560763,1328.518696,416.517806,2.524269,0.691477,0.340192,2.487137,0.692396,0.354004,2.561401
1645444430715.8289,281366571867,1328.645439,413.603175,2.520897,0.688386,0.340981,2.490936,0.69562,0.348358,2.550858
1645444430726.846,281366582970,1331.022148,415.486461,2.524208,0.688274,0.345236,2.502182,0.698207,0.347242,2.546234
1645444430737.8818,281366594073,1331.152897,410.421145,2.51339,0.689085,0.346551,2.503464,0.697532,0.337484,2.523315
1645444430749.898,281366605176,1325.478516,419.231379,2.517471,0.686529,0.355125,2.49675,0.694178,0.343594,2.538193
1645444430760.904,281366616279,1323.225918,421.985936,2.509895,0.688451,0.355644,2.496231,0.689909,0.347666,2.52356
1645444430770.897,281366627382,1320.634632,425.538361,2.518333,0.687305,0.353486,2.491989,0.688356,0.355745,2.544678
1645444430782.896,281366638485,1325.419922,428.994852,2.525238,0.688661,0.361687,2.534195,0.691985,0.353305,2.516281
1645444430793.9,281366649589,1328.707752,432.496905,2.530724,0.687947,0.363938,2.536774,0.696123,0.356891,2.524673
1645444430804.899,281366660693,1329.250431,434.443206,2.519241,0.683782,0.365249,2.5345,0.700854,0.358823,2.503983
1645444430815.897,281366671796,1327.454567,425.370955,2.499969,0.681808,0.352842,2.492004,0.700957,0.35611,2.507935
1645444430826.897,281366682899,1326.241093,421.226567,2.501343,0.682369,0.355117,2.496948,0.699132,0.346927,2.505737
1645444430837.912,281366694002,1328.225098,415.499657,2.507065,0.685497,0.355928,2.503906,0.698071,0.336572,2.510223
1645444430849.9,281366705105,1333.692284,414.828604,2.509712,0.689541,0.358091,2.508255,0.699722,0.33329,2.511169
1645444430859.9,281366716208,1333.909206,412.329644,2.507561,0.691158,0.347872,2.487213,0.698331,0.339344,2.527908
1645444430871.1802,281366727311,1336.649952,409.824568,2.503387,0.693718,0.340279,2.479568,0.698625,0.342762,2.527206
1645444430883.188,281366738414,1331.958275,408.702993,2.496368,0.691142,0.341005,2.482819,0.696314,0.340167,2.509918
1645444430894.177,281366749519,1330.26392,410.354304,2.491013,0.687967,0.343299,2.50267,0.697725,0.340625,2.479355
1645444430904.177,281366760622,1325.926437,419.123143,2.497993,0.686351,0.352076,2.505295,0.694822,0.346463,2.490692
1645444430916.179,281366771725,1321.920719,424.733716,2.505424,0.685688,0.349098,2.500183,0.691313,0.358791,2.510666
1645444430927.177,281366782828,1323.668633,423.459041,2.498596,0.688437,0.347913,2.477478,0.690384,0.357852,2.519714
1645444430938.176,281366793931,1324.891033,418.670708,2.492226,0.689436,0.343661,2.46756,0.690659,0.354123,2.516891
1645444430949.179,281366805034,1329.183483,416.49726,2.485046,0.690072,0.349111,2.458313,0.694494,0.345051,2.51178
1645444430960.18,281366816137,1326.201611,415.882945,2.491776,0.686285,0.352952,2.477966,0.695175,0.340187,2.505585
1645444430971.177,281366827240,1325.856571,417.647803,2.491898,0.687522,0.354399,2.482422,0.693579,0.341681,2.501373
1645444430982.177,281366838344,1316.263962,419.758648,2.49337,0.681572,0.350526,2.47644,0.689536,0.349071,2.5103
1645444430993.18,281366849447,1312.00058,420.993108,2.494957,0.680231,0.351251,2.472061,0.686436,0.350405,2.517853
1645444431004.186,281366860551,1310.635986,416.066837,2.500244,0.676544,0.347475,2.468704,0.688702,0.345969,2.531784
1645444431016.185,281366871654,1321.091995,416.809613,2.50164,0.682252,0.347163,2.465683,0.693886,0.34752,2.537598
1645444431027.2,281366882757,1324.097099,418.603045,2.501183,0.686405,0.34989,2.463852,0.692863,0.347782,2.538513
1645444431038.175,281366893860,1317.034779,426.718819,2.500107,0.684467,0.354382,2.466644,0.687444,0.356816,2.533569
1645444431049.214,281366904963,1327.05265,426.537412,2.509254,0.691503,0.358015,2.487579,0.690843,0.35288,2.53093
1645444431060.4502,281366916066,1341.119785,423.540419,2.513046,0.69519,0.351675,2.49028,0.70181,0.354225,2.535812
1645444431072.58,281366927170,1369.021626,418.733329,2.517197,0.706309,0.347561,2.494064,0.719755,0.350328,2.540329
1645444431082.9,281366938273,1369.685841,419.091511,2.51722,0.706897,0.344695,2.488922,0.719859,0.35379,2.545517
1645444431094.1,281366949376,1369.499702,427.786803,2.515335,0.708909,0.352919,2.475876,0.717653,0.360059,2.554794
1645444431104.881,281366960480,1372.731857,433.057648,2.510048,0.709929,0.360072,2.481308,0.72,0.36169,2.538788
1645444431116.338,281366971584,1379.979916,439.979517,2.51207,0.714952,0.374657,2.498886,0.722527,0.358642,2.525253
1645444431127.234,281366982687,1376.525631,438.738012,2.513817,0.713617,0.374523,2.501785,0.720264,0.356707,2.525848
1645444431229.2622,281366993790,1382.101822,431.109881,2.510277,0.719009,0.368386,2.4944,0.72068,0.350131,2.526154
1645444431230.262,281367004893,1373.131943,434.397072,2.510841,0.71375,0.366369,2.483215,0.716596,0.357626,2.538467
1645444431231.262,281367015997,1373.688698,434.17241,2.517006,0.713666,0.36702,2.492035,0.71726,0.356601,2.541977
1645444431231.262,281367027100,1369.629135,441.001385,2.524651,0.709899,0.372447,2.493042,0.716798,0.362555,2.556259
1645444431232.2642,281367038203,1377.133541,432.651561,2.5242,0.714859,0.363475,2.497635,0.719655,0.357611,2.550766
1645444431233.262,281367049306,1380.619812,428.817755,2.511841,0.716486,0.359268,2.489136,0.72166,0.355428,2.534546
1645444431233.262,281367060410,1380.933266,429.408467,2.511864,0.719916,0.363046,2.488602,0.718556,0.352635,2.535126
1645444431234.262,281367071513,1375.675564,432.092267,2.512512,0.716488,0.368383,2.487396,0.716508,0.351771,2.537628
1645444431235.2632,281367082616,1376.735744,432.228738,2.509651,0.718843,0.362198,2.480759,0.715257,0.358184,2.538544
1645444431237.2588,281367093719,1375.340595,429.77736,2.500427,0.717076,0.362538,2.474075,0.715571,0.353758,2.526779
1645444431249.26,281367104823,1377.686348,424.034679,2.497871,0.720537,0.357674,2.481262,0.714553,0.34905,2.514481
1645444431260.261,281367115926,1376.329021,424.684668,2.505341,0.715788,0.364441,2.495789,0.717888,0.343366,2.514893
1645444431271.259,281367127029,1374.116993,419.986242,2.505539,0.714302,0.354582,2.496658,0.71707,0.345395,2.51442
1645444431282.26,281367138132,1369.593544,412.884772,2.503738,0.710866,0.347321,2.489853,0.715794,0.34082,2.517624
1645444431293.263,281367149235,1371.112633,410.722464,2.503029,0.712084,0.349772,2.487976,0.716159,0.334766,2.518082
1645444431304.26,281367160338,1368.018894,413.972551,2.502007,0.709681,0.353489,2.482941,0.715339,0.336465,2.521072
1645444431315.263,281367171442,1375.266953,425.276864,2.461365,0.71027,0.364887,2.437515,0.7223,0.343908,2.485214
1645444431326.261,281367182545,1216.62632,436.770648,2.497246,0.629962,0.368124,2.469421,0.637357,0.359827,2.52507
1645444431336.261,281367193649,918.094711,451.332074,2.594467,0.456554,0.389923,2.592651,0.499794,0.362297,2.596283
1645444431348.2612,281367204752,918.094711,451.332074,2.594467,0.456554,0.389923,2.592651,0.499794,0.362297,2.596283
1645444431359.26,281367215855,565.356445,462.853432,2.611443,0.277692,0.390539,2.497955,0.311221,0.380883,2.72493
1645444431370.259,281367226958,544.757423,465.663064,2.511787,0.274068,0.389948,2.457306,0.293388,0.386157,2.566269
1645444431382.261,281367238061,528.885927,459.474206,2.510551,0.267615,0.386131,2.469391,0.283308,0.379659,2.551712
1645444431393.26,281367249164,522.725859,462.435561,2.512062,0.266265,0.393369,2.477814,0.278241,0.377357,2.54631
1645444431404.26,281367260267,525.098104,465.10452,2.509026,0.269491,0.395686,2.47496,0.277486,0.379488,2.543091
1645444431415.26,281367271371,531.851292,471.479738,2.4981,0.277021,0.404876,2.465942,0.276991,0.380924,2.530258
1645444431426.26,281367282475,531.139755,466.359651,2.479195,0.275548,0.397512,2.436401,0.277722,0.379754,2.521988
1645444431437.262,281367293578,534.728479,466.802913,2.469109,0.276113,0.396171,2.413818,0.280895,0.381834,2.524399
1645444431448.259,281367304681,534.011507,461.71723,2.476921,0.275075,0.389297,2.430527,0.281187,0.380232,2.523315
1645444431459.718,281367315784,536.347017,457.649302,2.477318,0.277438,0.386887,2.44017,0.281257,0.375862,2.514465
1645444431470.721,281367326887,534.858685,456.757987,2.482239,0.278243,0.384592,2.446655,0.278902,0.376672,2.517822
1645444431481.718,281367337990,535.221691,458.861339,2.488686,0.278733,0.384291,2.444641,0.27879,0.380478,2.53273
1645444431493.719,281367349093,535.921326,459.315455,2.486595,0.279403,0.38524,2.431564,0.278848,0.380286,2.541626
1645444431504.719,281367360196,534.06292,459.595674,2.489677,0.280267,0.390818,2.436584,0.276049,0.375175,2.54277
1645444431515.736,281367371300,530.322704,458.29339,2.493347,0.279348,0.393607,2.448761,0.273072,0.370216,2.537933
1645444431526.727,281367382404,546.741457,472.558451,2.519737,0.288008,0.407527,2.489075,0.281514,0.38007,2.5504
1645444431537.727,281367393507,695.807247,458.356315,2.541901,0.344676,0.392179,2.503922,0.380124,0.371748,2.57988
1645444431548.72,281367404610,865.922413,453.528607,2.555389,0.440266,0.383826,2.481201,0.461737,0.372055,2.629578
1645444431560.738,281367415713,979.906197,439.927,2.525406,0.519184,0.366457,2.443634,0.501552,0.366755,2.607178
1645444431570.7332,281367426816,1190.320759,438.451731,2.572487,0.654684,0.379738,2.445099,0.585234,0.351014,2.699875
1645444431582.417,281367437919,1372.9002,458.56238,2.622299,0.717188,0.382336,2.516144,0.712917,0.381935,2.728455
1645444431593.898,281367449022,1412.580013,445.505172,2.56913,0.731596,0.380014,2.528198,0.739841,0.362494,2.610062
1645444431604.885,281367460126,1408.075562,440.869635,2.55056,0.733437,0.370835,2.536865,0.733309,0.363948,2.564255
1645444431615.883,281367471229,1410.39505,431.10593,2.5392,0.73182,0.363526,2.519485,0.737341,0.354984,2.558914
1645444431626.748,281367482333,1406.83754,429.986608,2.538292,0.730944,0.359686,2.522446,0.734511,0.356958,2.554138
1645444431637.602,281367493436,1416.555634,425.07332,2.524437,0.734669,0.35777,2.507217,0.740909,0.350685,2.541656
1645444431648.627,281367504539,1416.693592,421.756321,2.527161,0.738043,0.356411,2.517014,0.737679,0.346517,2.537308
1645444431660.0051,281367515642,1414.779053,422.685206,2.522858,0.738339,0.360935,2.509033,0.735389,0.34354,2.536682
1645444431671.0068,281367526745,1415.070419,425.066471,2.514679,0.740149,0.359804,2.500549,0.733882,0.34864,2.528809
1645444431681.9949,281367537848,1413.855572,429.596043,2.509895,0.737795,0.363738,2.488693,0.734971,0.352255,2.531097
1645444431693.002,281367548952,1422.488422,428.715026,2.502388,0.742397,0.360129,2.478424,0.739361,0.354396,2.526352
1645444431703.9968,281367560055,1415.940342,431.855375,2.509804,0.740453,0.370847,2.498032,0.734485,0.348912,2.521576
1645444431715.996,281367571158,1415.590725,434.721226,2.498993,0.739072,0.370032,2.480392,0.735501,0.354504,2.517593
1645444431726.0,281367582262,1412.544022,433.125365,2.492188,0.736562,0.366542,2.468643,0.734838,0.355334,2.515732
1645444431737.001,281367593365,1417.861748,433.531719,2.493698,0.736569,0.363456,2.466187,0.74037,0.359097,2.52121
1645444431748.996,281367604468,1411.671696,425.81023,2.486809,0.732365,0.363041,2.46492,0.738126,0.346643,2.508698
1645444431759.9968,281367615571,1397.962475,424.5745,2.484314,0.723534,0.365773,2.453964,0.732677,0.341851,2.514664
1645444431770.999,281367626674,1367.264271,415.911537,2.477036,0.705884,0.356541,2.438004,0.71835,0.336645,2.516068
1645444431781.995,281367637778,1320.064716,415.991592,2.463257,0.673633,0.356196,2.41452,0.701434,0.337123,2.511993
1645444431792.9968,281367648881,1245.845089,422.276992,2.476265,0.637709,0.363447,2.454544,0.660046,0.340348,2.497986
1645444431803.0022,281367659984,1142.897358,417.50713,2.507126,0.581042,0.365013,2.499985,0.609476,0.330832,2.514267
1645444431814.0,281367671087,1061.300125,448.055577,2.500687,0.527791,0.394959,2.555344,0.57773,0.3518,2.44603
1645444431825.9958,281367682190,612.157459,509.470743,2.576904,0.31291,0.465073,2.564178,0.324754,0.384045,2.58963
1645444431836.996,281367693294,625.001907,499.898297,2.475174,0.315961,0.427714,2.439865,0.335082,0.40545,2.510483
1645444431847.9978,281367704397,614.94833,486.7598,2.45623,0.31321,0.409107,2.432373,0.327361,0.402159,2.480087
1645444431859.998,281367715500,615.581388,481.167215,2.444168,0.314721,0.403944,2.409073,0.32651,0.398001,2.479263
1645444431870.997,281367726604,617.687759,481.239939,2.444603,0.317419,0.40119,2.407516,0.326006,0.400876,2.481689
1645444431881.9958,281367737707,617.306499,485.575676,2.445221,0.319896,0.407928,2.406265,0.323131,0.401365,2.484177
1645444431892.999,281367748810,595.184841,485.311013,2.444679,0.306625,0.398831,2.391708,0.313359,0.410021,2.49765
1645444431903.996,281367759913,528.028193,480.647779,2.441483,0.275212,0.395345,2.387405,0.274817,0.405735,2.49556
1645444431915.0032,281367771016,492.580175,480.571604,2.44558,0.251605,0.397091,2.392136,0.2615,0.403862,2.499023
1645444431925.999,281367782119,492.451587,476.717466,2.438515,0.249408,0.396361,2.395294,0.263563,0.398168,2.481735
1645444431936.999,281367793223,494.449854,485.793525,2.436081,0.253355,0.400677,2.393845,0.261697,0.408979,2.478317
1645444431947.998,281367804326,500.436602,485.796887,2.431419,0.258278,0.402538,2.383484,0.26301,0.407124,2.479355
1645444431959.9968,281367815430,498.844671,491.771078,2.447609,0.261832,0.40711,2.400757,0.257798,0.412508,2.494461
1645444431970.001,281367826533,501.927137,487.685466,2.427612,0.262028,0.411492,2.384583,0.260813,0.401318,2.470642
1645444431981.996,281367837636,492.923756,487.825227,2.426285,0.256968,0.408673,2.388504,0.256494,0.404369,2.464066
1645444431993.006,281367848739,494.663515,487.723196,2.417992,0.255415,0.408364,2.376953,0.259859,0.404508,2.45903
1645444432003.998,281367859842,489.641933,490.906942,2.422554,0.253811,0.408576,2.374756,0.256233,0.409603,2.470352
1645444432015.0,281367870945,488.020878,491.041285,2.421806,0.250644,0.404492,2.373596,0.257711,0.41391,2.470016
1645444432025.9968,281367882048,488.22155,483.987415,2.412262,0.249944,0.400325,2.369949,0.25862,0.406321,2.454575
1645444432037.01,281367893152,491.366358,477.093154,2.405739,0.250342,0.391537,2.37384,0.261497,0.403618,2.437637
1645444432048.01,281367904256,498.756437,476.289028,2.410408,0.25497,0.39394,2.37616,0.264568,0.399875,2.444656
1645444432059.011,281367915359,495.786581,482.998985,2.417992,0.252929,0.396263,2.367447,0.263516,0.408735,2.468536
1645444432070.0222,281367926462,492.881413,484.330022,2.414139,0.253926,0.403025,2.360916,0.259492,0.404192,2.467361
1645444432081.9932,281367937565,497.018051,484.485519,2.40699,0.255931,0.402489,2.360077,0.261796,0.404987,2.453903
1645444432092.994,281367948668,495.829582,483.695644,2.394287,0.257457,0.409998,2.366516,0.259032,0.396161,2.422058
1645444432103.996,281367959771,495.744095,483.106345,2.385483,0.255717,0.409508,2.348953,0.260683,0.395669,2.422012
1645444432115.197,281367970874,489.970779,485.508871,2.383133,0.252095,0.414038,2.344589,0.258292,0.395143,2.421677
1645444432126.3462,281367981977,486.064582,478.630811,2.38298,0.249453,0.40579,2.34581,0.256865,0.391928,2.420151
1645444432137.267,281367993081,481.739917,476.751691,2.384018,0.24534,0.405829,2.36731,0.256472,0.388757,2.400726
1645444432148.276,281368004185,469.925423,469.523156,2.381821,0.239787,0.39588,2.371277,0.249719,0.386659,2.392365
1645444432159.2742,281368015288,470.378966,471.049637,2.378128,0.240502,0.388585,2.35144,0.249477,0.396498,2.404816
1645444432170.354,281368026391,469.306927,464.575034,2.37719,0.242877,0.378071,2.35257,0.245985,0.396221,2.40181
1645444432181.355,281368037494,471.049776,464.251989,2.379189,0.243544,0.374661,2.344009,0.247133,0.399092,2.414368
1645444432193.3489,281368048597,473.138337,469.273871,2.391487,0.244292,0.381458,2.361679,0.24856,0.400666,2.421295
1645444432203.354,281368059700,466.128416,473.026371,2.386009,0.240463,0.385776,2.354477,0.245087,0.402601,2.417542
1645444432215.354,281368070803,470.575118,475.940055,2.382217,0.245126,0.395667,2.353088,0.245057,0.397566,2.411346
1645444432226.348,281368081907,469.231267,471.310097,2.373726,0.244331,0.396188,2.355408,0.244451,0.389328,2.392044
1645444432236.347,281368093010,472.032881,472.532862,2.382896,0.246004,0.394873,2.359955,0.245697,0.392682,2.405838
1645444432248.354,281368104114,469.2347,469.177222,2.376671,0.243143,0.392383,2.354004,0.245643,0.389579,2.399338
1645444432259.352,281368115217,465.613317,469.494063,2.374146,0.239751,0.390298,2.339157,0.245263,0.392192,2.409134
1645444432270.35,281368126320,470.477128,469.040948,2.365044,0.242633,0.392839,2.327011,0.247448,0.388896,2.403076
1645444432281.669,281368137423,465.86679,475.258255,2.370697,0.237541,0.40028,2.33168,0.247737,0.391817,2.409714
1645444432292.671,281368148526,470.862179,475.734329,2.367989,0.239303,0.405498,2.34967,0.251179,0.387393,2.386307
1645444432303.664,281368159629,468.977809,480.779707,2.376251,0.239637,0.414791,2.361969,0.248882,0.386508,2.390533
1645444432314.6711,281368170733,471.252694,475.875914,2.37632,0.242841,0.410943,2.36702,0.248047,0.382183,2.38562
1645444432326.666,281368181836,470.095239,472.699589,2.379692,0.242721,0.405891,2.349213,0.246961,0.381941,2.410172
1645444432336.667,281368192939,469.925723,471.777481,2.376358,0.24245,0.40322,2.349869,0.247056,0.383076,2.402847
1645444432348.67,281368204043,472.389078,475.938427,2.381729,0.243225,0.405773,2.359573,0.248847,0.387457,2.403885
1645444432359.666,281368215146,475.470243,485.264128,2.395981,0.246774,0.414915,2.384964,0.248507,0.393858,2.406998
1645444432369.664,281368226249,470.541687,485.607201,2.399162,0.242443,0.412642,2.383575,0.247704,0.396704,2.414749
1645444432381.666,281368237352,470.863395,483.921093,2.395454,0.245556,0.411027,2.372833,0.244927,0.395508,2.418076
1645444432392.6711,281368248455,462.666621,487.384307,2.392776,0.241559,0.407386,2.353516,0.240386,0.404921,2.432037
1645444432403.6702,281368259559,472.186475,484.217173,2.388786,0.243693,0.405817,2.340424,0.248167,0.401212,2.437149
1645444432414.669,281368270662,470.88491,482.807475,2.391571,0.239584,0.405456,2.346344,0.250922,0.399224,2.436798
1645444432425.67,281368281765,474.789004,475.155598,2.391365,0.240271,0.403631,2.357056,0.254301,0.388295,2.425674
1645444432436.6692,281368292868,465.633702,473.049366,2.389183,0.234557,0.403846,2.354431,0.250478,0.384569,2.423935
1645444432447.666,281368303971,462.082944,477.559268,2.384209,0.233918,0.408993,2.340942,0.247418,0.386939,2.427475
1645444432458.876,281368315075,464.715128,483.349639,2.37764,0.234991,0.408579,2.326248,0.249087,0.397004,2.429031
1645444432469.872,281368326178,472.667599,492.754894,2.380203,0.239437,0.410765,2.338577,0.252925,0.410494,2.421829
1645444432481.87,281368337281,500.467587,492.733616,2.377045,0.252776,0.40745,2.346542,0.268544,0.413773,2.407547
1645444432492.871,281368348385,511.640568,489.666653,2.382278,0.260973,0.411382,2.35968,0.271986,0.404729,2.404877
1645444432502.879,281368359488,546.87767,478.26122,2.372795,0.281393,0.40848,2.359543,0.288271,0.388622,2.386047
1645444432514.875,281368370591,544.001455,467.937112,2.36879,0.280898,0.395818,2.34581,0.28577,0.384077,2.391769
1645444432525.873,281368381694,540.891409,461.09798,2.35009,0.27724,0.389335,2.321671,0.286189,0.379162,2.37851
1645444432536.877,281368392797,540.048752,455.585057,2.351997,0.277285,0.379945,2.300186,0.285266,0.379363,2.403809
1645444432547.925,281368403900,540.918674,459.528261,2.354919,0.27828,0.392993,2.313751,0.285177,0.372887,2.396088
1645444432558.89,281368415004,543.466873,457.526815,2.36274,0.279357,0.391062,2.320572,0.286754,0.371483,2.404907
1645444432569.8909,281368426107,540.346041,459.752673,2.372231,0.280692,0.394631,2.343216,0.282169,0.371624,2.401245
1645444432581.533,281368437211,537.314215,459.754318,2.373718,0.280593,0.389216,2.342331,0.279109,0.377041,2.405106
1645444432592.627,281368448314,537.687292,461.223489,2.383469,0.283587,0.38955,2.357758,0.276503,0.379156,2.40918
1645444432603.294,281368459417,537.624722,457.373947,2.377472,0.282682,0.387346,2.356537,0.277344,0.374944,2.398407
1645444432615.44,281368470520,541.21582,453.070575,2.383789,0.28409,0.381322,2.360092,0.279677,0.373795,2.407486
1645444432625.901,281368481623,540.518103,452.565783,2.381767,0.28288,0.384826,2.357147,0.28016,0.36945,2.406387
1645444432636.8188,281368492726,541.5804,454.617888,2.389122,0.282145,0.382602,2.350418,0.282001,0.375094,2.427826
1645444432648.335,281368503829,538.096733,454.326975,2.39399,0.282095,0.385313,2.352173,0.278422,0.371899,2.435806
1645444432659.335,281368514932,540.181818,459.322554,2.38752,0.282394,0.391576,2.346146,0.280295,0.373962,2.428894
1645444432670.329,281368526037,538.420172,467.246729,2.380783,0.27618,0.399381,2.345474,0.284674,0.379364,2.416092
1645444432681.3308,281368537140,540.995293,473.140848,2.369858,0.275484,0.404631,2.330917,0.288053,0.383937,2.408798
1645444432692.332,281368548243,539.716387,465.807384,2.363838,0.27493,0.395169,2.322632,0.287274,0.381176,2.405045
1645444432703.344,281368559346,535.365314,457.218951,2.367004,0.28177,0.393047,2.3396,0.275902,0.368984,2.394409
1645444432714.33,281368570449,534.350109,454.632944,2.379417,0.281814,0.386782,2.351593,0.274801,0.370939,2.407242
1645444432725.3562,281368581552,536.216211,458.069927,2.389717,0.282783,0.385178,2.360016,0.275776,0.378272,2.419418
1645444432736.33,281368592655,567.465849,463.433987,2.396156,0.291189,0.385372,2.351013,0.299922,0.387018,2.441299
1645444432748.341,281368603758,590.024328,462.738222,2.383118,0.304873,0.38495,2.349045,0.309735,0.38628,2.417191
1645444432759.026,281368614862,603.374519,462.818277,2.395279,0.313696,0.387994,2.373642,0.314819,0.38337,2.416916
1645444432770.025,281368625966,607.789021,461.023021,2.399887,0.31791,0.385101,2.374847,0.315203,0.383271,2.424927
1645444432781.028,281368637069,606.918726,462.775755,2.403946,0.318799,0.390331,2.380966,0.313408,0.380962,2.426926
1645444432792.037,281368648172,604.161501,470.663148,2.407845,0.318389,0.39922,2.373413,0.310946,0.385218,2.442276
1645444432803.025,281368659275,606.695566,462.206966,2.401596,0.318409,0.396055,2.374069,0.313566,0.37429,2.429123
1645444432815.041,281368670378,604.695854,457.980341,2.399475,0.317617,0.391972,2.371384,0.312274,0.371329,2.427567
1645444432826.026,281368681481,607.958221,447.310245,2.382492,0.316834,0.37984,2.365967,0.316456,0.365677,2.399017
1645444432836.025,281368692584,608.572683,450.122166,2.37587,0.315579,0.381289,2.358795,0.318351,0.368914,2.392944
1645444432848.026,281368703688,613.436937,446.809745,2.37883,0.314508,0.377606,2.355988,0.324489,0.367077,2.401672
1645444432859.028,281368714791,615.40884,450.609559,2.38208,0.315565,0.380896,2.360565,0.325486,0.37012,2.403595
1645444432870.025,281368725895,611.093502,453.865653,2.388107,0.315819,0.384106,2.367126,0.320737,0.372336,2.409088
1645444432881.0251,281368736998,609.27618,458.555728,2.385559,0.316639,0.387016,2.371735,0.318023,0.377244,2.399384
1645444432892.025,281368748101,607.635555,455.396962,2.383896,0.315328,0.38424,2.362595,0.317626,0.374755,2.405197
1645444432904.0251,281368759204,607.673721,455.451035,2.382393,0.31625,0.38576,2.370087,0.316743,0.373325,2.394699
1645444432914.4648,281368770307,601.111479,451.95719,2.381821,0.315659,0.379106,2.370331,0.310499,0.374155,2.393311
1645444432925.026,281368781410,597.620573,460.375017,2.394737,0.314537,0.389701,2.380447,0.307984,0.377591,2.409027
1645444432936.025,281368792514,601.44187,462.46385,2.398827,0.316075,0.386709,2.373611,0.310427,0.384064,2.424042
1645444432948.024,281368803617,602.509232,463.748628,2.397156,0.315785,0.389142,2.377701,0.311829,0.383772,2.416611
1645444432959.026,281368814720,604.942617,471.150219,2.413391,0.319159,0.392967,2.40155,0.310989,0.392283,2.425232
1645444432969.038,281368825823,629.051514,462.825751,2.415955,0.324659,0.380873,2.402573,0.330603,0.390503,2.429337
1645444432981.026,281368836927,653.649387,463.972789,2.440468,0.336664,0.385167,2.407867,0.344221,0.388121,2.473068
1645444432992.029,281368848030,666.773272,456.377023,2.434204,0.342685,0.377588,2.400589,0.351871,0.383041,2.467819
1645444433003.0251,281368859133,672.513742,463.078773,2.443542,0.350313,0.390081,2.40889,0.350222,0.381717,2.478195
1645444433014.028,281368870236,668.056841,462.136316,2.421532,0.350374,0.389438,2.38916,0.345519,0.380789,2.453903
1645444433025.026,281368881340,668.086452,458.479267,2.408958,0.350337,0.384813,2.368622,0.345587,0.379319,2.449295
1645444433036.0269,281368892443,671.565056,460.531372,2.407578,0.348654,0.382382,2.360291,0.350893,0.38517,2.454865
1645444433048.028,281368903546,672.011318,464.118665,2.418861,0.346056,0.386344,2.367813,0.353956,0.387187,2.46991
1645444433059.0251,281368914649,669.780064,456.849146,2.416992,0.344432,0.373393,2.358292,0.353255,0.388022,2.475693
1645444433070.025,281368925752,669.352484,455.082178,2.419556,0.348711,0.375308,2.373459,0.348531,0.383163,2.465652
1645444433081.024,281368936856,669.235382,455.793822,2.422775,0.350685,0.375995,2.380249,0.346435,0.383661,2.465302
1645444433092.026,281368947959,675.406637,459.992409,2.432884,0.35513,0.384472,2.405029,0.348418,0.382182,2.460739
1645444433103.026,281368959062,667.687311,455.933976,2.438232,0.350814,0.38153,2.397995,0.344694,0.37836,2.47847
1645444433114.033,281368970166,663.986979,450.633985,2.429138,0.345299,0.37581,2.398529,0.346355,0.375247,2.459747
1645444433125.0378,281368981269,658.214092,451.706153,2.42836,0.342251,0.375309,2.384476,0.343389,0.377534,2.472244
1645444433136.075,281368992372,662.716455,453.848326,2.434113,0.344724,0.375109,2.400864,0.345606,0.381304,2.467361
1645444433245.92,281369003475,667.373743,450.555843,2.446121,0.349128,0.370888,2.403503,0.346053,0.380038,2.488739
1645444433246.9229,281369014578,667.927437,449.759585,2.444786,0.347531,0.375512,2.418579,0.348227,0.374087,2.470993
1645444433247.92,281369025681,671.037397,453.246278,2.442528,0.348902,0.371656,2.396439,0.350095,0.383754,2.488617
1645444433251.923,281369036785,669.745102,453.026444,2.434669,0.351025,0.371687,2.397598,0.346626,0.383357,2.471741
1645444433251.923,281369047888,673.399773,457.850468,2.431091,0.353243,0.372058,2.389511,0.348215,0.391026,2.472672
1645444433252.924,281369058992,669.534388,451.966113,2.432449,0.351128,0.368673,2.396927,0.346304,0.384604,2.467972
1645444433253.9238,281369070095,672.222977,455.978537,2.438118,0.348608,0.372966,2.391068,0.351625,0.386999,2.485168
1645444433254.923,281369081198,669.504118,453.610808,2.451996,0.348764,0.369564,2.402481,0.348636,0.386454,2.501511
1645444433254.923,281369092301,674.278564,458.505177,2.456825,0.352931,0.379151,2.416916,0.349443,0.385024,2.496735
1645444433255.924,281369103404,671.192722,458.233541,2.454605,0.352099,0.377387,2.420044,0.34706,0.386336,2.489166
1645444433258.921,281369114507,669.896622,460.804403,2.446327,0.349993,0.381676,2.411179,0.347816,0.386331,2.481476
1645444433269.919,281369125610,669.727821,454.602188,2.44767,0.344958,0.372241,2.397873,0.352675,0.38543,2.497467
1645444433280.918,281369136713,670.455694,454.575384,2.453888,0.346671,0.371865,2.399445,0.35172,0.385761,2.508331
1645444433291.919,281369147818,673.414392,451.368892,2.455956,0.346973,0.368219,2.393082,0.3545,0.384063,2.518829
1645444433302.9202,281369158921,666.312304,452.38232,2.446419,0.345151,0.377521,2.391922,0.348925,0.37645,2.500916
1645444433313.92,281369170024,668.952227,454.740787,2.453239,0.343033,0.383082,2.401184,0.353792,0.374819,2.505295
1645444433325.917,281369181127,669.595928,453.206617,2.453278,0.343778,0.382478,2.411133,0.353717,0.372866,2.495422
1645444433335.9202,281369192230,710.135994,447.742671,2.458206,0.358897,0.379893,2.419525,0.380828,0.366344,2.496887
1645444433347.918,281369203333,739.120016,443.790632,2.461075,0.379213,0.373094,2.40799,0.390703,0.366557,2.51416
1645444433358.918,281369214436,754.689245,448.366159,2.468559,0.388358,0.377076,2.417007,0.397777,0.370201,2.520111
1645444433368.919,281369225539,767.550802,453.678828,2.468376,0.398944,0.373675,2.410278,0.400588,0.382456,2.526474
1645444433380.919,281369236643,765.364351,455.706757,2.445923,0.400753,0.374356,2.400864,0.396502,0.385156,2.490982
1645444433391.9202,281369247747,768.678532,448.949021,2.432091,0.402002,0.367616,2.375671,0.398705,0.380633,2.48851
1645444433402.921,281369258850,768.696499,448.358274,2.430946,0.402006,0.363673,2.379547,0.39872,0.38359,2.482346
1645444433413.935,281369269953,771.931572,452.49483,2.444855,0.401911,0.366111,2.378983,0.402184,0.388047,2.510727
1645444433424.9202,281369281056,769.442511,454.801959,2.453133,0.399511,0.370377,2.408249,0.401992,0.387627,2.498016
1645444433435.92,281369292159,767.180758,458.55251,2.449112,0.398594,0.378065,2.410431,0.400552,0.386189,2.487793
1645444433446.92,281369303262,768.548012,455.043072,2.453011,0.397387,0.372826,2.410324,0.403184,0.38558,2.495697
1645444433458.1658,281369314365,767.122478,455.435926,2.446342,0.400345,0.372263,2.385925,0.398741,0.386797,2.50676
1645444433469.165,281369325469,760.946245,449.557757,2.451241,0.393532,0.364919,2.382462,0.39912,0.384344,2.52002
1645444433481.163,281369336572,755.650806,448.279881,2.449577,0.386892,0.371689,2.384079,0.400245,0.375445,2.515076
1645444433492.1638,281369347675,759.907923,442.369777,2.452126,0.387771,0.369039,2.389771,0.4038,0.368244,2.514481
1645444433503.166,281369358779,762.33942,443.154126,2.448547,0.3928,0.378239,2.392654,0.401304,0.360351,2.50444
1645444433514.167,281369369882,766.699648,447.324193,2.447166,0.399888,0.381583,2.390945,0.398757,0.363957,2.503387
1645444433525.166,281369380985,765.996351,453.748673,2.448479,0.398874,0.387264,2.398544,0.399039,0.368984,2.498413
1645444433536.1682,281369392088,766.056862,460.744375,2.453812,0.396963,0.386305,2.403809,0.401013,0.381603,2.503815
1645444433547.165,281369403191,764.819698,457.223636,2.441833,0.39729,0.379775,2.399429,0.399397,0.382265,2.484238
1645444433558.168,281369414295,759.96417,459.701729,2.445587,0.397963,0.373294,2.384247,0.393667,0.392875,2.506927
1645444433569.163,281369425398,759.306049,460.022467,2.442551,0.398278,0.373755,2.37294,0.392666,0.392949,2.512161
1645444433581.165,281369436501,760.639372,463.660669,2.449387,0.395284,0.377165,2.369141,0.397049,0.395603,2.529633
1645444433592.163,281369447604,765.457191,465.148222,2.44207,0.393901,0.385109,2.376434,0.40345,0.390138,2.507706
1645444433603.1648,281369458708,768.21084,464.136869,2.443733,0.396069,0.383206,2.381607,0.404151,0.390355,2.505859
1645444433614.495,281369469811,764.285431,461.256891,2.434998,0.396573,0.385946,2.377609,0.399557,0.382816,2.492386
1645444433625.4932,281369480914,762.125416,454.245973,2.435806,0.395077,0.378791,2.375046,0.398804,0.378285,2.496567
1645444433636.493,281369492017,762.614422,457.68925,2.440353,0.393793,0.383168,2.387527,0.400597,0.379648,2.493179
1645444433647.501,281369503121,781.851511,459.986901,2.465614,0.400885,0.377252,2.396713,0.413543,0.389393,2.534515
1645444433658.49,281369514224,795.674486,461.398798,2.468552,0.409672,0.378802,2.399445,0.419155,0.390196,2.537659
1645444433669.49,281369525327,825.631056,458.401179,2.473824,0.421224,0.368919,2.37915,0.438808,0.395083,2.568497
1645444433680.9,281369536430,831.190453,456.886321,2.463196,0.424683,0.369067,2.381378,0.441141,0.39241,2.545013
1645444433692.028,281369547533,832.977705,461.044031,2.468063,0.426645,0.369758,2.385269,0.44104,0.398648,2.550858
1645444433702.858,281369558637,840.123224,469.350207,2.460144,0.432923,0.383485,2.395813,0.442205,0.398765,2.524475
1645444433714.06,281369569740,834.726706,470.737177,2.467117,0.433629,0.38177,2.40744,0.435878,0.402792,2.526794
1645444433725.209,281369580843,835.444164,467.002201,2.456512,0.433264,0.383193,2.397766,0.43699,0.395144,2.515259
1645444433736.338,281369591947,837.637854,461.892146,2.471184,0.434497,0.376237,2.412415,0.438043,0.393583,2.529953
1645444433747.612,281369603050,848.860474,462.189871,2.480034,0.437257,0.371639,2.395126,0.446973,0.398678,2.564941
1645444433758.646,281369614153,852.152681,456.309003,2.485703,0.438292,0.361271,2.408279,0.449367,0.399244,2.563126
1645444433769.646,281369625256,851.795254,458.987528,2.477257,0.439262,0.365424,2.393112,0.448025,0.399556,2.561401
1645444433780.646,281369636359,840.955725,454.834753,2.463425,0.439405,0.367313,2.41301,0.436591,0.390745,2.51384
1645444433791.647,281369647462,836.244707,462.979835,2.467461,0.438126,0.372839,2.4039,0.432963,0.398794,2.531021
1645444433802.642,281369658565,833.170538,455.996883,2.453857,0.435106,0.368857,2.40213,0.43278,0.391137,2.505585
1645444433813.641,281369669669,838.225336,456.464034,2.465721,0.432306,0.366702,2.388672,0.440845,0.394071,2.54277
1645444433824.646,281369680773,840.045776,452.230239,2.461899,0.433373,0.363612,2.392899,0.441675,0.390105,2.530899
1645444433835.6409,281369691876,845.360041,455.852652,2.474533,0.435915,0.364159,2.40033,0.444669,0.395595,2.548737
1645444433847.6428,281369702979,846.192141,456.290048,2.475487,0.43873,0.363599,2.405792,0.44272,0.396885,2.545181
1645444433858.642,281369714082,839.664831,458.284217,2.486214,0.437512,0.366336,2.414093,0.437139,0.397472,2.558334
1645444433868.6409,281369725185,832.732487,457.306713,2.491508,0.430815,0.360011,2.407623,0.436614,0.402167,2.575394
1645444433880.646,281369736288,821.645737,450.099295,2.456337,0.429196,0.358018,2.398254,0.426685,0.392147,2.51442
1645444433891.646,281369747391,825.179729,443.825036,2.44957,0.427481,0.351092,2.388947,0.432081,0.388616,2.510193
1645444433902.648,281369758494,826.448479,440.806818,2.46331,0.429523,0.350966,2.409897,0.431361,0.383712,2.516724
1645444433913.644,281369769599,810.27051,472.929597,2.42379,0.428829,0.367175,2.414459,0.415202,0.421041,2.433121
1645444433923.64,281369780702,802.372627,489.130032,2.378693,0.427243,0.379203,2.39592,0.408562,0.436013,2.361465
1645444433934.64,281369791805,655.422049,586.703253,2.066788,0.413655,0.400174,2.383774,0.269076,0.577664,1.749802
1645444433945.642,281369802908,,,,,,,,,
1645444433956.646,281369814011,,,,,,,,,
1645444433967.647,281369825114,,,,,,,,,
1645444433978.646,281369836217,,,,,,,,,
1645444433990.64,281369847320,,,,,,,,,
1645444434000.643,281369858424,,,,,,,,,
1645444434012.64,281369869528,,,,,,,,,
1645444434023.647,281369880631,,,,,,,,,
1645444434034.648,281369891734,,,,,,,,,
1645444434046.64,281369902837,,,,0.348369,0.474486,1.996475,,,
1645444434056.641,281369913940,,,,0.348369,0.474486,1.996475,,,
1645444434069.64,281369925043,849.505148,502.854645,2.375351,0.425707,0.397678,2.29039,0.459194,0.440413,2.460312
1645444434080.639,281369936146,872.966137,470.128924,2.468849,0.456614,0.365154,2.440353,0.452726,0.418394,2.497345
1645444434091.644,281369947250,874.535007,461.298555,2.499634,0.457634,0.359421,2.463577,0.45334,0.40941,2.53569
1645444434102.64,281369958353,876.959381,449.541968,2.52137,0.45745,0.364584,2.469025,0.456049,0.384652,2.573715
1645444434113.64,281369969456,877.320528,442.174959,2.520264,0.452454,0.353945,2.45816,0.461422,0.383013,2.582367
1645444434124.307,281369980560,875.051279,442.832029,2.52211,0.452038,0.357318,2.454453,0.459474,0.380735,2.589767
1645444434135.3208,281369991663,873.105927,439.533663,2.509178,0.452527,0.355208,2.445724,0.456958,0.377348,2.572632
1645444434147.322,281370002766,870.548859,443.728369,2.506653,0.45146,0.361606,2.443909,0.455362,0.377941,2.569397
1645444434158.32,281370013869,873.929501,445.135885,2.506546,0.452693,0.358858,2.443558,0.45765,0.383035,2.569534
1645444434169.32,281370024972,876.445599,443.863463,2.515045,0.452899,0.356832,2.447189,0.460065,0.38294,2.582901
1645444434180.339,281370036076,880.756245,447.187471,2.524109,0.454033,0.353948,2.439484,0.463421,0.391365,2.608734
1645444434191.338,281370047179,881.211205,446.374494,2.517876,0.454411,0.351302,2.426605,0.463518,0.392656,2.609146
1645444434202.415,281370058282,880.79999,455.317247,2.517693,0.453659,0.357074,2.417618,0.463841,0.401788,2.617767
1645444434213.4248,281370069385,878.017159,451.900059,2.517525,0.451885,0.354851,2.421051,0.462717,0.398316,2.613998
1645444434225.323,281370080489,878.032093,449.115855,2.52581,0.45246,0.354384,2.434875,0.462156,0.394143,2.616745
1645444434235.816,281370091592,881.36035,448.508996,2.533287,0.455393,0.352254,2.456512,0.462691,0.395261,2.610062
1645444434247.234,281370102695,886.361017,450.699484,2.541733,0.458162,0.34862,2.459,0.465131,0.402546,2.624466
1645444434258.2668,281370113798,897.066221,455.662698,2.54026,0.462672,0.351326,2.462585,0.471772,0.408112,2.617935
1645444434269.28,281370124902,930.139446,451.934212,2.535622,0.476617,0.34875,2.448761,0.492279,0.404474,2.622482
1645444434281.169,281370136005,940.683289,450.971514,2.524101,0.484864,0.349144,2.441498,0.495014,0.402475,2.606705
1645444434291.3188,281370147108,941.63063,451.348901,2.514709,0.486292,0.35067,2.426849,0.494573,0.401578,2.60257
1645444434302.314,281370158211,937.748079,454.541284,2.511726,0.484054,0.352033,2.427216,0.492767,0.405535,2.596237
1645444434314.314,281370169314,939.751425,459.233129,2.530983,0.484391,0.356451,2.439056,0.494517,0.408938,2.62291
1645444434324.675,281370180417,945.779886,455.830193,2.518738,0.484314,0.353751,2.433136,0.500873,0.405966,2.60434
1645444434335.351,281370191521,949.998407,460.432541,2.503868,0.487531,0.357257,2.426285,0.502051,0.41013,2.581451
1645444434347.318,281370202624,957.397327,459.613019,2.48423,0.492543,0.35806,2.423141,0.504746,0.407961,2.545319
1645444434358.317,281370213728,952.590208,467.613745,2.499886,0.493107,0.364409,2.431244,0.499175,0.414948,2.568527
1645444434369.315,281370224831,948.60878,469.230777,2.489967,0.491087,0.36271,2.419968,0.497047,0.419341,2.559967
1645444434380.316,281370235934,940.957947,465.454119,2.482063,0.487799,0.367789,2.418915,0.492365,0.407968,2.545212
1645444434391.316,281370247037,942.366257,460.493624,2.470894,0.48589,0.368267,2.424652,0.495741,0.399223,2.517136
1645444434402.3162,281370258140,941.245365,458.403701,2.465782,0.486995,0.371937,2.426437,0.493469,0.392069,2.505127
1645444434413.318,281370269243,946.90856,452.198857,2.462074,0.488284,0.362575,2.414307,0.498079,0.39109,2.509842
1645444434424.316,281370280346,950.766821,449.234444,2.441902,0.489279,0.359805,2.399124,0.501104,0.388919,2.48468
1645444434435.315,281370291450,949.037876,445.445895,2.41967,0.488639,0.355021,2.37175,0.499942,0.387389,2.46759
1645444434447.325,281370302554,943.437738,453.806359,2.400383,0.488506,0.365707,2.353287,0.494242,0.390637,2.447479
1645444434457.614,281370313657,948.854771,456.675535,2.399643,0.489759,0.371819,2.357864,0.498631,0.389306,2.441422
1645444434468.6128,281370324760,952.142401,467.939812,2.387436,0.489687,0.385556,2.352112,0.502128,0.394344,2.42276
1645444434479.615,281370335863,973.580761,470.526928,2.394707,0.501181,0.393109,2.372879,0.512966,0.391103,2.416534
1645444434491.615,281370346966,986.851044,469.923592,2.3769,0.506928,0.397534,2.370087,0.521042,0.385672,2.383713
1645444434501.614,281370358069,1006.91494,454.670459,2.365334,0.515706,0.383442,2.351349,0.533163,0.374343,2.379318
1645444434513.613,281370369172,1001.93819,454.275495,2.348709,0.510699,0.377298,2.307816,0.532987,0.379828,2.389603
1645444434524.615,281370380275,999.417744,454.3764,2.35981,0.509389,0.369218,2.31221,0.531672,0.388076,2.40741
1645444434535.616,281370391380,998.556633,462.997502,2.359726,0.511004,0.371693,2.316757,0.52916,0.399969,2.402695
1645444434546.614,281370402483,999.630718,460.076326,2.36277,0.514248,0.368777,2.326294,0.527034,0.398017,2.399246
1645444434557.6128,281370413586,1001.975155,458.34294,2.352531,0.515539,0.366709,2.303802,0.528185,0.397196,2.40126
1645444434568.721,281370424689,1007.608967,450.858289,2.358147,0.517334,0.359868,2.311234,0.532258,0.391562,2.40506
1645444434579.72,281370435792,1006.827965,449.065572,2.362488,0.516475,0.357853,2.327148,0.532304,0.39059,2.397827
1645444434591.1008,281370446895,1002.764225,457.945544,2.384865,0.515964,0.371545,2.347824,0.528582,0.391698,2.421906
1645444434602.101,281370457998,1001.238441,452.977771,2.368477,0.51308,0.373764,2.333389,0.529877,0.381199,2.403564
1645444434612.942,281370469101,1000.069141,455.261832,2.363136,0.510425,0.37375,2.317551,0.531314,0.385019,2.408722
1645444434623.956,281370480205,1001.67841,455.349576,2.344421,0.509909,0.374534,2.301285,0.533506,0.384382,2.387558
1645444434634.9548,281370491308,1002.291126,460.129416,2.339012,0.513108,0.373215,2.290558,0.530946,0.393668,2.387466
1645444434646.958,281370502412,1000.849857,457.600272,2.338242,0.512177,0.376272,2.291595,0.530375,0.386395,2.384888
1645444434657.9558,281370513515,995.716324,460.058391,2.341408,0.508344,0.382835,2.315414,0.528861,0.383929,2.367401
1645444434668.956,281370524618,993.535767,460.633439,2.339722,0.506665,0.386781,2.324005,0.528268,0.380942,2.355438
1645444434679.957,281370535721,993.829136,460.49999,2.339745,0.506311,0.382004,2.313004,0.528928,0.385496,2.366486
1645444434690.961,281370546824,998.547134,450.320238,2.32357,0.510871,0.365992,2.284286,0.529283,0.384542,2.362854
1645444434701.963,281370557927,1002.184982,447.881538,2.330612,0.513314,0.362453,2.289246,0.530629,0.384017,2.371979
1645444434712.9631,281370569031,1000.557804,447.814751,2.328484,0.513633,0.359697,2.293762,0.528615,0.38666,2.363205
1645444434723.979,281370580134,1006.690865,445.593417,2.322777,0.514096,0.35559,2.292664,0.53454,0.387066,2.35289
1645444434734.963,281370591237,1005.445461,450.805628,2.321449,0.513022,0.356724,2.284103,0.534317,0.394618,2.358795
1645444434746.789,281370602341,1034.713497,453.52174,2.317741,0.529717,0.36122,2.275467,0.548109,0.39465,2.360016
1645444434757.8682,281370613444,1063.772564,461.194664,2.315758,0.544002,0.371874,2.273407,0.564095,0.396783,2.358109
1645444434768.688,281370624547,1139.603634,454.61973,2.304329,0.579187,0.373716,2.278427,0.6079,0.383983,2.330231
1645444434780.315,281370635650,1153.547173,449.910289,2.302971,0.589682,0.371494,2.290985,0.61193,0.378356,2.314957
1645444434791.104,281370646753,1154.208641,442.564845,2.311096,0.58834,0.364243,2.302155,0.61396,0.373365,2.320038
1645444434801.9631,281370657857,1151.752281,443.43794,2.299355,0.588368,0.367996,2.294189,0.611374,0.371067,2.30452
1645444434813.957,281370668960,1154.56049,451.091605,2.319374,0.592635,0.376237,2.314743,0.610033,0.375582,2.324005
1645444434823.967,281370680063,1159.632854,452.676988,2.309158,0.593618,0.382364,2.317886,0.614333,0.372098,2.30043
1645444434835.5032,281370691166,1161.408005,457.73499,2.325439,0.595815,0.384415,2.322479,0.613985,0.378476,2.3284
1645444434846.502,281370702270,1153.64645,462.104058,2.304344,0.587532,0.388228,2.287109,0.614183,0.381946,2.321579
1645444434857.501,281370713373,1155.832787,453.360665,2.303162,0.59092,0.375736,2.265823,0.613073,0.379865,2.3405
1645444434868.501,281370724476,1156.833973,455.242127,2.318283,0.58961,0.381242,2.277679,0.615426,0.377494,2.358887
1645444434879.5,281370735579,1153.555412,447.49487,2.310226,0.589481,0.3758,2.27681,0.612139,0.370024,2.343643
1645444434890.501,281370746683,1153.733253,450.986695,2.305862,0.591361,0.378304,2.277405,0.610445,0.37334,2.33432
1645444434901.502,281370757786,1150.71722,442.630202,2.280502,0.588194,0.375161,2.271469,0.610469,0.362556,2.289536
1645444434913.503,281370768889,1151.531639,444.114769,2.284248,0.587783,0.377788,2.271454,0.61173,0.362403,2.297043
1645444434924.502,281370779992,1126.449509,454.142511,2.298683,0.573427,0.390494,2.285782,0.599958,0.36641,2.311584
1645444434934.501,281370791095,1089.005642,454.186964,2.30407,0.554229,0.385591,2.281021,0.580152,0.371387,2.327118
1645444434946.5042,281370802198,1069.437675,453.423071,2.317421,0.539133,0.378105,2.294739,0.574865,0.3776,2.340103
1645444434957.501,281370813302,1063.138504,452.239537,2.317642,0.540778,0.373929,2.287338,0.566658,0.379803,2.347946
1645444434968.504,281370824405,1061.56786,450.35947,2.324097,0.54154,0.369521,2.28154,0.56426,0.381078,2.366653
1645444434979.501,281370835509,1059.731255,447.592199,2.32692,0.544879,0.370174,2.296814,0.559007,0.375813,2.357025
1645444434990.506,281370846612,1063.810558,447.699434,2.331741,0.542826,0.37473,2.314499,0.56531,0.371436,2.348984
1645444435001.501,281370857715,1065.35265,452.885842,2.334435,0.541436,0.375973,2.316513,0.568307,0.378837,2.352356
1645444435013.504,281370868818,1061.422062,453.200734,2.326286,0.536766,0.375233,2.296814,0.568882,0.380101,2.355759
1645444435023.5032,281370879921,1059.975185,455.267233,2.318489,0.537214,0.370534,2.286407,0.566927,0.388245,2.350571
1645444435034.502,281370891024,1060.057583,454.675251,2.305313,0.539816,0.37114,2.28064,0.564411,0.386653,2.329987
1645444435046.501,281370902127,1062.608013,456.2778,2.307503,0.541717,0.368595,2.283783,0.565166,0.391868,2.331223
1645444435057.501,281370913231,1060.99514,453.05779,2.31411,0.544527,0.364878,2.278458,0.560677,0.390218,2.349762
1645444435068.501,281370924335,1062.590561,456.970042,2.32579,0.546273,0.369986,2.298416,0.560592,0.391631,2.353165
1645444435079.501,281370935438,1064.141464,460.733771,2.335091,0.547316,0.377541,2.313141,0.561164,0.390349,2.35704
1645444435090.5,281370946541,1067.908173,466.607505,2.324722,0.547728,0.383196,2.295273,0.564677,0.394484,2.354172
1645444435101.503,281370957644,1064.856319,460.14331,2.33091,0.547106,0.374806,2.293793,0.562119,0.3921,2.368027
1645444435112.5022,281370968747,1068.536053,456.283218,2.323936,0.551442,0.370496,2.290649,0.561617,0.389976,2.357224
1645444435124.503,281370979850,1068.243141,452.493685,2.336128,0.550849,0.370766,2.306061,0.561905,0.38339,2.366196
1645444435134.501,281370990953,1067.3703,460.592777,2.339546,0.54917,0.380146,2.305389,0.562675,0.387509,2.373703
1645444435146.502,281371002056,1067.301865,465.294886,2.349388,0.546235,0.381681,2.312195,0.565538,0.39381,2.386581
1645444435247.513,281371013161,1065.54903,456.248903,2.335396,0.544357,0.374274,2.305771,0.56559,0.386141,2.365021
1645444435248.506,281371024264,1059.665794,458.891916,2.339119,0.540851,0.375937,2.320419,0.562968,0.388883,2.357819
1645444435250.5132,281371035367,1064.577885,458.375466,2.335838,0.546635,0.379768,2.321228,0.562301,0.384191,2.350449
1645444435252.521,281371046470,1079.976482,469.063121,2.349426,0.555036,0.386947,2.341705,0.56994,0.394825,2.357147
1645444435253.515,281371057573,1118.883419,459.554958,2.34343,0.5721,0.385253,2.339493,0.593404,0.380672,2.347366
1645444435254.527,281371068676,1122.831059,457.326168,2.342644,0.573074,0.380562,2.327896,0.596542,0.381649,2.357391
1645444435255.521,281371079779,1126.380959,452.438253,2.336533,0.572104,0.378564,2.323456,0.601209,0.3755,2.349609
1645444435256.5132,281371090882,1117.305222,453.979576,2.340881,0.569941,0.374467,2.323868,0.593919,0.382166,2.357895
1645444435260.5132,281371101986,1115.875282,451.506275,2.333107,0.56771,0.374365,2.326279,0.59466,0.378146,2.339935
1645444435261.522,281371113089,1119.50449,449.375242,2.324638,0.567509,0.37319,2.319824,0.598641,0.375769,2.329453
1645444435268.414,281371124193,1121.945915,448.472947,2.328575,0.567834,0.375901,2.318893,0.60086,0.371553,2.338257
1645444435280.646,281371135296,1126.745682,443.552828,2.324402,0.570823,0.372857,2.319839,0.602871,0.366397,2.328964
1645444435290.8462,281371146399,1125.811443,440.904951,2.326836,0.570596,0.368233,2.317841,0.602124,0.366609,2.335831
1645444435301.603,281371157502,1122.688866,442.125463,2.325706,0.568364,0.367918,2.320145,0.601103,0.368958,2.331268
1645444435313.4128,281371168605,1123.661098,450.78823,2.348915,0.571947,0.373143,2.3302,0.598534,0.378171,2.36763
1645444435324.412,281371179708,1121.136932,450.334615,2.350174,0.572614,0.372777,2.320801,0.595237,0.37778,2.379547
1645444435335.412,281371190812,1130.734806,452.668941,2.359039,0.57659,0.381348,2.33493,0.601259,0.3731,2.383148
1645444435346.412,281371201915,1126.976681,451.253718,2.350044,0.57014,0.378119,2.319351,0.603794,0.373971,2.380737
1645444435357.417,281371213018,1126.101151,455.867225,2.361115,0.569302,0.381328,2.339844,0.60372,0.378451,2.382385
1645444435368.4102,281371224122,1121.881542,460.770822,2.363037,0.570975,0.375481,2.328018,0.597652,0.392471,2.398056
1645444435379.407,281371235225,1130.762329,470.146233,2.364685,0.578078,0.386185,2.338821,0.5998,0.397392,2.390549
1645444435390.407,281371246328,1126.487045,478.234935,2.371834,0.577584,0.39148,2.345459,0.59584,0.405579,2.398209
1645444435401.406,281371257431,1127.455845,478.701246,2.374847,0.579103,0.39046,2.347595,0.59533,0.407375,2.4021
1645444435413.406,281371268534,1123.321781,472.790748,2.375656,0.578255,0.389286,2.366852,0.591872,0.398699,2.38446
1645444435423.406,281371279638,1125.237236,466.895378,2.369858,0.579854,0.38767,2.357285,0.592269,0.390489,2.382431
1645444435434.406,281371290741,1126.454544,462.075269,2.373444,0.579632,0.39107,2.367233,0.593758,0.379055,2.379654
1645444435446.524,281371301844,1117.771282,458.49722,2.37558,0.572697,0.380882,2.338516,0.591648,0.38328,2.412643
1645444435457.173,281371312947,1119.766617,454.167759,2.387299,0.571441,0.375414,2.354874,0.594982,0.381532,2.419724
1645444435468.173,281371324050,1156.877174,462.465781,2.383003,0.587427,0.378932,2.343369,0.617654,0.391845,2.422638
1645444435480.173,281371335154,1202.012672,479.357708,2.412842,0.620231,0.399475,2.405106,0.631866,0.399454,2.420578
1645444435490.172,281371346257,1231.164894,482.928479,2.396904,0.635285,0.400146,2.37709,0.647178,0.404735,2.416718
1645444435501.173,281371357360,1248.415718,474.285668,2.403244,0.644883,0.394389,2.383163,0.65555,0.396087,2.423325
1645444435513.172,281371368464,1251.62281,465.623671,2.392532,0.646297,0.382391,2.365601,0.657477,0.393649,2.419464
1645444435524.172,281371379567,1246.765022,465.051395,2.385406,0.646849,0.381749,2.345551,0.651865,0.393336,2.425262
1645444435534.174,281371390670,1248.80024,461.217266,2.38765,0.647426,0.377775,2.347229,0.653407,0.390921,2.42807
1645444435546.171,281371401773,1255.103588,460.993803,2.407967,0.653312,0.376233,2.374634,0.654088,0.39209,2.441299
1645444435557.1748,281371412876,1251.132145,459.97476,2.429268,0.65039,0.376026,2.413269,0.652872,0.390599,2.445267
1645444435568.1711,281371423979,1251.455097,458.347678,2.434677,0.650742,0.378104,2.420746,0.652857,0.385809,2.448608
1645444435579.171,281371435083,1245.665588,448.881376,2.410614,0.64663,0.373268,2.408768,0.650938,0.374868,2.41246
1645444435590.1711,281371446186,1249.929028,449.138707,2.406754,0.649873,0.372355,2.388794,0.652136,0.37621,2.424713
1645444435601.1729,281371457290,1255.604897,445.099282,2.400627,0.652603,0.363754,2.37973,0.655319,0.378078,2.421524
1645444435612.7878,281371468393,1256.942196,449.992722,2.408424,0.652281,0.367385,2.3741,0.657034,0.382603,2.442749
1645444435623.3152,281371479496,1254.844666,452.472031,2.415977,0.644209,0.374601,2.400085,0.662921,0.379519,2.43187
1645444435634.316,281371490599,1245.184994,462.686044,2.426506,0.641014,0.381232,2.419418,0.656054,0.389911,2.433594
1645444435646.314,281371501702,1241.577072,464.016062,2.42981,0.639167,0.389229,2.438766,0.654143,0.384131,2.420853
1645444435657.314,281371512805,1245.134296,458.649141,2.419769,0.644086,0.379859,2.422989,0.652929,0.384556,2.41655
1645444435668.323,281371523908,1251.255112,456.174088,2.41925,0.646592,0.381983,2.420776,0.656798,0.378307,2.417725
1645444435679.3162,281371535012,1250.698471,457.864934,2.41526,0.644467,0.376068,2.397537,0.658343,0.38704,2.432983
1645444435690.314,281371546116,1252.606544,455.403757,2.40786,0.645841,0.376048,2.38829,0.658958,0.382959,2.427429
1645444435701.3162,281371557219,1253.388691,451.485568,2.402611,0.645745,0.371518,2.382217,0.659868,0.380958,2.423004
1645444435712.3152,281371568322,1260.925598,447.734267,2.413429,0.653363,0.366833,2.404938,0.660101,0.379391,2.421921
1645444435724.315,281371579425,1258.033791,447.516847,2.424835,0.652271,0.365351,2.410431,0.658181,0.380511,2.43924
1645444435734.322,281371590528,1254.040146,444.484913,2.4356,0.649649,0.362467,2.416306,0.656643,0.378341,2.454895
1645444435746.314,281371601631,1256.664104,450.716668,2.448044,0.651507,0.371795,2.432663,0.657519,0.379399,2.463425
1645444435756.315,281371612734,1259.039783,456.760097,2.443085,0.650418,0.382552,2.44635,0.661082,0.378715,2.439819
1645444435767.35,281371623837,1260.04818,461.614251,2.448608,0.649794,0.388932,2.455872,0.662756,0.380425,2.441345
1645444435779.41,281371634941,1255.593796,448.410952,2.429703,0.646499,0.371322,2.429092,0.661412,0.37603,2.430313
1645444435790.447,281371646045,1254.779835,449.828535,2.44635,0.646107,0.368843,2.43338,0.660955,0.380871,2.45932
1645444435801.4,281371657148,1253.252621,447.788429,2.435799,0.646272,0.359019,2.411713,0.659199,0.387295,2.459885
1645444435812.734,281371668251,1245.123425,450.075066,2.433228,0.638477,0.361954,2.405548,0.658526,0.388171,2.460907
1645444435823.897,281371679354,1252.375202,444.955105,2.41861,0.641851,0.357733,2.387802,0.662707,0.383859,2.449417
1645444435834.686,281371690457,1255.601921,440.436101,2.427635,0.643198,0.359852,2.404449,0.664721,0.374208,2.450821
1645444435845.956,281371701560,1255.468884,442.487687,2.444206,0.644817,0.362731,2.425003,0.662963,0.374749,2.463409
1645444435856.982,281371712663,1248.813801,444.222951,2.458054,0.643019,0.366293,2.442871,0.657829,0.374078,2.473236
1645444435867.92,281371723767,1251.431122,448.758978,2.46386,0.641461,0.377203,2.456268,0.662113,0.370729,2.471451
1645444435878.918,281371734870,1252.224312,448.904657,2.450455,0.640645,0.378055,2.430145,0.663755,0.370119,2.470764
1645444435889.917,281371745974,1253.312302,444.150531,2.448669,0.640427,0.375387,2.429047,0.665107,0.364864,2.468292
1645444435900.918,281371757077,1254.727993,448.2858,2.449768,0.643247,0.381236,2.429123,0.663762,0.365907,2.470413
1645444435912.916,281371768180,1252.556763,445.803899,2.45079,0.643343,0.378916,2.434158,0.661403,0.36409,2.467422
1645444435923.917,281371779283,1253.219604,444.56225,2.448662,0.643393,0.375468,2.433441,0.662044,0.365469,2.463882
1645444435933.918,281371790386,1247.206364,438.766104,2.447868,0.640809,0.361167,2.424759,0.658364,0.37011,2.470978
1645444435947.436,281371801489,1260.700321,443.394363,2.45797,0.650485,0.362157,2.439835,0.662744,0.376833,2.476105
1645444435956.919,281371812593,1251.614628,445.923793,2.468323,0.645564,0.363512,2.447021,0.658202,0.379694,2.489624
1645444435967.9202,281371823696,1255.537777,449.164134,2.458046,0.647408,0.365171,2.437317,0.660444,0.383436,2.478775
1645444435978.918,281371834799,1248.68906,450.630409,2.4533,0.641968,0.373379,2.443222,0.65875,0.377672,2.463379
1645444435989.917,281371845903,1258.360233,453.429544,2.43544,0.649466,0.374374,2.420456,0.661326,0.381342,2.450424
1645444436000.917,281371857006,1261.892338,459.41028,2.445168,0.653434,0.378973,2.428009,0.661038,0.386711,2.462326
1645444436011.919,281371868109,1260.863628,464.758801,2.450829,0.652379,0.383434,2.423157,0.661021,0.391164,2.4785
1645444436022.916,281371879212,1257.598,464.638638,2.467155,0.650904,0.381063,2.438583,0.659094,0.393335,2.495728
1645444436033.917,281371890315,1253.799648,465.338355,2.466515,0.648857,0.384232,2.440308,0.657184,0.391332,2.492722
1645444436045.917,281371901419,1252.846928,462.534142,2.467514,0.650186,0.385667,2.450363,0.654863,0.385223,2.484665
1645444436056.918,281371912522,1254.478512,462.516224,2.464394,0.648636,0.392491,2.451477,0.658113,0.378369,2.47731
1645444436067.918,281371923625,1252.801094,462.423366,2.460915,0.646516,0.390451,2.444794,0.658485,0.380255,2.477036
1645444436078.916,281371934728,1265.266457,452.654743,2.458771,0.652429,0.373518,2.446213,0.665557,0.380907,2.471329
1645444436090.918,281371945831,1292.580414,446.900851,2.435928,0.671024,0.362534,2.407715,0.675414,0.3823,2.464142
1645444436100.917,281371956935,1334.501781,430.567932,2.427605,0.692457,0.34959,2.400574,0.697649,0.368023,2.454636
1645444436111.919,281371968037,1358.625984,432.64212,2.439377,0.709876,0.354928,2.415298,0.705359,0.366142,2.463455
1645444436122.927,281371979140,1348.028469,436.006576,2.455414,0.704457,0.359614,2.44136,0.699739,0.367064,2.469467
1645444436133.927,281371990244,1353.924179,436.67357,2.46154,0.706407,0.36219,2.461151,0.703931,0.3656,2.461929
1645444436145.928,281372001347,1348.258724,437.260276,2.453438,0.701157,0.358159,2.443253,0.703279,0.370608,2.463623
1645444436156.927,281372012450,1348.82761,436.713374,2.459732,0.697928,0.361024,2.453339,0.707101,0.366831,2.466125
1645444436167.927,281372023553,1342.734604,441.168183,2.46788,0.695786,0.36912,2.456711,0.702896,0.36616,2.47905
1645444436178.9292,281372034656,1340.931072,436.675197,2.464333,0.697014,0.368395,2.464539,0.699789,0.359397,2.464127
1645444436189.938,281372045759,1346.003895,437.777209,2.465874,0.698827,0.36575,2.460876,0.70326,0.363878,2.470871
1645444436200.928,281372056863,1346.792564,443.3088,2.461678,0.698304,0.368508,2.447281,0.704605,0.37034,2.476074
1645444436211.928,281372067966,1342.67189,447.222233,2.467834,0.696272,0.369457,2.438354,0.702345,0.375913,2.497314
1645444436223.927,281372079070,1347.322769,451.132303,2.470665,0.698632,0.371192,2.437241,0.704829,0.380695,2.504089
1645444436233.927,281372090173,1351.295528,448.097688,2.469902,0.701756,0.36686,2.441544,0.705844,0.379969,2.49826
1645444436245.929,281372101276,1355.359097,452.294058,2.473892,0.70308,0.374155,2.457169,0.708752,0.379669,2.490616
1645444436256.926,281372112379,1352.425518,447.236288,2.471169,0.699645,0.371545,2.455368,0.709132,0.373848,2.486969
1645444436266.936,281372123482,1351.432686,441.527796,2.480255,0.696842,0.369554,2.465057,0.7109,0.366325,2.495453
1645444436278.935,281372134585,1350.963135,437.50686,2.475327,0.695912,0.361074,2.449661,0.711341,0.368104,2.500992
1645444436289.942,281372145688,1350.335598,437.795109,2.480598,0.697117,0.36758,2.45813,0.709483,0.362079,2.503067
1645444436301.252,281372156791,1352.355366,441.232842,2.479347,0.700225,0.370207,2.455811,0.708478,0.365181,2.502884
1645444436312.379,281372167896,1353.699474,434.901631,2.476028,0.701213,0.365981,2.462296,0.70889,0.358855,2.489761
1645444436323.494,281372178999,1355.135422,434.034634,2.471321,0.703746,0.361301,2.456329,0.707853,0.36209,2.486313
1645444436334.2432,281372190102,1353.574333,434.189558,2.480103,0.701736,0.352997,2.459503,0.708237,0.370652,2.500702
1645444436345.407,281372201205,1348.836021,435.012567,2.482269,0.69622,0.355738,2.454758,0.708817,0.369283,2.509781
1645444436357.413,281372212308,1347.984867,438.146853,2.485199,0.695711,0.357237,2.461075,0.70844,0.373008,2.509323
1645444436367.416,281372223411,1350.505772,435.030091,2.484589,0.696442,0.357324,2.470215,0.710334,0.367726,2.498962
1645444436379.3792,281372234514,1348.056736,444.114983,2.501831,0.69784,0.359109,2.478989,0.706386,0.381082,2.524673
1645444436389.373,281372245617,1346.78587,439.005589,2.507164,0.694362,0.354052,2.485199,0.70854,0.377624,2.529129
1645444436400.5808,281372256721,1342.086926,444.593096,2.512321,0.690739,0.363947,2.487564,0.707268,0.377042,2.537079
1645444436411.9402,281372267825,1347.849483,443.476295,2.505188,0.695279,0.366592,2.486313,0.708731,0.372535,2.524063
1645444436422.955,281372278928,1347.093372,446.442086,2.50679,0.696665,0.36996,2.483124,0.706557,0.37411,2.530457
1645444436433.9548,281372290031,1347.078209,446.494353,2.504501,0.701274,0.372143,2.476257,0.701932,0.372014,2.532745
1645444436445.955,281372301134,1349.678421,447.327268,2.50309,0.70248,0.378913,2.483734,0.703435,0.366633,2.522446
1645444436456.6392,281372312237,1350.338917,449.854857,2.492645,0.700785,0.381239,2.485336,0.705818,0.368519,2.499954
1645444436466.64,281372323340,1351.598969,449.081004,2.503738,0.700077,0.377413,2.490234,0.707838,0.371055,2.517242
1645444436478.64,281372334443,1350.265446,446.146059,2.49572,0.698362,0.374934,2.477631,0.708165,0.368643,2.513809
1645444436489.6382,281372345547,1348.203964,447.138369,2.503113,0.699721,0.376662,2.475327,0.704658,0.368569,2.530899
1645444436500.639,281372356650,1349.89912,445.789093,2.502052,0.700074,0.379526,2.481979,0.70607,0.363456,2.522125
1645444436511.641,281372367754,1349.208298,444.04006,2.516708,0.699274,0.3762,2.496719,0.706151,0.363867,2.536697
1645444436522.6382,281372378857,1352.829895,440.800005,2.522903,0.699416,0.375867,2.503937,0.709782,0.3588,2.54187
1645444436533.641,281372389960,1350.032101,442.725152,2.534447,0.695046,0.373493,2.512833,0.711237,0.364382,2.556061
1645444436545.64,281372401063,1355.726566,445.107293,2.539017,0.697407,0.37611,2.525055,0.714808,0.365736,2.552979
1645444436556.641,281372412166,1364.70005,446.53151,2.535774,0.705441,0.370387,2.517731,0.716122,0.373832,2.553818
1645444436567.641,281372423269,1392.758732,445.759606,2.54071,0.722362,0.367469,2.527252,0.728429,0.375463,2.554169
1645444436578.6418,281372434373,1395.013161,443.800378,2.531036,0.725096,0.360864,2.517609,0.728043,0.378803,2.544464
1645444436589.641,281372445476,1401.937923,441.897243,2.523239,0.728285,0.358716,2.504837,0.732067,0.377779,2.541641
1645444436600.3262,281372456579,1399.711418,440.117401,2.507408,0.728581,0.359078,2.485229,0.729451,0.374451,2.529587
1645444436612.36,281372467682,1401.459675,444.484341,2.507767,0.730157,0.36978,2.48439,0.729697,0.371027,2.531143
1645444436622.8982,281372478786,1393.624306,449.406481,2.521729,0.724362,0.381175,2.502823,0.727329,0.367836,2.540634
1645444436633.881,281372489889,1388.858528,450.342679,2.523293,0.71936,0.384747,2.502914,0.727367,0.365824,2.543671
1645444436645.887,281372500992,1391.463947,448.247784,2.520363,0.721099,0.380081,2.501846,0.728342,0.366999,2.538879
1645444436655.884,281372512095,1391.210346,442.089522,2.520157,0.724316,0.371611,2.497101,0.724862,0.365205,2.543213
1645444436666.882,281372523199,1392.578945,444.838303,2.520432,0.725298,0.3756,2.498596,0.725305,0.365797,2.542267
1645444436678.883,281372534302,1392.91666,442.234129,2.515854,0.723103,0.375412,2.492401,0.727852,0.361645,2.539307
1645444436689.882,281372545405,1398.053455,445.694733,2.503319,0.725027,0.376066,2.474304,0.731279,0.366759,2.532333
1645444436700.886,281372556508,1397.438507,445.657754,2.500214,0.726521,0.377267,2.476929,0.729145,0.365496,2.523499
1645444436710.886,281372567611,1375.28635,453.300297,2.497253,0.70209,0.3881,2.496231,0.7305,0.367401,2.498276
1645444436722.883,281372578714,1257.474003,461.247933,2.528839,0.652147,0.386341,2.525253,0.657722,0.382406,2.532425
1645444436732.883,281372589817,1083.414688,474.574435,2.613312,0.592804,0.382336,2.598618,0.535753,0.408621,2.628006
1645444436743.881,281372600920,1007.257061,458.669865,2.577682,0.513473,0.355828,2.527359,0.535753,0.408621,2.628006
1645444436755.881,281372612024,481.952605,472.346914,2.566452,0.228042,0.397874,2.434921,0.273992,0.389371,2.697983
1645444436766.881,281372623127,496.796908,494.734025,2.503761,0.243084,0.415485,2.429642,0.274412,0.409072,2.577881
1645444436777.9082,281372634230,485.801039,491.010296,2.509293,0.242352,0.416086,2.457718,0.26369,0.402265,2.560867
1645444436789.219,281372645333,485.085826,501.328075,2.530449,0.245908,0.429023,2.483246,0.25939,0.406524,2.577652
1645444436800.218,281372656436,486.238403,503.663564,2.536301,0.247021,0.430291,2.479218,0.259477,0.409148,2.593384
1645444436812.216,281372667539,492.707977,508.516663,2.533943,0.252705,0.432208,2.476166,0.260533,0.41532,2.591721
1645444436823.212,281372678643,493.124142,505.922753,2.527824,0.25289,0.426909,2.471756,0.260781,0.416296,2.583893
1645444436833.2231,281372689746,499.160013,507.472515,2.520493,0.258784,0.431009,2.477036,0.261174,0.414778,2.56395
1645444436845.238,281372700850,497.119474,500.355256,2.528854,0.258937,0.421407,2.484604,0.258896,0.412519,2.573105
1645444436856.2231,281372711953,495.646219,505.668443,2.529396,0.25816,0.422553,2.470627,0.258139,0.420228,2.588165
1645444436867.2148,281372723056,487.639532,507.496226,2.536819,0.255954,0.421024,2.472336,0.252004,0.424803,2.601303
1645444436878.223,281372734159,488.329411,517.833656,2.535873,0.253973,0.431496,2.466293,0.254704,0.43156,2.605453
1645444436889.2231,281372745262,491.812506,514.917469,2.53199,0.255024,0.434104,2.480286,0.257281,0.424091,2.583694
1645444436900.4468,281372756365,499.112692,515.749848,2.536324,0.259072,0.434548,2.488571,0.260837,0.425035,2.584076
1645444436912.404,281372767468,550.78371,508.947551,2.547592,0.282907,0.425918,2.484924,0.290826,0.422328,2.61026
1645444436923.1528,281372778571,646.194248,490.746564,2.553673,0.326918,0.404788,2.489716,0.346201,0.413123,2.61763
1645444436934.204,281372789676,941.50732,458.102345,2.552177,0.464248,0.372923,2.493561,0.516488,0.390581,2.610794
1645444436946.208,281372800779,1122.437782,444.246197,2.589302,0.577864,0.355402,2.542587,0.591342,0.385008,2.636017
1645444436956.203,281372811882,1202.554207,445.886779,2.572838,0.625296,0.356177,2.538635,0.627365,0.386968,2.60704
1645444436967.19,281372822985,1327.786331,439.461958,2.595505,0.685373,0.354927,2.559464,0.697738,0.37751,2.631546
1645444436978.189,281372834088,1337.291965,434.607089,2.597511,0.693386,0.344837,2.558472,0.699626,0.379508,2.636551
1645444436989.188,281372845191,1349.337387,429.495156,2.584663,0.694599,0.34371,2.565979,0.710961,0.372116,2.603348
1645444437000.187,281372856294,1346.727104,424.580759,2.569534,0.694048,0.343768,2.54689,0.708793,0.363866,2.592178
1645444437011.188,281372867397,1347.679195,434.144229,2.562759,0.692366,0.356325,2.545319,0.711466,0.367249,2.5802
1645444437023.1882,281372878501,1345.306606,426.237702,2.55645,0.693347,0.348031,2.522903,0.708014,0.362365,2.589996
1645444437033.187,281372889605,1340.347939,427.550268,2.550453,0.693022,0.347489,2.528854,0.703174,0.365095,2.572052
1645444437045.187,281372900708,1344.646683,420.541942,2.547478,0.699927,0.352286,2.54274,0.700746,0.348618,2.552216
1645444437056.189,281372911811,1349.527302,426.814985,2.536896,0.703648,0.361801,2.542206,0.70211,0.349557,2.531586
1645444437067.186,281372922914,1360.897808,424.465656,2.533463,0.706107,0.362552,2.538208,0.711494,0.344891,2.528717
1645444437078.187,281372934017,1359.927177,427.443087,2.537712,0.707762,0.363139,2.535049,0.708829,0.349266,2.540375
1645444437089.187,281372945120,1356.288986,425.12548,2.543159,0.704756,0.357359,2.532227,0.708045,0.351183,2.554092
1645444437100.189,281372956223,1353.718185,430.729276,2.540108,0.703275,0.362587,2.524536,0.706848,0.355295,2.555679
1645444437111.187,281372967327,1351.557312,433.23319,2.537308,0.698635,0.357589,2.512451,0.709238,0.364466,2.562164
1645444437122.189,281372978430,1355.751114,434.866548,2.536972,0.699143,0.364657,2.5224,0.713098,0.360121,2.551544
1645444437133.189,281372989534,1358.119984,432.408339,2.534798,0.699795,0.361367,2.522751,0.714913,0.359313,2.546844
1645444437145.189,281373000637,1378.869038,437.128794,2.536049,0.71264,0.368485,2.521317,0.723682,0.360063,2.550781
1645444437156.187,281373011740,1400.488873,444.827396,2.523682,0.725599,0.36727,2.499664,0.733243,0.374109,2.547699
1645444437261.187,281373022843,1432.895508,449.528861,2.51786,0.746687,0.372409,2.482224,0.745913,0.376806,2.553497
1645444437262.1912,281373033946,1429.096012,450.638437,2.513565,0.744463,0.373291,2.489578,0.744179,0.377773,2.537552
1645444437263.19,281373045049,1425.205994,449.197161,2.510689,0.742688,0.372514,2.469986,0.741902,0.376148,2.551392
1645444437264.189,281373056153,1427.40612,447.707373,2.505287,0.744515,0.370864,2.470993,0.742366,0.375315,2.539581
1645444437265.19,281373067256,1427.028637,443.338162,2.501129,0.745894,0.368924,2.463318,0.740594,0.369973,2.53894
1645444437265.19,281373078359,1429.56419,441.198081,2.494034,0.749426,0.370115,2.47142,0.739703,0.365215,2.516647
1645444437266.187,281373089462,1428.836861,442.306334,2.49527,0.747125,0.366501,2.458191,0.741247,0.370676,2.532349
1645444437266.187,281373100565,1430.673409,446.956247,2.504524,0.748283,0.371909,2.470032,0.742002,0.373018,2.539017
1645444437268.188,281373111668,1429.963188,450.223786,2.523529,0.745317,0.375707,2.484512,0.744228,0.374665,2.562546
1645444437269.1902,281373122772,1417.501545,453.514731,2.523193,0.736443,0.376648,2.488388,0.740121,0.37921,2.557999
1645444437278.188,281373133875,1368.59024,448.351979,2.50705,0.69925,0.367159,2.459534,0.726365,0.380095,2.554565
1645444437289.188,281373144979,1251.694336,448.454297,2.511765,0.642218,0.365864,2.468567,0.661631,0.38156,2.554962
1645444437299.186,281373156082,1108.821201,445.758712,2.570099,0.567929,0.362999,2.532684,0.587093,0.379932,2.607513
1645444437310.188,281373167185,976.027107,437.918204,2.499046,0.479949,0.364938,2.467621,0.536746,0.364926,2.530472
1645444437322.187,281373178288,443.641305,515.087986,2.546989,0.20993,0.436508,2.438385,0.252196,0.421972,2.655594
1645444437333.187,281373189391,452.98635,516.280711,2.490425,0.226727,0.428637,2.41626,0.245134,0.43183,2.56459
1645444437344.188,281373200494,437.885284,518.246913,2.490402,0.222159,0.429714,2.44165,0.233971,0.434031,2.539154
1645444437356.186,281373211597,440.003171,523.847562,2.499016,0.226996,0.434015,2.460114,0.23134,0.439065,2.537918
1645444437366.195,281373222700,433.96378,527.394015,2.489456,0.222784,0.437849,2.460251,0.229262,0.441141,2.518661
1645444437378.194,281373233804,443.495607,521.363443,2.494522,0.228668,0.436419,2.464951,0.233306,0.43252,2.524094
1645444437389.206,281373244907,439.094853,516.685635,2.49366,0.226782,0.433564,2.454575,0.230608,0.427579,2.532745
1645444437400.186,281373256010,445.16839,512.537563,2.490814,0.229734,0.43097,2.447098,0.233983,0.423259,2.534531
1645444437411.752,281373267113,447.115788,514.092815,2.48835,0.231672,0.431433,2.433243,0.234074,0.425388,2.543457
1645444437422.2432,281373278216,449.287305,511.400396,2.480278,0.23187,0.431176,2.428146,0.236137,0.421158,2.53241
1645444437434.187,281373289319,448.626494,515.118653,2.482117,0.234139,0.436376,2.430298,0.23318,0.422155,2.533936
1645444437444.8408,281373300422,443.914289,517.662531,2.480522,0.234207,0.44201,2.433731,0.228204,0.42076,2.527313
1645444437456.206,281373311526,443.500743,520.715296,2.482864,0.234607,0.440966,2.431854,0.227372,0.426893,2.533875
1645444437467.208,281373322630,439.978023,522.020906,2.478149,0.230942,0.439769,2.41864,0.227368,0.430266,2.537659
1645444437478.1958,281373333733,436.170845,516.726494,2.480293,0.225971,0.430009,2.424591,0.228374,0.431201,2.535995
1645444437489.213,281373344836,435.985308,512.926877,2.47628,0.224865,0.429774,2.414886,0.229287,0.425104,2.537674
1645444437500.328,281373355939,434.023547,509.236336,2.479248,0.22447,0.42828,2.423187,0.227637,0.420447,2.535309
1645444437511.3289,281373367042,441.835957,510.540622,2.47438,0.23064,0.432634,2.424408,0.229605,0.418267,2.524353
1645444437522.327,281373378145,441.019964,508.572668,2.474892,0.230685,0.43131,2.439102,0.22871,0.416311,2.510681
1645444437533.3271,281373389248,452.647648,492.734706,2.46933,0.236062,0.419419,2.437607,0.235446,0.401805,2.501053
1645444437544.327,281373400351,447.030573,480.815166,2.463463,0.232251,0.406348,2.431091,0.233406,0.39501,2.495834
1645444437555.328,281373411456,451.643586,477.113181,2.454437,0.234467,0.404146,2.412766,0.235995,0.391042,2.496109
1645444437566.326,281373422559,449.392118,484.46669,2.464012,0.233699,0.409726,2.424042,0.234418,0.397719,2.503983
1645444437577.327,281373433662,452.06028,486.595595,2.464249,0.233535,0.414724,2.428421,0.237361,0.396268,2.500076
1645444437589.325,281373444765,455.612726,494.830245,2.4785,0.23413,0.425532,2.446243,0.240467,0.399185,2.510757
1645444437600.327,281373455868,453.275299,494.627488,2.468811,0.232778,0.424554,2.440384,0.239384,0.399825,2.497238
1645444437611.328,281373466971,452.103581,498.9999,2.473007,0.232685,0.427442,2.427628,0.238257,0.404224,2.518387
1645444437621.853,281373478074,447.919865,504.132432,2.467796,0.233006,0.42945,2.431549,0.233577,0.410771,2.504044
1645444437632.853,281373489177,444.861631,511.100721,2.460999,0.231017,0.434765,2.426147,0.232381,0.417069,2.49585
1645444437644.855,281373500281,445.650773,515.321445,2.457932,0.231619,0.436726,2.433685,0.232601,0.422143,2.482178
1645444437655.852,281373511385,441.106296,507.9988,2.457855,0.227653,0.424379,2.41713,0.231833,0.422285,2.498581
1645444437666.856,281373522488,441.226029,503.415692,2.458565,0.22928,0.423968,2.42598,0.230331,0.415058,2.49115
1645444437677.854,281373533591,441.617661,495.416683,2.456932,0.230265,0.418292,2.418274,0.229753,0.407402,2.49559
1645444437688.851,281373544694,444.546962,500.221825,2.455513,0.230275,0.421908,2.420715,0.232794,0.411795,2.490311
1645444437699.854,281373555797,453.549643,508.084363,2.450729,0.231878,0.424772,2.401382,0.24057,0.422036,2.500076
1645444437709.853,281373566900,463.87496,522.479135,2.443924,0.231446,0.435084,2.374557,0.251757,0.435715,2.51329
1645444437720.854,281373578003,471.413498,520.455462,2.405624,0.238214,0.43433,2.355621,0.252842,0.433096,2.455627
1645444437731.86,281373589107,,,,,,,,,
1645444437742.86,281373600210,,,,,,,,,
1645444437753.853,281373611313,,,,,,,,,
1645444437764.852,281373622417,,,,,,,,,
1645444437776.854,281373633519,,,,,,,,,
1645444437786.853,281373644622,,,,,,,,,
1645444437797.852,281373655725,,,,,,,,,
1645444437809.854,281373666829,,,,,,,,,
1645444437820.852,281373677933,,,,,,,,,
1645444437831.853,281373689036,,,,,,,,,
1645444437842.854,281373700139,,,,,,,,,
1645444437855.853,281373711242,,,,,,,,,
1645444437864.855,281373722345,,,,,,,0.22993,0.521983,1.996964
1645444437877.852,281373733448,455.841193,507.345611,2.272865,0.237766,0.394142,2.368866,0.237069,0.451434,2.176865
1645444437888.8518,281373744551,461.869125,509.561545,2.281158,0.244045,0.397835,2.385452,0.237069,0.451434,2.176865
1645444437899.861,281373755654,505.042963,474.143422,2.400871,0.255035,0.401077,2.368423,0.271052,0.389162,2.433319
1645444437910.86,281373766759,516.993713,476.996148,2.409866,0.260744,0.405082,2.375931,0.277791,0.389911,2.443802
1645444437921.935,281373777862,520.518665,476.317602,2.413689,0.264416,0.403951,2.383575,0.277791,0.389911,2.443802
1645444437933.275,281373788965,515.085125,470.163846,2.40271,0.262124,0.402012,2.382523,0.274423,0.381594,2.422897
1645444437944.422,281373800068,510.119047,474.033916,2.394157,0.261619,0.399561,2.389099,0.269755,0.390496,2.399216
1645444437955.3608,281373811171,511.1168,476.799273,2.392944,0.262658,0.40417,2.386673,0.269755,0.390496,2.399216
1645444437966.54,281373822274,514.543962,489.438665,2.39994,0.268887,0.41537,2.393845,0.267097,0.400361,2.406036
1645444437977.987,281373833377,519.105721,490.482742,2.405342,0.272464,0.425156,2.40033,0.268271,0.392316,2.410355
1645444437989.107,281373844480,519.047899,488.592589,2.427475,0.269776,0.426043,2.411423,0.270899,0.388278,2.443527
1645444437999.991,281373855584,517.324505,480.232465,2.426155,0.268038,0.418931,2.405777,0.270842,0.381456,2.446533
1645444438011.569,281373866687,517.545776,475.99504,2.422745,0.27105,0.408482,2.396179,0.268061,0.384843,2.44931
1645444438022.5688,281373877790,516.811581,480.629933,2.429214,0.268741,0.409938,2.385834,0.269604,0.391112,2.472595
1645444438033.578,281373888893,520.213709,490.249157,2.442459,0.267987,0.411316,2.398865,0.273903,0.405766,2.486053
1645444438044.566,281373899996,512.098446,489.504343,2.43914,0.261566,0.409504,2.403091,0.27187,0.406336,2.475189
1645444438055.571,281373911099,518.039646,483.264273,2.434502,0.266818,0.402787,2.411606,0.272806,0.402653,2.457397
1645444438066.565,281373922202,532.79357,481.4641,2.431122,0.274037,0.398541,2.400986,0.280957,0.403899,2.461258
1645444438077.564,281373933306,552.773066,479.1049,2.440674,0.286207,0.398555,2.411209,0.289598,0.399953,2.470139
1645444438088.5652,281373944410,553.85602,480.733091,2.44622,0.287388,0.404478,2.417221,0.289546,0.396744,2.47522
1645444438099.574,281373955513,557.801428,484.956515,2.441902,0.292476,0.413833,2.413162,0.288567,0.394428,2.470642
1645444438110.573,281373966616,557.281094,493.038619,2.444206,0.293487,0.421901,2.412292,0.287014,0.39983,2.47612
1645444438122.581,281373977719,558.276758,500.349337,2.442535,0.295408,0.425161,2.407471,0.28613,0.408755,2.4776
1645444438132.565,281373988822,564.841948,497.097141,2.439743,0.295464,0.421865,2.408417,0.292913,0.40663,2.471069
1645444438144.221,281373999925,563.153086,500.764829,2.440781,0.295253,0.427316,2.409454,0.291365,0.407292,2.472107
1645444438155.22,281374011028,563.083048,502.315736,2.447174,0.293139,0.426925,2.414383,0.293406,0.410268,2.479965
1645444438166.217,281374022131,555.765581,507.718456,2.442276,0.293448,0.429349,2.413605,0.285475,0.416848,2.470947
1645444438177.217,281374033236,557.436905,505.079377,2.429718,0.290835,0.42659,2.402771,0.289828,0.415209,2.456665
1645444438188.217,281374044339,557.103624,500.870508,2.422356,0.293001,0.429366,2.400482,0.287316,0.405418,2.444229
1645444438199.218,281374055442,559.541817,495.004857,2.411636,0.294435,0.428164,2.389999,0.288421,0.396844,2.433273
1645444438211.233,281374066545,559.01516,489.446086,2.405228,0.294974,0.423033,2.381012,0.287334,0.39271,2.429443
1645444438222.22,281374077648,563.194656,485.067558,2.392303,0.295187,0.415596,2.371368,0.291474,0.39285,2.413239
1645444438232.2222,281374088751,560.157709,484.828717,2.394272,0.291623,0.411783,2.37352,0.291874,0.396265,2.415024
1645444438244.218,281374099854,558.932905,482.102376,2.396851,0.289165,0.410108,2.383118,0.293056,0.393396,2.410583
1645444438255.218,281374110957,559.240923,487.285709,2.397461,0.288536,0.416899,2.374908,0.294006,0.395244,2.420013
1645444438266.217,281374122061,558.875284,488.193566,2.386482,0.289362,0.420521,2.362228,0.2928,0.393135,2.410736
1645444438277.22,281374133164,551.263733,496.795052,2.37812,0.28811,0.427078,2.346695,0.286123,0.400913,2.409546
1645444438288.217,281374144268,553.031073,499.517852,2.38076,0.290183,0.431436,2.359085,0.285891,0.401094,2.402435
1645444438299.219,281374155371,547.453737,501.865196,2.36795,0.289654,0.429808,2.356674,0.28061,0.406634,2.379227
1645444438310.561,281374166474,549.702616,503.824604,2.369354,0.291452,0.428013,2.358749,0.281155,0.411695,2.379959
1645444438321.571,281374177577,553.506517,499.110729,2.357216,0.291806,0.420192,2.351273,0.284763,0.411659,2.363159
1645444438332.572,281374188679,559.666729,499.798161,2.359253,0.292341,0.419752,2.346756,0.290645,0.413245,2.37175
1645444438343.576,281374199783,574.452295,498.592132,2.351868,0.303489,0.425315,2.345306,0.294899,0.405671,2.358429
1645444438355.572,281374210887,589.97695,503.532422,2.349571,0.309009,0.433689,2.353897,0.30555,0.405531,2.345245
1645444438365.571,281374221990,637.603827,504.066807,2.345963,0.326959,0.43566,2.344559,0.337212,0.404451,2.347366
1645444438377.573,281374233093,643.231573,497.755373,2.331413,0.328377,0.430293,2.322845,0.341656,0.3993,2.339981
1645444438388.574,281374244196,640.321856,499.421901,2.351715,0.331411,0.433308,2.334076,0.33559,0.399062,2.369354
1645444438399.571,281374255299,638.842449,499.275273,2.338905,0.33174,0.437651,2.329239,0.333721,0.394474,2.348572
1645444438410.571,281374266402,641.088438,502.445608,2.333755,0.330387,0.43947,2.328857,0.337413,0.39794,2.338654
1645444438421.5742,281374277505,640.899553,494.962227,2.313255,0.329229,0.42613,2.295609,0.338374,0.398807,2.330902
1645444438432.579,281374288608,642.272444,496.586376,2.315521,0.329207,0.423281,2.290756,0.339827,0.404363,2.340286
1645444438443.578,281374299712,644.253044,491.696566,2.317665,0.332374,0.415159,2.291306,0.338723,0.404335,2.344025
1645444438455.2231,281374310816,641.431446,500.349891,2.322281,0.330734,0.426454,2.31189,0.337423,0.407463,2.332672
1645444438466.2212,281374321919,633.501091,498.922008,2.305641,0.328257,0.42596,2.303421,0.33164,0.405577,2.307861
1645444438477.23,281374333022,634.659147,504.890925,2.310402,0.326639,0.430596,2.305939,0.334464,0.410888,2.314865
1645444438488.64,281374344125,638.623352,497.983235,2.302856,0.328724,0.420251,2.283386,0.336508,0.409721,2.322327
1645444438499.582,281374355228,647.394161,496.398085,2.312927,0.334546,0.417779,2.292358,0.339823,0.409551,2.333496
1645444438510.848,281374366331,642.852573,495.918506,2.297539,0.334265,0.422152,2.283844,0.335373,0.404379,2.311234
1645444438522.0771,281374377434,642.872171,494.591457,2.288628,0.332868,0.426562,2.279388,0.336791,0.397757,2.297867
1645444438532.499,281374388538,647.06274,502.679837,2.291603,0.335673,0.431612,2.27655,0.338351,0.406188,2.306656
1645444438544.495,281374399641,652.840176,500.069922,2.302574,0.339638,0.425676,2.278549,0.340404,0.407774,2.326599
1645444438555.6582,281374410745,652.92901,505.44886,2.309799,0.340304,0.428796,2.27948,0.33983,0.413618,2.340118
1645444438566.3608,281374421848,646.231813,500.811696,2.303688,0.332446,0.430386,2.280518,0.340712,0.4043,2.326859
1645444438577.3672,281374432951,646.142864,505.648559,2.303207,0.334468,0.439572,2.287231,0.338598,0.403175,2.319183
1645444438588.3591,281374444054,644.513083,505.815125,2.305496,0.335804,0.446991,2.311584,0.335563,0.396034,2.299408
1645444438599.5369,281374455157,644.527702,510.867316,2.318687,0.338766,0.450662,2.331192,0.332617,0.400784,2.306183
1645444438611.195,281374466260,642.392979,503.786409,2.316528,0.33304,0.440013,2.336197,0.33612,0.399631,2.29686
1645444438622.194,281374477364,641.939821,502.575338,2.32132,0.328731,0.437175,2.333176,0.339956,0.400451,2.309464
1645444438632.201,281374488467,646.809225,492.501068,2.313957,0.329125,0.42612,2.320541,0.344635,0.394715,2.307373
1645444438644.208,281374499570,653.359451,494.526547,2.324562,0.335566,0.428004,2.319183,0.345017,0.396207,2.329941
1645444438655.201,281374510673,657.604351,486.260068,2.32563,0.339734,0.412013,2.316223,0.345271,0.398421,2.335037
1645444438666.1938,281374521776,652.941513,490.278035,2.322235,0.336336,0.41142,2.303406,0.343811,0.40571,2.341064
1645444438677.201,281374532879,646.36734,488.79016,2.316895,0.330402,0.407099,2.297958,0.342897,0.407551,2.335831
1645444438688.201,281374543982,643.382635,492.655689,2.315567,0.329872,0.414815,2.296143,0.340318,0.406278,2.334991
1645444438699.199,281374555086,640.874205,499.526346,2.326004,0.330628,0.417565,2.310242,0.33695,0.414979,2.341766
1645444438710.1992,281374566190,637.394171,499.306118,2.32737,0.32934,0.420397,2.327408,0.334612,0.41178,2.327332
1645444438721.2,281374577293,636.434355,502.854574,2.326363,0.32935,0.419606,2.323105,0.333602,0.418485,2.32962
1645444438732.2,281374588396,643.728447,504.609025,2.320808,0.335777,0.426839,2.312073,0.334773,0.414176,2.329544
1645444438744.194,281374599499,656.585884,507.835239,2.319603,0.344378,0.432012,2.286575,0.339565,0.41438,2.352631
1645444438755.198,281374610602,654.328079,505.155981,2.318573,0.341918,0.428776,2.274811,0.339674,0.413151,2.362335
1645444438765.2012,281374621705,646.981916,495.176107,2.322968,0.335115,0.421948,2.286774,0.338824,0.403346,2.359161
1645444438777.194,281374632808,634.288702,494.493949,2.335945,0.326789,0.422078,2.311447,0.333928,0.402079,2.360443
1645444438788.199,281374643911,640.234051,494.711459,2.333885,0.330153,0.424918,2.320663,0.336757,0.399601,2.347107
1645444438798.6482,281374655016,648.697014,504.254526,2.3395,0.335358,0.425034,2.319977,0.340368,0.41539,2.359024
1645444438810.658,281374666119,653.062277,505.409878,2.332977,0.338721,0.422432,2.313934,0.341552,0.419918,2.35202
1645444438821.664,281374677222,648.376808,496.53132,2.338791,0.337505,0.418677,2.329651,0.337888,0.408875,2.347931
1645444438832.662,281374688325,649.036446,490.098506,2.337463,0.337934,0.417031,2.340256,0.338145,0.3998,2.334671
1645444438843.6648,281374699428,646.206036,486.340642,2.329643,0.340024,0.41735,2.341522,0.333107,0.393218,2.317764
1645444438854.6628,281374710531,649.20207,498.141092,2.335808,0.340186,0.427753,2.338577,0.336066,0.402482,2.333038
1645444438865.66,281374721634,647.931232,494.947296,2.327995,0.336768,0.424904,2.324829,0.33816,0.400008,2.331161
1645444438876.659,281374732737,652.987776,500.938779,2.34156,0.335017,0.427483,2.333557,0.345178,0.407415,2.349564
1645444438887.661,281374743841,651.235485,506.596881,2.340218,0.33649,0.429424,2.333344,0.34188,0.414904,2.347092
1645444438898.665,281374754944,649.003973,512.671959,2.350761,0.338797,0.435992,2.346512,0.337249,0.418461,2.355011
1645444438910.6592,281374766047,652.230291,510.262567,2.347519,0.343082,0.430304,2.34343,0.336325,0.420134,2.351608
1645444438921.655,281374777150,667.985659,507.882571,2.352867,0.349588,0.427618,2.347549,0.34623,0.418853,2.358185
1645444438932.658,281374788253,707.849178,505.51697,2.354591,0.36539,0.423572,2.341644,0.371953,0.418957,2.367538
1645444438943.6582,281374799356,725.299845,502.37841,2.355278,0.373031,0.421013,2.333572,0.382489,0.416285,2.376984
1645444438954.658,281374810459,720.564537,491.62311,2.334389,0.37029,0.407032,2.301071,0.380298,0.41234,2.367706
1645444438965.657,281374821562,710.185976,481.352127,2.335045,0.367183,0.396025,2.302429,0.372594,0.406228,2.367661
1645444438976.677,281374832666,704.771061,483.327788,2.330406,0.3643,0.397891,2.290924,0.369837,0.407656,2.369888
1645444438990.656,281374843770,703.815136,484.782761,2.336334,0.3643,0.397891,2.290924,0.368841,0.410081,2.381744
1645444438999.188,281374854873,712.480402,488.464773,2.332817,0.367644,0.40335,2.284195,0.374523,0.410758,2.381439
1645444439010.623,281374865976,724.094238,489.702398,2.338959,0.373936,0.403824,2.286942,0.380329,0.412347,2.390976
1645444439021.6228,281374877079,733.388844,496.073359,2.351662,0.376104,0.416613,2.333572,0.387842,0.410176,2.369751
1645444439032.445,281374888182,732.255306,507.312351,2.368874,0.377263,0.424569,2.341278,0.385503,0.420952,2.396469
1645444439043.852,281374899285,721.358728,505.288643,2.357788,0.373797,0.426261,2.346939,0.377619,0.415887,2.368637
1645444439055.041,281374910388,712.244854,503.359652,2.353394,0.369861,0.414443,2.315948,0.372061,0.42449,2.390839
1645444439065.4731,281374921492,710.975161,499.363428,2.349373,0.369174,0.412588,2.321655,0.371425,0.419685,2.37709
1645444439076.448,281374932595,716.489582,495.467108,2.364571,0.370501,0.402454,2.320724,0.375843,0.423324,2.408417
1645444439087.452,281374943698,716.810303,494.179845,2.363853,0.372089,0.401922,2.312225,0.374589,0.421711,2.415482
1645444439099.448,281374954802,713.848457,488.511872,2.35228,0.371029,0.393843,2.299576,0.372563,0.420344,2.404984
1645444439110.449,281374965905,709.455872,491.265321,2.353249,0.364494,0.401037,2.302307,0.374523,0.417739,2.40419
1645444439121.447,281374977008,698.663435,484.958339,2.316666,0.353952,0.390505,2.238632,0.373822,0.417759,2.394699
1645444439132.446,281374988111,700.994511,484.121007,2.323471,0.353574,0.388198,2.242661,0.376628,0.418671,2.404282
1645444439143.445,281374999214,697.524033,483.974755,2.320831,0.35801,0.387586,2.250946,0.368577,0.419038,2.390717
1645444439154.45,281375010318,710.137281,494.676089,2.374069,0.368555,0.412225,2.348038,0.371171,0.412236,2.400101
1645444439165.446,281375021421,709.390068,494.456917,2.377716,0.368896,0.411446,2.343124,0.370052,0.412649,2.412308
1645444439272.4458,281375032524,720.93976,493.236458,2.384857,0.370249,0.40522,2.3349,0.38073,0.416841,2.434814
1645444439273.45,281375043627,725.753632,493.610412,2.38047,0.375217,0.403243,2.335464,0.380776,0.419441,2.425476
1645444439273.45,281375054731,724.568281,499.890715,2.390511,0.371375,0.408812,2.341675,0.383383,0.424339,2.439346
1645444439274.4492,281375065834,721.631441,505.669928,2.401146,0.373118,0.42016,2.357132,0.378582,0.422623,2.44516
1645444439275.448,281375076937,730.399361,494.706237,2.402542,0.376682,0.400883,2.336441,0.38415,0.423628,2.468643
1645444439275.448,281375088040,769.349041,490.290391,2.40744,0.395917,0.39721,2.353485,0.405488,0.41994,2.461395
1645444439276.447,281375099144,790.680456,493.864328,2.411339,0.405972,0.394807,2.338638,0.417654,0.4283,2.484039
1645444439277.4502,281375110247,794.437065,502.484715,2.405685,0.406834,0.402494,2.346176,0.420705,0.434981,2.465195
1645444439277.4502,281375121350,795.296173,509.029233,2.4002,0.408396,0.409404,2.33667,0.420037,0.438978,2.46373
1645444439279.448,281375132453,790.356274,505.863869,2.390701,0.404661,0.407075,2.331909,0.418627,0.436032,2.449493
1645444439287.447,281375143556,790.927706,502.593398,2.397652,0.40535,0.400877,2.322144,0.418533,0.436779,2.47316
1645444439298.4468,281375154659,789.398832,497.797519,2.404373,0.406452,0.400511,2.33078,0.415839,0.429151,2.477966
1645444439310.449,281375165762,793.437881,492.72278,2.415512,0.409325,0.398537,2.344757,0.417173,0.422668,2.486267
1645444439321.448,281375176866,794.458637,494.094479,2.404129,0.410964,0.407824,2.33847,0.416598,0.415667,2.469788
1645444439331.449,281375187970,789.556789,493.389308,2.392975,0.40585,0.401595,2.322357,0.416605,0.420721,2.463593
1645444439343.458,281375199073,799.234943,498.929679,2.398399,0.408477,0.407177,2.316589,0.424059,0.424372,2.480209
1645444439354.45,281375210176,780.948658,489.595234,2.358002,0.390503,0.398217,2.242905,0.422986,0.417775,2.473099
1645444439364.446,281375221279,786.392384,496.465677,2.373344,0.392914,0.409209,2.266525,0.426245,0.418234,2.480164
1645444439376.4492,281375232382,772.519197,499.858314,2.359535,0.386364,0.410101,2.264404,0.418344,0.422997,2.454666
1645444439387.446,281375243485,778.741922,506.551301,2.356316,0.38733,0.411842,2.271912,0.423859,0.43241,2.44072
1645444439398.446,281375254588,784.180241,505.838728,2.341286,0.389636,0.410392,2.252182,0.427219,0.432672,2.430389
1645444439409.447,281375265691,791.052561,504.093379,2.311096,0.393315,0.411089,2.186447,0.430698,0.429067,2.435745
1645444439420.448,281375276795,814.574633,504.151726,2.3815,0.42069,0.409719,2.318298,0.427826,0.430534,2.444702
1645444439431.446,281375287899,806.777573,493.91107,2.381607,0.419402,0.394754,2.307312,0.420991,0.428431,2.455902
1645444439443.447,281375299001,797.760172,491.9635,2.382385,0.411877,0.398076,2.323166,0.419123,0.421864,2.441605
1645444439454.712,281375310104,791.097593,496.440893,2.401573,0.411048,0.401242,2.32756,0.413012,0.426159,2.475586
1645444439464.731,281375321207,795.415363,495.26673,2.407578,0.414176,0.409419,2.358795,0.414382,0.416026,2.45636
1645444439476.718,281375332310,799.696398,501.385403,2.409683,0.417253,0.409043,2.360992,0.415764,0.4266,2.458374
1645444439487.7168,281375343413,800.211296,500.700688,2.40229,0.418463,0.416249,2.354904,0.41509,0.418252,2.449677
1645444439498.812,281375354516,804.194183,511.94905,2.401436,0.418454,0.419892,2.345993,0.419248,0.433356,2.456879
1645444439510.175,281375365620,795.942335,508.06632,2.397202,0.412074,0.417419,2.335175,0.417033,0.429358,2.459229
1645444439521.069,281375376724,824.008656,513.331819,2.383759,0.420807,0.426222,2.346786,0.437535,0.429331,2.420731
1645444439531.696,281375387827,875.085697,504.891479,2.390862,0.448063,0.422061,2.361023,0.463485,0.419425,2.4207
1645444439543.782,281375398930,902.9599,509.51103,2.398643,0.46515,0.430738,2.362564,0.475433,0.418447,2.434723
1645444439554.825,281375410033,915.057592,512.286472,2.385811,0.466398,0.436303,2.379074,0.486787,0.417507,2.392548
1645444439564.7832,281375421136,909.048958,517.653841,2.387222,0.461828,0.436193,2.371536,0.485098,0.426564,2.402908
1645444439576.3582,281375432239,909.562454,519.330186,2.382156,0.462142,0.429158,2.36824,0.485319,0.436392,2.396072
1645444439587.363,281375443342,900.14308,514.36066,2.398514,0.463583,0.419643,2.367737,0.474066,0.437624,2.429291
1645444439597.992,281375454446,898.616123,520.820385,2.39473,0.461324,0.42369,2.3582,0.474734,0.444344,2.431259
1645444439609.989,281375465549,898.18737,525.165081,2.396294,0.463757,0.431054,2.368286,0.471855,0.444221,2.424301
1645444439620.985,281375476652,904.011641,528.442311,2.388618,0.464724,0.437166,2.367859,0.476955,0.443571,2.409378
1645444439631.9858,281375487756,909.371738,535.390198,2.402023,0.467586,0.445459,2.373444,0.479677,0.446858,2.430603
1645444439642.989,281375498859,918.548498,529.134911,2.406693,0.474214,0.444904,2.380341,0.482607,0.436988,2.433044
1645444439653.986,281375509962,913.581219,536.259699,2.412384,0.470359,0.450346,2.400131,0.481288,0.44342,2.424637
1645444439664.989,281375521065,909.308624,530.775154,2.413666,0.469215,0.449184,2.401581,0.477982,0.435441,2.425751
1645444439675.984,281375532168,909.023066,530.78295,2.422165,0.471313,0.451758,2.429581,0.475586,0.43288,2.414749
1645444439687.9858,281375543272,909.937849,527.657551,2.410568,0.472398,0.443606,2.407059,0.475454,0.435823,2.414078
1645444439697.988,281375554375,910.145273,518.280709,2.399223,0.474873,0.443359,2.409286,0.473195,0.420442,2.38916
1645444439709.986,281375565478,899.358158,516.527152,2.375877,0.46942,0.437187,2.38562,0.467412,0.423692,2.366135
1645444439720.987,281375576581,894.799376,511.895138,2.381836,0.466199,0.433471,2.390503,0.465884,0.419688,2.373169
1645444439731.985,281375587684,888.992014,517.026418,2.382141,0.45966,0.420177,2.381744,0.466373,0.441533,2.382538
1645444439742.988,281375598788,886.838579,526.273942,2.398087,0.45718,0.426011,2.390915,0.46661,0.451112,2.405258
1645444439753.987,281375609891,883.335171,528.600436,2.391327,0.455676,0.42883,2.376068,0.464465,0.452171,2.406586
1645444439764.986,281375620994,878.225069,523.364228,2.384636,0.451727,0.431308,2.371841,0.463091,0.440966,2.39743
1645444439775.985,281375632098,884.89583,526.780862,2.389755,0.452306,0.426784,2.364288,0.469461,0.451184,2.415222
1645444439786.9849,281375643201,888.410912,529.010671,2.396584,0.453767,0.428375,2.372559,0.471661,0.453309,2.420609
1645444439797.986,281375654304,893.513861,533.49216,2.401718,0.456005,0.425931,2.370468,0.474738,0.463223,2.432968
1645444439808.9858,281375665407,887.326899,533.409655,2.397583,0.455399,0.428657,2.364182,0.4689,0.460359,2.430984
1645444439820.986,281375676510,882.957687,535.843813,2.398788,0.455783,0.42639,2.364731,0.463965,0.466683,2.432846
1645444439830.984,281375687613,879.575357,530.288905,2.394707,0.457133,0.433008,2.373474,0.459091,0.450807,2.415939
1645444439842.9849,281375698716,886.509047,534.257412,2.406372,0.462653,0.447254,2.412857,0.460794,0.443175,2.399887
1645444439853.985,281375709820,882.089338,529.753286,2.39473,0.459803,0.438777,2.383041,0.45904,0.444145,2.406418
1645444439864.9858,281375720924,881.78956,528.946906,2.386353,0.458302,0.435571,2.369522,0.460228,0.446007,2.403183
1645444439875.988,281375732027,887.920732,528.706026,2.397934,0.459105,0.423466,2.359467,0.465812,0.457711,2.436401
1645444439886.986,281375743130,891.306353,535.820228,2.410706,0.461881,0.433444,2.381424,0.466564,0.45959,2.439987
1645444439897.9849,281375754233,890.603113,528.794557,2.399673,0.464024,0.432369,2.369095,0.463687,0.448955,2.430252
1645444439909.985,281375765336,889.370527,525.167692,2.383644,0.463433,0.435348,2.360229,0.462995,0.439931,2.407059
1645444439920.9868,281375776439,890.053768,521.238953,2.38726,0.462017,0.438724,2.372772,0.465122,0.430007,2.401749
1645444439930.984,281375787542,893.629532,538.780689,2.392235,0.459603,0.445911,2.372131,0.471261,0.452057,2.412338
1645444439942.984,281375798645,901.928558,537.724453,2.412865,0.467603,0.447185,2.395401,0.471905,0.449022,2.430328
1645444439953.9849,281375809750,898.855362,538.259339,2.409721,0.469054,0.441617,2.380966,0.467253,0.455482,2.438477
1645444439963.9849,281375820853,898.532925,537.881899,2.406242,0.471254,0.437,2.37825,0.464718,0.45947,2.434235
1645444439975.993,281375831956,898.526888,547.552854,2.413857,0.470033,0.447922,2.379501,0.465932,0.464666,2.448212
1645444439986.992,281375843059,900.520649,545.805377,2.419998,0.470359,0.443071,2.386047,0.467684,0.466605,2.453949
1645444439998.08,281375854161,898.898993,544.297904,2.414757,0.471776,0.451955,2.385544,0.464577,0.455208,2.44397
1645444440009.984,281375865264,896.246967,540.940136,2.39962,0.465542,0.437486,2.359512,0.468049,0.464081,2.439728
1645444440020.9849,281375876367,895.733671,542.784172,2.401741,0.468786,0.441849,2.363785,0.46427,0.462791,2.439697
1645444440030.986,281375887470,890.579195,548.032665,2.399673,0.465024,0.435732,2.357391,0.462663,0.477656,2.441956
1645444440043.088,281375898574,883.148489,545.386237,2.383965,0.461971,0.443222,2.34935,0.457975,0.465755,2.418579
1645444440053.984,281375909678,878.935604,540.192604,2.369766,0.455438,0.436689,2.335541,0.46012,0.463632,2.403992
1645444440063.993,281375920781,877.954874,542.138833,2.372177,0.455074,0.448939,2.344269,0.459463,0.454625,2.400085
1645444440075.9858,281375931884,875.61307,539.801574,2.382835,0.454194,0.44852,2.347488,0.457903,0.451149,2.418182
1645444440086.986,281375942987,875.246172,538.95523,2.380013,0.456851,0.447032,2.333374,0.454864,0.451226,2.426651
1645444440097.984,281375954090,879.403811,531.095248,2.37883,0.457761,0.436527,2.338608,0.458284,0.448632,2.419052
1645444440108.987,281375965193,880.22109,524.635881,2.357101,0.459784,0.422194,2.322052,0.457113,0.452199,2.392151
1645444440119.99,281375976296,876.033726,521.843594,2.347313,0.455377,0.422801,2.318115,0.457158,0.446939,2.376511
1645444440131.9858,281375987400,874.650621,530.752498,2.352058,0.458311,0.434715,2.324249,0.452784,0.449873,2.379868
1645444440142.987,281375998503,875.522919,534.870368,2.361748,0.456116,0.446841,2.330673,0.455887,0.444609,2.392822
1645444440154.146,281376009606,874.244213,543.795794,2.385994,0.458243,0.452806,2.343674,0.452428,0.453521,2.428314
1645444440164.1482,281376020709,874.917183,545.969653,2.376518,0.455694,0.442242,2.324341,0.455678,0.467707,2.428696
1645444440176.147,281376031813,880.350924,555.651873,2.38855,0.457946,0.448122,2.343857,0.459086,0.477964,2.433243
1645444440187.147,281376042916,888.624058,543.281436,2.367737,0.459353,0.439403,2.321304,0.466298,0.466066,2.414169
1645444440198.146,281376054019,882.724428,532.336664,2.34478,0.454174,0.435159,2.303406,0.46533,0.452069,2.386154
1645444440211.147,281376065122,871.664515,524.371129,2.339645,0.446744,0.425678,2.292007,0.46124,0.448274,2.387283
1645444440220.1482,281376076226,869.43924,525.676757,2.33239,0.445011,0.425449,2.297943,0.460655,0.450679,2.366837
1645444440231.145,281376087329,874.009008,531.263387,2.351631,0.447345,0.435696,2.326553,0.463081,0.449743,2.376709
1645444440243.145,281376098432,883.665304,535.358423,2.353745,0.454701,0.442151,2.322754,0.465784,0.450113,2.384735
1645444440254.146,281376109535,882.366085,542.611456,2.370216,0.457095,0.451157,2.336243,0.462036,0.453195,2.40419
1645444440263.15,281376120638,886.274357,546.637934,2.454918,0.461795,0.452836,2.401138,0.461408,0.458227,2.508698
1645444440275.148,281376131742,875.385418,542.797691,2.432259,0.460924,0.453344,2.409683,0.450935,0.451319,2.454834
1645444440285.1492,281376142845,,,,,,,,,
1645444440296.145,281376153948,,,,,,,,,
1645444440307.147,281376165052,,,,,,,,,
1645444440318.9548,281376176155,,,,,,,,,
1645444440329.477,281376187258,,,,,,,,,
1645444440340.48,281376198361,,,,,,,,,
1645444440352.479,281376209464,,,,,,,,,
1645444440362.477,281376220567,,,,,,,,,
1645444440374.48,281376231670,,,,,,,,,
1645444440385.479,281376242774,,,,,,,,,
1645444440396.477,281376253878,,,,,,,,,
1645444440408.479,281376264981,,,,0.491848,0.402682,2.526367,,,
1645444440419.478,281376276084,1001.381779,490.791929,2.314117,0.491848,0.402682,2.526367,0.551258,0.415305,2.101868
1645444440431.479,281376287187,946.468306,523.858023,2.308914,0.485009,0.419602,2.349991,0.500896,0.453495,2.267838
1645444440442.477,281376298290,932.768869,526.498657,2.308708,0.477902,0.422128,2.29567,0.493732,0.45537,2.321747
1645444440453.1492,281376309393,907.477598,536.874318,2.355965,0.474099,0.425062,2.308716,0.47119,0.469728,2.403214
1645444440464.143,281376320496,904.197865,538.209325,2.372704,0.471542,0.425064,2.318024,0.470331,0.471952,2.427383
1645444440476.152,281376331599,919.256487,548.337525,2.393089,0.479288,0.441733,2.353073,0.478271,0.472163,2.433105
1645444440487.1409,281376342703,930.399485,540.643698,2.37365,0.478648,0.437569,2.347595,0.490518,0.463504,2.399704
1645444440498.143,281376353807,927.940722,534.408224,2.361786,0.475818,0.442966,2.343796,0.490787,0.447714,2.379776
1645444440509.146,281376364910,915.285816,528.327799,2.339195,0.468475,0.434278,2.319168,0.484948,0.446268,2.359222
1645444440520.1409,281376376013,920.372715,531.963623,2.352776,0.472601,0.439419,2.342789,0.486121,0.447187,2.362762
1645444440531.15,281376387116,909.481602,533.786935,2.351555,0.467635,0.434502,2.317474,0.479742,0.455143,2.385635
1645444440542.14,281376398219,903.996906,532.52871,2.344879,0.466698,0.436995,2.323532,0.474966,0.450553,2.366226
1645444440554.141,281376409321,910.104818,532.585323,2.325371,0.466329,0.444178,2.319031,0.481696,0.443464,2.331711
1645444440564.142,281376420424,920.588322,538.480014,2.3386,0.476274,0.450932,2.341431,0.482672,0.446534,2.33577
1645444440576.139,281376431529,933.119545,537.211311,2.356613,0.484841,0.449677,2.351212,0.487158,0.445676,2.362015
1645444440587.142,281376442632,927.55846,538.867289,2.384842,0.485362,0.442641,2.35939,0.480845,0.455471,2.410294
1645444440597.141,281376453735,941.076794,537.019479,2.382278,0.490026,0.439997,2.361694,0.490262,0.455035,2.402863
1645444440609.4648,281376464838,948.821096,538.998163,2.396049,0.494756,0.446317,2.380554,0.493599,0.452013,2.411545
1645444440620.259,281376475941,947.445488,533.377773,2.402237,0.49627,0.447546,2.384888,0.490652,0.441417,2.419586
1645444440631.2612,281376487044,950.3936,524.594879,2.40892,0.498381,0.445005,2.3927,0.491613,0.42932,2.42514
1645444440642.262,281376498147,945.709848,530.064332,2.414185,0.492547,0.445907,2.383362,0.492567,0.437534,2.445007
1645444440653.2832,281376509250,948.989782,531.425428,2.421005,0.49403,0.446076,2.388519,0.494501,0.439633,2.453491
1645444440664.263,281376520354,946.021128,539.625174,2.44384,0.489772,0.451556,2.410233,0.495666,0.447819,2.477448
1645444440675.2651,281376531457,942.331581,529.050475,2.440582,0.487214,0.440494,2.408066,0.494382,0.441256,2.473099
1645444440686.26,281376542560,938.015299,536.146796,2.458809,0.484625,0.442984,2.428009,0.492474,0.450594,2.489609
1645444440697.261,281376553663,939.80278,528.180742,2.447395,0.486814,0.43903,2.421936,0.492148,0.441271,2.472855
1645444440709.2642,281376564767,941.919279,529.229593,2.445862,0.490158,0.440586,2.418289,0.491008,0.441463,2.473434
1645444440720.26,281376575870,944.673271,525.733781,2.435715,0.49183,0.442378,2.406952,0.492205,0.433845,2.464478
1645444440730.264,281376586973,949.976549,541.47765,2.439026,0.494966,0.461703,2.421722,0.494592,0.44076,2.456329
1645444440742.281,281376598076,949.853497,546.282524,2.442513,0.493156,0.462854,2.417648,0.496275,0.447617,2.467377
1645444440753.26,281376609180,953.007803,551.838076,2.443817,0.495137,0.464921,2.42424,0.497579,0.454809,2.463394
1645444440764.262,281376620283,970.431232,543.976772,2.432907,0.504731,0.439711,2.397293,0.506135,0.466917,2.468521
1645444440775.2622,281376631386,984.762554,540.654802,2.435753,0.51593,0.433617,2.416336,0.509864,0.467474,2.45517
1645444440786.262,281376642489,992.816563,532.51031,2.41909,0.521489,0.422337,2.387238,0.512695,0.465181,2.450943
1645444440797.26,281376653592,985.763168,524.223089,2.426003,0.518751,0.424673,2.4077,0.508086,0.449033,2.444305
1645444440809.04,281376664695,983.903332,527.976644,2.421356,0.513931,0.428476,2.396942,0.510968,0.451485,2.44577
1645444440820.024,281376675799,978.532734,533.050525,2.432739,0.511737,0.429745,2.411072,0.507568,0.458672,2.454407
1645444440831.025,281376686902,972.698078,546.527159,2.4217,0.509704,0.433136,2.37999,0.503523,0.477742,2.463409
1645444440842.0269,281376698006,976.413231,551.461351,2.431908,0.510773,0.431446,2.379501,0.506324,0.487656,2.484314
1645444440853.027,281376709109,971.932011,554.875785,2.43045,0.504187,0.437058,2.381454,0.508242,0.487735,2.479446
1645444440864.024,281376720212,981.780453,553.207362,2.429001,0.507197,0.445226,2.39946,0.515491,0.476786,2.458542
1645444440875.319,281376731315,975.475216,544.932371,2.403717,0.508143,0.453916,2.400528,0.507977,0.454305,2.406906
1645444440887.32,281376742418,980.740814,538.230121,2.396042,0.511743,0.449715,2.392456,0.509862,0.447335,2.399628
1645444440897.319,281376753521,977.798996,519.731587,2.362762,0.50818,0.437029,2.364685,0.510361,0.42919,2.36084
1645444440908.319,281376764624,984.241447,512.974727,2.36306,0.510838,0.426311,2.363113,0.514413,0.428646,2.363007
1645444440920.323,281376775728,989.412746,508.190078,2.34787,0.512372,0.419806,2.352219,0.518266,0.427177,2.343521
1645444440930.319,281376786832,990.782146,528.483206,2.378952,0.516051,0.421078,2.359192,0.516014,0.459728,2.398712
1645444440942.317,281376797935,987.484989,537.490726,2.382721,0.51162,0.425521,2.360535,0.517011,0.470297,2.404907
1645444440953.319,281376809038,983.616829,542.365158,2.376633,0.511067,0.42883,2.350632,0.513534,0.475112,2.402634
1645444440964.3198,281376820141,984.667912,534.388447,2.36985,0.510928,0.429282,2.345291,0.514768,0.461365,2.394409
1645444440975.3188,281376831244,986.938648,539.619845,2.382713,0.51488,0.42899,2.338837,0.513181,0.470377,2.42659
1645444440986.319,281376842347,990.883026,533.930379,2.393539,0.516614,0.426842,2.344131,0.515556,0.463042,2.442947
1645444440997.323,281376853450,988.78046,527.417564,2.383499,0.515544,0.429487,2.347519,0.514436,0.449543,2.419479
1645444441009.319,281376864553,982.839546,514.794266,2.366867,0.511416,0.428489,2.354904,0.512375,0.429501,2.37883
1645444441020.3398,281376875657,980.824585,520.986807,2.367409,0.509781,0.435448,2.368958,0.511911,0.432864,2.36586
1645444441030.3198,281376886761,984.820175,522.24412,2.356499,0.511703,0.425166,2.362259,0.514152,0.445241,2.350739
1645444441042.319,281376897864,985.461445,528.571039,2.363838,0.51207,0.431251,2.374725,0.514453,0.449701,2.352951
1645444441053.322,281376908967,983.928051,519.103003,2.358391,0.511913,0.420243,2.351822,0.513012,0.444929,2.36496
1645444441064.318,281376920070,983.878212,515.561575,2.368942,0.513721,0.434958,2.37001,0.511152,0.424312,2.367874
1645444441075.319,281376931173,978.221684,510.121554,2.349998,0.507694,0.426289,2.334351,0.511287,0.423913,2.365646
1645444441087.3188,281376942276,982.01992,513.389558,2.353127,0.507864,0.429906,2.349899,0.515074,0.425744,2.356354
1645444441097.318,281376953379,984.70356,523.298532,2.357262,0.506781,0.430565,2.337143,0.518952,0.441599,2.37738
1645444441109.319,281376964483,989.561405,531.615651,2.37809,0.512184,0.436537,2.356018,0.518609,0.449489,2.400162
1645444441120.3188,281376975586,987.781506,531.625789,2.375679,0.513385,0.439848,2.352173,0.515555,0.446195,2.399185
1645444441131.32,281376986689,989.429569,526.477754,2.366806,0.514089,0.431872,2.34877,0.516567,0.445591,2.384842
1645444441142.325,281376997793,996.738796,518.041277,2.348579,0.516266,0.42027,2.322128,0.522003,0.443133,2.375031
1645444441153.3252,281377008896,1006.182003,517.845726,2.352875,0.521576,0.416302,2.323074,0.52653,0.446774,2.382675
1645444441164.318,281377019999,1024.760513,505.890048,2.345215,0.529428,0.406739,2.311554,0.538031,0.436411,2.378876
1645444441267.611,281377031102,1032.900467,507.519704,2.341019,0.536822,0.418142,2.333344,0.539116,0.427724,2.348694
1645444441269.613,281377042205,1031.501884,504.481459,2.341743,0.537009,0.413165,2.325455,0.537472,0.427637,2.358032
1645444441270.613,281377053309,1032.161922,503.976202,2.351929,0.539394,0.4094,2.334198,0.535774,0.43056,2.369659
1645444441271.6128,281377064412,1031.839657,501.003385,2.369102,0.540996,0.403471,2.344345,0.533837,0.431534,2.39386
1645444441271.6128,281377075515,1037.636032,505.390352,2.371162,0.537315,0.414759,2.371475,0.543556,0.427558,2.37085
1645444441272.614,281377086618,1034.763451,514.275044,2.377365,0.534738,0.427085,2.386658,0.54314,0.43004,2.368073
1645444441274.612,281377097722,1039.651852,510.08994,2.367455,0.536397,0.423594,2.383911,0.546574,0.426556,2.350998
1645444441275.613,281377108825,1034.890652,508.552498,2.368004,0.537669,0.41756,2.369919,0.540343,0.430027,2.366089
1645444441275.613,281377119928,1040.260334,499.768227,2.363373,0.540038,0.400701,2.361557,0.543567,0.432246,2.365189
1645444441277.615,281377131031,1032.203236,502.5002,2.363426,0.533607,0.397348,2.344543,0.541605,0.440153,2.382309
1645444441286.61,281377142135,1036.015606,503.456604,2.369102,0.536649,0.398391,2.354935,0.542533,0.440703,2.38327
1645444441296.61,281377153238,1030.05518,521.336281,2.387604,0.535246,0.419658,2.372879,0.537728,0.449236,2.402328
1645444441308.6108,281377164341,1031.367474,523.691547,2.396484,0.534642,0.429015,2.391815,0.539699,0.443805,2.401154
1645444441319.613,281377175444,1033.533669,514.38328,2.380363,0.532913,0.426045,2.374863,0.543685,0.43126,2.385864
1645444441331.612,281377186547,1038.515739,505.612618,2.379196,0.536613,0.419628,2.36795,0.545175,0.42306,2.390442
1645444441341.612,281377197650,1037.599411,500.694412,2.378235,0.538172,0.408414,2.359756,0.542661,0.426077,2.396713
1645444441353.612,281377208754,1037.185249,514.374822,2.390869,0.540283,0.41769,2.371185,0.540118,0.439601,2.410553
1645444441363.6128,281377219857,1038.277016,510.284668,2.393425,0.538778,0.416508,2.387726,0.542761,0.433966,2.399124
1645444441375.613,281377230961,1042.399864,509.690577,2.394218,0.542521,0.423563,2.396408,0.543312,0.425921,2.392029
1645444441386.6118,281377242064,1042.741184,498.902553,2.395348,0.541107,0.415849,2.394653,0.545081,0.415655,2.396042
1645444441396.611,281377253167,1046.444836,496.180505,2.406868,0.541999,0.412259,2.399017,0.548048,0.414709,2.414719
1645444441408.61,281377264270,1051.788998,505.906999,2.428612,0.542661,0.413002,2.41008,0.552952,0.430176,2.447144
1645444441419.614,281377275373,1054.948654,516.992086,2.443123,0.545667,0.422503,2.422394,0.553238,0.43915,2.463852
1645444441430.612,281377286476,1076.769733,514.454198,2.436066,0.553379,0.424441,2.419861,0.568257,0.432983,2.452271
1645444441442.611,281377297579,1078.150749,511.50704,2.425308,0.558169,0.42743,2.410065,0.564904,0.425081,2.440552
1645444441452.513,281377308682,1071.811237,513.746148,2.441978,0.55621,0.424536,2.427017,0.56026,0.431708,2.45694
1645444441463.5142,281377319787,1074.263935,518.907291,2.462624,0.563249,0.43111,2.447128,0.555776,0.433735,2.478119
1645444441475.526,281377330890,1078.46426,520.630664,2.474976,0.568339,0.436917,2.472992,0.555062,0.430801,2.476959
1645444441486.522,281377341993,1083.70039,516.954643,2.472168,0.573314,0.435662,2.454834,0.555541,0.425929,2.489502
1645444441496.512,281377353096,1079.869823,516.523844,2.484756,0.571523,0.436156,2.457565,0.553342,0.424717,2.511948
1645444441508.518,281377364199,1076.025352,515.268552,2.486824,0.56643,0.428647,2.452042,0.55443,0.430134,2.521606
1645444441519.512,281377375302,1076.879597,516.820353,2.47612,0.564072,0.433366,2.464127,0.557678,0.428001,2.488113
1645444441530.513,281377386405,1075.1227,515.136856,2.479042,0.561885,0.420576,2.462021,0.558035,0.437986,2.496063
1645444441541.513,281377397508,1069.335651,511.121053,2.474838,0.557045,0.411383,2.44548,0.556846,0.440485,2.504196
1645444441552.511,281377408612,1066.319962,511.035722,2.479706,0.557473,0.40849,2.447983,0.553277,0.443237,2.511429
1645444441563.5122,281377419716,1069.032612,505.344379,2.47612,0.559265,0.41027,2.452362,0.554311,0.431971,2.499878
1645444441575.511,281377430819,1070.288601,510.664988,2.481804,0.558601,0.422477,2.469254,0.556282,0.428632,2.494354
1645444441586.515,281377441922,1078.942165,501.942641,2.476608,0.561876,0.418401,2.457123,0.562022,0.41817,2.496094
1645444441597.5151,281377453025,1077.52739,508.145285,2.492088,0.560124,0.42927,2.479797,0.5623,0.417638,2.504379
1645444441608.5132,281377464128,1085.421238,507.572973,2.49617,0.563711,0.426725,2.485535,0.566936,0.41923,2.506805
1645444441619.107,281377475231,1082.942047,511.42323,2.508568,0.562268,0.427159,2.501221,0.565797,0.425213,2.515915
1645444441630.11,281377486334,1076.728878,515.938604,2.526779,0.559855,0.419398,2.504761,0.561738,0.4405,2.548798
1645444441642.108,281377497438,1074.558678,513.298398,2.529144,0.560577,0.419023,2.511475,0.558755,0.436474,2.546814
1645444441653.11,281377508541,1071.359825,510.232866,2.523819,0.560316,0.415605,2.507736,0.555684,0.434784,2.539902
1645444441663.106,281377519644,1075.188389,505.379444,2.508987,0.562623,0.414419,2.494125,0.557364,0.42788,2.523849
1645444441675.105,281377530748,1082.200756,504.193604,2.515457,0.567367,0.406857,2.500381,0.559926,0.433466,2.530533
1645444441686.11,281377541851,1089.95739,506.287622,2.518837,0.56864,0.409929,2.518814,0.566732,0.433884,2.51886
1645444441697.106,281377552954,1114.436646,499.479979,2.527069,0.582542,0.406908,2.523636,0.57833,0.425559,2.530502
1645444441709.1082,281377564057,1117.584114,500.810677,2.528908,0.583512,0.41003,2.524353,0.580638,0.424655,2.533463
1645444441719.106,281377575160,1121.89785,501.481533,2.534805,0.588321,0.405681,2.504532,0.580322,0.430121,2.565079
1645444441730.105,281377586264,1126.475029,498.469126,2.539322,0.586334,0.407726,2.524734,0.587077,0.423056,2.553909
1645444441741.106,281377597367,1128.013859,498.561698,2.540993,0.586338,0.410735,2.528397,0.588676,0.420201,2.553589
1645444441753.103,281377608470,1130.716438,498.419148,2.531494,0.585,0.410439,2.530167,0.592829,0.420259,2.532822
1645444441763.114,281377619573,1120.641575,496.338952,2.527969,0.578487,0.408848,2.517883,0.588848,0.418384,2.538055
1645444441775.114,281377630676,1119.861717,501.936972,2.536743,0.580682,0.412047,2.526688,0.585841,0.424515,2.546799
1645444441786.129,281377641780,1117.396717,501.049805,2.539879,0.579164,0.417425,2.535767,0.584791,0.417658,2.543991
1645444441796.114,281377652883,1120.522099,508.061761,2.552292,0.58205,0.420665,2.54245,0.585161,0.426104,2.562134
1645444441808.114,281377663986,1118.301888,504.77196,2.532814,0.577526,0.423468,2.523666,0.587372,0.417818,2.541962
1645444441819.609,281377675090,1117.869587,503.865141,2.54023,0.57751,0.420384,2.525497,0.586938,0.419391,2.554962
1645444441830.364,281377686193,1117.560539,510.971707,2.540451,0.579527,0.425481,2.527924,0.584599,0.426139,2.552979
1645444441842.405,281377697296,1114.485741,505.181909,2.54007,0.580616,0.414975,2.531357,0.580307,0.426995,2.548782
1645444441852.405,281377708399,1116.993713,510.653383,2.533028,0.58015,0.417312,2.535828,0.583385,0.433777,2.530228
1645444441863.659,281377719502,1120.131054,508.227628,2.528366,0.582999,0.409613,2.527084,0.583805,0.437433,2.529648
1645444441874.6318,281377730605,1128.197193,515.186852,2.53878,0.584525,0.414606,2.52037,0.590681,0.444038,2.55719
1645444441885.627,281377741709,1120.420818,514.872158,2.544441,0.583874,0.41244,2.495529,0.583231,0.44568,2.593353
1645444441896.628,281377752812,1119.826469,516.017371,2.558113,0.579896,0.424962,2.526093,0.58659,0.435067,2.590134
1645444441908.626,281377763916,1117.671146,508.055985,2.54641,0.582206,0.421006,2.519241,0.582035,0.425754,2.573578
1645444441919.631,281377775019,1121.540966,508.216524,2.548523,0.582013,0.422797,2.541702,0.586259,0.424231,2.555344
1645444441929.6318,281377786122,1090.462704,507.255399,2.542763,0.570499,0.408073,2.520432,0.5654,0.437353,2.565094
1645444441941.628,281377797225,1081.0219,513.162374,2.553978,0.561964,0.40672,2.530884,0.5641,0.448551,2.577072
1645444441952.6292,281377808328,1075.049744,504.610008,2.533768,0.557852,0.402964,2.511002,0.561991,0.438053,2.556534
1645444441962.6292,281377819431,1083.100491,496.264011,2.524811,0.560791,0.404861,2.514084,0.567438,0.422246,2.535538
1645444441974.63,281377830534,1075.092144,494.057661,2.520592,0.55778,0.402257,2.505997,0.562108,0.421172,2.535187
1645444441985.628,281377841637,1073.791008,500.936759,2.534515,0.557212,0.4078,2.521301,0.561321,0.427095,2.547729
1645444441996.629,281377852742,1076.3237,510.050368,2.549736,0.559102,0.411519,2.529999,0.562069,0.438565,2.569473
1645444442007.629,281377863845,1079.175167,508.05586,2.551369,0.560469,0.422874,2.555206,0.563672,0.423885,2.547531
1645444442019.6272,281377874948,1079.081383,507.667601,2.559723,0.563424,0.418661,2.553833,0.560619,0.427452,2.565613
1645444442029.629,281377886051,1075.291443,508.373791,2.583694,0.559525,0.416417,2.617081,0.56057,0.430872,2.550308
1645444442042.188,281377897154,1082.812901,512.949729,2.600327,0.564741,0.415267,2.628937,0.563189,0.43965,2.571716
1645444442052.6272,281377908257,1074.665108,517.460632,2.607742,0.55755,0.424825,2.642776,0.561893,0.43761,2.572708
1645444442063.627,281377919360,1074.248714,513.011742,2.57473,0.560894,0.425505,2.584351,0.558115,0.429514,2.565109
1645444442074.6282,281377930463,1075.909824,513.533235,2.580414,0.562366,0.425547,2.586456,0.558373,0.430342,2.574371
1645444442085.6272,281377941567,1074.080544,515.246791,2.580521,0.56242,0.422662,2.578583,0.556414,0.436083,2.582458
1645444442096.627,281377952670,1067.126598,514.844209,2.583397,0.557849,0.417054,2.564392,0.553742,0.441019,2.602402
1645444442107.6392,281377963774,1050.042915,521.876353,2.580055,0.546442,0.415975,2.551071,0.547352,0.453819,2.609039
1645444442118.629,281377974877,1042.15662,519.492567,2.584473,0.544624,0.416087,2.560822,0.540956,0.449734,2.608124
1645444442129.627,281377985980,1035.778656,516.005123,2.568405,0.537766,0.414265,2.544006,0.54117,0.445743,2.592804
1645444442140.63,281377997083,1035.930347,501.946002,2.551346,0.538843,0.409906,2.537857,0.540251,0.426671,2.564835
1645444442151.866,281378008186,1042.61364,504.183072,2.552078,0.541751,0.415209,2.541809,0.544305,0.425096,2.562347
1645444442162.878,281378019289,1039.959068,504.119271,2.569351,0.540265,0.422121,2.562866,0.543026,0.418078,2.575836
1645444442174.876,281378030393,1040.674438,510.085523,2.571815,0.539889,0.419745,2.544449,0.544147,0.430397,2.599182
1645444442185.876,281378041496,1043.88073,507.225055,2.555771,0.537862,0.415123,2.531784,0.549514,0.430252,2.579758
1645444442195.877,281378052599,1044.808674,510.055858,2.552261,0.542376,0.404947,2.525131,0.545967,0.445146,2.579391
1645444442207.876,281378063703,1050.181847,504.988843,2.557343,0.545056,0.403328,2.544434,0.548884,0.438321,2.570251
1645444442218.876,281378074806,1046.058369,506.839389,2.578384,0.545637,0.415002,2.574203,0.544007,0.42973,2.582565
1645444442229.88,281378085909,1046.712055,506.369805,2.570976,0.545059,0.425701,2.572525,0.545266,0.418248,2.569427
1645444442240.875,281378097012,1042.52718,515.30934,2.581894,0.540897,0.431896,2.579315,0.545069,0.426953,2.584473
1645444442251.875,281378108115,1039.39127,513.022721,2.564484,0.539979,0.418983,2.544479,0.542721,0.436055,2.584488
1645444442262.878,281378119219,1039.023571,513.027656,2.566452,0.538565,0.410134,2.532303,0.543751,0.444912,2.600601
1645444442274.873,281378130322,1038.010826,511.058056,2.556725,0.540138,0.407171,2.527115,0.541123,0.444593,2.586334
1645444442285.873,281378141425,1037.591915,511.773813,2.569077,0.539163,0.40842,2.537476,0.541662,0.444536,2.600677
1645444442295.8838,281378152528,1035.590973,502.665854,2.568474,0.539897,0.405297,2.546707,0.538843,0.432479,2.59024
1645444442307.883,281378163631,1031.747417,496.232003,2.560562,0.53851,0.400493,2.533554,0.536227,0.42656,2.58757
1645444442318.585,281378174735,1042.93499,495.179701,2.541641,0.542931,0.402875,2.527924,0.543459,0.422425,2.555359
1645444442329.653,281378185838,1084.671192,505.707389,2.550346,0.561278,0.409477,2.524979,0.568587,0.433369,2.575714
1645444442341.1902,281378196941,1105.464649,505.681211,2.558563,0.5704,0.410323,2.53978,0.581125,0.432479,2.577347
1645444442352.274,281378208045,1113.173904,506.372166,2.566391,0.574488,0.405244,2.539352,0.585068,0.438709,2.59343
1645444442363.167,281378219148,1110.798225,508.542341,2.559387,0.571188,0.411309,2.538666,0.585893,0.436262,2.580109
1645444442375.123,281378230251,1113.381844,512.656367,2.560448,0.574873,0.42177,2.547623,0.5849,0.432658,2.573273
1645444442385.125,281378241354,1111.888561,509.329534,2.564781,0.575346,0.424837,2.549179,0.582871,0.424045,2.580383
1645444442396.1538,281378252457,1104.405098,506.076586,2.582733,0.57391,0.417763,2.561874,0.576512,0.425698,2.603592
1645444442408.155,281378263560,1111.163921,506.816196,2.586418,0.581342,0.423311,2.573608,0.576121,0.421383,2.599228
1645444442418.671,281378274663,1120.497723,508.277106,2.574936,0.583156,0.425672,2.574326,0.58403,0.421456,2.575546
1645444442429.669,281378285767,1128.527298,504.976898,2.564095,0.587508,0.423711,2.553177,0.588042,0.417918,2.575012
1645444442441.6658,281378296871,1124.292011,503.93241,2.549713,0.581811,0.410336,2.522934,0.589327,0.429551,2.576492
1645444442451.738,281378307974,1114.061737,504.520011,2.559486,0.581971,0.402225,2.514206,0.57851,0.438641,2.604767
1645444442462.751,281378319077,1115.812054,501.894253,2.560532,0.581565,0.400887,2.534286,0.580739,0.435603,2.586777
1645444442474.749,281378330180,1110.829411,501.441121,2.571022,0.581326,0.39809,2.550461,0.575788,0.437645,2.591583
1645444442485.761,281378341283,1118.657913,503.390086,2.567673,0.582888,0.406718,2.567764,0.582381,0.432266,2.567581
1645444442496.748,281378352386,1118.739395,504.952884,2.566681,0.585735,0.406712,2.57576,0.579618,0.434876,2.557602
1645444442507.749,281378363489,1117.324162,503.942424,2.557274,0.582388,0.414748,2.554291,0.581492,0.425156,2.560257
1645444442518.749,281378374592,1110.105915,510.557824,2.571327,0.576311,0.417244,2.565948,0.580049,0.433686,2.576706
1645444442529.75,281378385697,1111.409683,516.413409,2.574638,0.576109,0.420745,2.555725,0.581609,0.439944,2.593552
1645444442540.749,281378396800,1115.311947,515.591079,2.572563,0.580796,0.413929,2.559067,0.580987,0.445389,2.58606
1645444442551.749,281378407903,1121.668625,504.553109,2.551285,0.583122,0.412748,2.540512,0.585283,0.428173,2.562057
1645444442562.75,281378419006,1124.376698,485.907251,2.533585,0.581646,0.407858,2.528763,0.58958,0.401987,2.538406
1645444442574.749,281378430109,1125.067749,487.225163,2.539001,0.582964,0.414164,2.549515,0.588981,0.397878,2.528488
1645444442585.749,281378441212,1121.125946,489.795774,2.547379,0.585799,0.404315,2.542496,0.582041,0.412011,2.552261
1645444442595.748,281378452315,1121.435623,503.910094,2.561142,0.59079,0.408784,2.551178,0.577372,0.431067,2.571106
1645444442607.7522,281378463418,1133.374844,514.27483,2.57795,0.598441,0.412079,2.546677,0.582158,0.445046,2.609222
1645444442618.397,281378474522,1145.723248,516.101629,2.584618,0.601864,0.416386,2.557114,0.591598,0.443783,2.612122
1645444442629.612,281378485625,1160.790539,517.65874,2.573959,0.604247,0.420825,2.544525,0.60491,0.44194,2.603394
1645444442640.6208,281378496729,1157.119732,513.01977,2.565353,0.599865,0.423478,2.554352,0.605468,0.431555,2.576355
1645444442652.613,281378507832,1154.421959,505.977237,2.555069,0.596376,0.425116,2.551285,0.606147,0.41818,2.558853
1645444442662.611,281378518935,1151.341953,500.664318,2.564827,0.60046,0.41547,2.560883,0.598855,0.418971,2.568771
1645444442674.612,281378530038,1154.904842,497.016495,2.564194,0.601949,0.406494,2.541779,0.601077,0.421867,2.586609
1645444442685.611,281378541141,1152.946644,505.133647,2.578079,0.602118,0.411418,2.554291,0.598868,0.430472,2.601868
1645444442696.6108,281378552244,1161.610107,495.359766,2.560951,0.602419,0.400316,2.534576,0.607592,0.425283,2.587326
1645444442707.611,281378563348,1161.381741,497.077399,2.561531,0.601444,0.400648,2.548508,0.608329,0.427814,2.574554
1645444442718.6128,281378574451,1161.098042,494.102597,2.548683,0.601116,0.398728,2.538391,0.608361,0.424776,2.558975
1645444442729.6108,281378585554,1159.071121,502.38508,2.558624,0.600326,0.408552,2.553406,0.607039,0.428757,2.563843
1645444442740.613,281378596657,1153.363323,504.040307,2.562859,0.594603,0.412296,2.545883,0.606817,0.427772,2.579834
1645444442752.6108,281378607761,1156.468678,503.293669,2.566414,0.595444,0.407267,2.539658,0.609211,0.431556,2.59317
1645444442762.6108,281378618864,1153.79631,513.460493,2.578255,0.596068,0.417816,2.552811,0.605803,0.437951,2.603699
1645444442774.611,281378629967,1154.666348,514.158583,2.569084,0.597465,0.413525,2.534546,0.605312,0.443406,2.603622
1645444442785.6108,281378641070,1156.585579,513.56383,2.56057,0.597989,0.414854,2.52684,0.606787,0.441086,2.594299
1645444442795.619,281378652174,1158.069649,495.974475,2.544518,0.595452,0.406921,2.518997,0.610871,0.419703,2.570038
1645444442807.6191,281378663277,1163.010864,501.931304,2.557632,0.600183,0.414165,2.55101,0.611287,0.422387,2.564255
1645444442818.765,281378674380,1163.157806,502.468014,2.55703,0.602546,0.416546,2.564896,0.609077,0.420901,2.549164
1645444442829.7551,281378685483,1163.551769,506.206977,2.550385,0.602462,0.421846,2.551758,0.609571,0.421832,2.549011
1645444442841.782,281378696586,1168.866463,510.503536,2.558517,0.60518,0.417181,2.542953,0.612389,0.433658,2.574081
1645444442852.7651,281378707690,1181.510639,506.795257,2.551147,0.605713,0.416722,2.530731,0.625027,0.427937,2.571564
1645444442863.6628,281378718793,1204.320202,525.358003,2.567955,0.622166,0.423553,2.544464,0.632335,0.452044,2.591446
1645444442874.49,281378729896,1205.626602,525.680995,2.560455,0.622205,0.431067,2.537216,0.633656,0.445068,2.583694
1645444442885.206,281378741000,1201.600914,529.889113,2.559959,0.622935,0.426835,2.530197,0.628733,0.456313,2.589722
1645444442895.598,281378752103,1199.377441,514.643437,2.557869,0.618275,0.415164,2.538193,0.631076,0.442575,2.577545
1645444442907.5989,281378763206,1201.111908,518.822891,2.562698,0.619862,0.412136,2.52887,0.631296,0.452568,2.596527
1645444442918.618,281378774309,1206.559696,516.789794,2.565788,0.623277,0.419233,2.547073,0.633556,0.442083,2.584503
1645444442929.605,281378785412,1200.8428,523.604214,2.586098,0.622142,0.429551,2.561356,0.628735,0.443122,2.61084
1645444442940.5962,281378796515,1201.254959,518.024951,2.582176,0.623218,0.422616,2.567459,0.628089,0.440759,2.596893
1645444442951.598,281378807618,1204.272938,522.550642,2.587486,0.62575,0.422777,2.561523,0.628701,0.448141,2.613449
1645444442962.599,281378818722,1214.684944,517.548537,2.574219,0.631562,0.419316,2.560486,0.633735,0.443265,2.587952
1645444442973.5972,281378829826,1210.894089,524.894571,2.582909,0.628691,0.425358,2.564926,0.632657,0.449466,2.600891
1645444442985.595,281378840929,1203.210697,519.158989,2.579491,0.623919,0.42476,2.565842,0.629425,0.440505,2.59314
1645444442995.595,281378852032,1206.933002,509.447104,2.575127,0.622905,0.410371,2.542343,0.634317,0.438708,2.60791
1645444443007.598,281378863135,1207.264881,507.858682,2.561623,0.624254,0.413983,2.535507,0.633314,0.432448,2.587738
1645444443018.599,281378874238,1210.350552,511.202306,2.562607,0.625084,0.410766,2.536148,0.635698,0.441238,2.589066
1645444443029.597,281378885341,1205.968952,524.97831,2.575356,0.624544,0.427064,2.561646,0.631673,0.4479,2.589066
1645444443040.595,281378896444,1210.620461,524.633574,2.595085,0.626717,0.421819,2.575546,0.634346,0.452571,2.614624
1645444443051.596,281378907547,1212.638226,519.769639,2.595596,0.624835,0.422895,2.581146,0.63833,0.443388,2.610046
1645444443062.5962,281378918651,1232.628193,502.091914,2.583656,0.632255,0.408509,2.563751,0.651732,0.428311,2.603561
1645444443073.595,281378929755,1237.79932,495.066583,2.574379,0.638549,0.410888,2.569946,0.650826,0.414223,2.578812
1645444443084.598,281378940858,1247.365322,493.517607,2.567436,0.645482,0.41088,2.569824,0.653857,0.411649,2.565048
1645444443095.597,281378951961,1241.169891,495.449066,2.579819,0.641476,0.413129,2.584152,0.651409,0.412619,2.575485
1645444443107.6082,281378963064,1249.068661,509.707779,2.602478,0.640771,0.41083,2.574951,0.660343,0.438683,2.630005
1645444443118.597,281378974167,1247.615719,510.006523,2.611641,0.640156,0.409133,2.571213,0.659444,0.440878,2.652069
1645444443128.596,281378985270,1253.872147,515.295857,2.604309,0.644568,0.4058,2.565659,0.661548,0.453026,2.64296
1645444443140.596,281378996373,1248.119946,506.611544,2.580292,0.646539,0.409935,2.569809,0.653586,0.434417,2.590775
1645444443151.5952,281379007477,1250.717812,508.077586,2.570747,0.648007,0.408219,2.55925,0.654824,0.438577,2.582245
1645444443162.596,281379018580,1253.932457,520.247644,2.584755,0.653616,0.424095,2.565842,0.652564,0.442985,2.603668
1645444443173.605,281379029684,1246.611042,499.615431,2.530998,0.650824,0.417945,2.55455,0.647729,0.414748,2.507446
1645444443277.595,281379040787,1241.715775,500.257283,2.544662,0.648843,0.417988,2.563156,0.644611,0.415774,2.526169
1645444443277.595,281379051890,1238.642349,491.056108,2.535873,0.645233,0.406402,2.555893,0.64502,0.412025,2.515854
1645444443278.5972,281379062993,1234.423313,484.316218,2.509529,0.645514,0.407205,2.550247,0.640344,0.399989,2.468811
1645444443279.597,281379074096,1232.723236,485.336173,2.505814,0.643765,0.409049,2.547836,0.640322,0.399845,2.463791
1645444443279.597,281379085199,1232.54591,487.667209,2.500603,0.644572,0.413404,2.542786,0.639329,0.399375,2.45842
1645444443279.597,281379096303,1245.118904,518.063325,2.585205,0.644761,0.423507,2.552383,0.652238,0.439931,2.618027
1645444443280.596,281379107406,1246.63044,515.134996,2.573608,0.64707,0.423314,2.542023,0.651504,0.435245,2.605194
1645444443281.597,281379118509,1242.127934,514.959115,2.573906,0.643082,0.425961,2.540497,0.650801,0.432304,2.607315
1645444443283.5989,281379129612,1228.359776,490.25436,2.500305,0.640264,0.420255,2.54335,0.639277,0.396836,2.45726
1645444443284.599,281379140716,1235.085869,493.038851,2.499596,0.640408,0.412746,2.539093,0.64614,0.408986,2.460098
1645444443295.595,281379151819,1230.385952,502.473718,2.516594,0.637572,0.416246,2.553955,0.64408,0.42121,2.479233
1645444443307.595,281379162922,1238.409634,533.278942,2.619232,0.639087,0.403455,2.544235,0.650923,0.485343,2.694229
1645444443318.594,281379174025,1229.326057,530.719203,2.63546,0.636167,0.407822,2.57222,0.644381,0.47671,2.6987
1645444443328.604,281379185129,1231.311951,515.564007,2.62529,0.639992,0.404314,2.573288,0.642625,0.454959,2.677292
1645444443340.603,281379196232,1234.052868,515.434992,2.61927,0.641961,0.421404,2.593979,0.643511,0.437654,2.644562
1645444443351.619,281379207335,1239.38776,515.772772,2.609505,0.645268,0.421423,2.572006,0.645761,0.438199,2.647003
1645444443362.54,281379218438,1244.374924,523.069417,2.598038,0.64787,0.417918,2.546097,0.648354,0.453864,2.649979
1645444443374.116,281379229541,1243.293743,514.523113,2.564308,0.644778,0.414701,2.527344,0.65032,0.442837,2.601273
1645444443385.374,281379240644,1238.206043,521.284533,2.569427,0.642139,0.418856,2.548599,0.647659,0.449951,2.590256
1645444443396.174,281379251748,1234.951687,526.043254,2.584854,0.638727,0.424165,2.568649,0.647681,0.452574,2.601059
1645444443407.243,281379262851,1242.759533,528.839582,2.584862,0.641423,0.432792,2.590408,0.653118,0.448607,2.579315
1645444443418.2551,281379273955,1241.462803,528.331053,2.582001,0.64095,0.42986,2.580032,0.652241,0.450691,2.583969
1645444443429.2349,281379285058,1240.165901,525.761729,2.562263,0.641578,0.42859,2.556595,0.650261,0.447679,2.567932
1645444443440.233,281379296161,1230.439739,523.438275,2.563477,0.637831,0.414789,2.53157,0.643877,0.457608,2.595383
1645444443452.234,281379307264,1232.194519,520.942765,2.559746,0.637406,0.419598,2.540359,0.64613,0.44864,2.579132
1645444443462.43,281379318367,1231.229954,517.950475,2.562408,0.637213,0.416388,2.546326,0.645318,0.446863,2.578491
1645444443473.43,281379329470,1233.888359,520.174974,2.575684,0.64105,0.419285,2.560349,0.64425,0.447673,2.591019
1645444443484.428,281379340573,1239.663563,526.088583,2.565842,0.645567,0.419082,2.53476,0.645749,0.457732,2.596924
1645444443495.437,281379351677,1237.621937,522.146827,2.571167,0.646452,0.41617,2.540497,0.642738,0.454075,2.601837
1645444443507.428,281379362781,1248.992901,519.660312,2.561142,0.65369,0.417616,2.540207,0.647344,0.448484,2.582077
1645444443518.428,281379373884,1249.242382,517.333031,2.580688,0.661316,0.414729,2.559769,0.639978,0.447492,2.601608
1645444443528.427,281379384987,1268.707638,599.715865,2.709305,0.679724,0.410548,2.554398,0.641846,0.588978,2.864212
1645444443540.427,281379396090,1299.623909,605.053335,2.721207,0.686953,0.403783,2.532501,0.666822,0.604639,2.909912
1645444443551.427,281379407193,1293.516941,605.675465,2.722534,0.680591,0.40482,2.535156,0.666822,0.604639,2.909912
1645444443562.428,281379418296,1293.718357,606.910193,2.719704,0.680801,0.406878,2.529495,0.666822,0.604639,2.909912
1645444443573.426,281379429399,1286.331825,613.486701,2.711372,0.676612,0.409588,2.528625,0.663317,0.61289,2.894119
1645444443584.427,281379440502,1290.364609,614.768493,2.706749,0.680813,0.411724,2.519379,0.663317,0.61289,2.894119
1645444443595.426,281379451606,1293.260422,615.360564,2.710327,0.683829,0.412711,2.526535,0.663317,0.61289,2.894119
1645444443607.427,281379462710,1314.388847,582.842177,2.667885,0.683001,0.415058,2.538589,0.686154,0.556345,2.79718
1645444443618.296,281379473813,1314.866753,582.413238,2.666,0.683499,0.414344,2.534821,0.686154,0.556345,2.79718
1645444443628.297,281379484916,1316.02129,580.568093,2.652992,0.684702,0.411268,2.508804,0.686154,0.556345,2.79718
1645444443640.296,281379496019,1303.826809,573.758769,2.644714,0.686832,0.406352,2.488983,0.671321,0.549913,2.800446
1645444443651.297,281379507122,1305.556183,566.875792,2.633636,0.688633,0.39488,2.466827,0.671321,0.549913,2.800446
1645444443662.297,281379518225,1304.767284,571.594727,2.641273,0.687811,0.402745,2.482101,0.671321,0.549913,2.800446
1645444443673.2969,281379529328,1307.863998,592.895222,2.673042,0.684057,0.409352,2.479553,0.678302,0.578806,2.866531
1645444443684.297,281379540432,1308.986092,556.425869,2.609039,0.683822,0.423472,2.507797,0.679705,0.503905,2.710281
1645444443695.297,281379551535,1302.476807,562.210536,2.616585,0.677041,0.433113,2.522888,0.679705,0.503905,2.710281
1645444443707.296,281379562638,1301.663418,559.466887,2.616898,0.681385,0.435044,2.535919,0.674515,0.497401,2.697876
1645444443718.296,281379573742,1293.898773,594.407523,2.671928,0.681587,0.434306,2.521393,0.666224,0.556373,2.822464
1645444443728.2952,281379584845,1298.955059,590.639895,2.657959,0.686854,0.428027,2.493454,0.666224,0.556373,2.822464
1645444443740.294,281379595948,1304.763508,616.981387,2.701775,0.683825,0.420764,2.474823,0.675303,0.607538,2.928726
1645444443751.298,281379607051,1307.279606,617.917871,2.704887,0.686446,0.422325,2.481049,0.675303,0.607538,2.928726
1645444443762.296,281379618154,1325.78516,608.48642,2.702057,0.705723,0.406606,2.475388,0.675303,0.607538,2.928726
1645444443773.296,281379629258,,,,0.723439,0.416533,2.512955,,,
1645444443784.298,281379640361,1405.668983,485.091984,2.506645,0.728476,0.410433,2.507919,0.735763,0.398054,2.505371
1645444443795.298,281379651464,1399.692078,481.727529,2.486664,0.726958,0.412381,2.502975,0.731055,0.390498,2.470352
1645444443806.297,281379662567,1395.201588,492.139846,2.505043,0.726461,0.404824,2.494797,0.726874,0.415409,2.515289
1645444443818.296,281379673671,1392.834091,494.916469,2.505135,0.727539,0.402531,2.491013,0.72333,0.42233,2.519257
1645444443828.303,281379684774,1385.423527,546.110934,2.590363,0.732819,0.396198,2.487595,0.71033,0.513987,2.69313
1645444443840.303,281379695877,1396.302109,550.58772,2.589081,0.732283,0.398609,2.49762,0.722198,0.519037,2.680542
1645444443851.3032,281379706980,1396.54541,549.588633,2.589714,0.732536,0.396944,2.498886,0.722198,0.519037,2.680542
1645444443862.2998,281379718084,1391.447468,553.85102,2.596344,0.727226,0.404048,2.512146,0.722198,0.519037,2.680542
1645444443873.332,281379729187,1319.270382,555.347693,2.512688,0.726166,0.411946,2.492569,0.648074,0.513634,2.532806
1645444443884.33,281379740290,1317.333927,561.300355,2.519203,0.724149,0.421867,2.5056,0.648074,0.513634,2.532806
1645444443895.297,281379751393,1317.836094,560.152835,2.515495,0.724672,0.419954,2.498184,0.648074,0.513634,2.532806
1645444443907.033,281379762496,1370.760326,605.831176,2.67907,0.722605,0.405087,2.486877,0.705271,0.604632,2.871262
1645444443918.063,281379773599,1371.548996,600.381356,2.674477,0.723426,0.396004,2.477692,0.705271,0.604632,2.871262
1645444443929.242,281379784703,1372.732773,598.649418,2.673386,0.724659,0.393117,2.47551,0.705271,0.604632,2.871262
1645444443940.2512,281379795806,1358.57254,596.474737,2.689827,0.724939,0.406357,2.501511,0.69024,0.587768,2.878143
1645444443951.237,281379806910,1357.515965,598.923129,2.694679,0.723839,0.410438,2.511215,0.69024,0.587768,2.878143
1645444443962.2358,281379818013,1349.425793,598.665047,2.694969,0.715411,0.410008,2.511795,0.69024,0.587768,2.878143
1645444443973.234,281379829116,1210.006485,589.904702,2.681488,0.66243,0.400515,2.49292,0.597994,0.582659,2.870056
1645444443984.234,281379840219,1114.990597,550.811684,2.617256,0.60968,0.409583,2.503754,0.551768,0.508436,2.730759
1645444443995.2332,281379851322,863.937464,532.794428,2.554024,0.451628,0.430791,2.497437,0.448307,0.4572,2.610611
1645444444006.233,281379862425,751.142578,525.453848,2.505409,0.398041,0.436293,2.465714,0.384399,0.439464,2.545105
1645444444017.245,281379873528,646.364336,555.94098,2.525642,0.333788,0.43331,2.412735,0.339508,0.493259,2.63855
1645444444028.237,281379884631,545.475025,569.249976,2.536446,0.282266,0.448121,2.433197,0.285937,0.500629,2.639694
1645444444040.233,281379895736,535.912943,560.18967,2.535019,0.274586,0.444941,2.442764,0.283657,0.488708,2.627274
1645444444051.2322,281379906839,553.739204,518.933737,2.443611,0.275333,0.444138,2.44873,0.301478,0.420752,2.438492
1645444444062.233,281379917942,549.461517,512.862593,2.430977,0.271068,0.439616,2.42746,0.301288,0.415155,2.434494
1645444444073.233,281379929045,551.501713,512.503713,2.438019,0.275213,0.436034,2.421509,0.299268,0.418139,2.454529
1645444444084.234,281379940148,531.077213,540.536696,2.508286,0.274395,0.434265,2.414246,0.27881,0.466629,2.602325
1645444444095.236,281379951251,531.07172,542.304665,2.502213,0.276263,0.431062,2.410461,0.276937,0.472779,2.593964
1645444444107.234,281379962354,530.564032,540.908253,2.500801,0.274893,0.430196,2.417816,0.277778,0.471318,2.583786
1645444444118.233,281379973457,537.178173,543.859202,2.505806,0.27694,0.438574,2.441238,0.28262,0.467858,2.570374
1645444444128.232,281379984561,537.698135,545.250088,2.511101,0.277779,0.449564,2.457428,0.282323,0.459186,2.564774
1645444444140.2332,281379995665,542.345381,550.406706,2.516487,0.278459,0.455171,2.452133,0.286484,0.462173,2.580841
1645444444151.233,281380006768,534.397602,551.646906,2.509041,0.273685,0.453678,2.431335,0.282979,0.465733,2.586746
1645444444161.234,281380017871,490.148106,561.470908,2.517548,0.259316,0.45559,2.441849,0.251255,0.480195,2.593246
1645444444173.428,281380028974,465.732493,563.087457,2.510796,0.250054,0.460422,2.449173,0.235084,0.478057,2.572418
1645444444184.427,281380040077,434.499578,534.649748,2.429901,0.244249,0.458411,2.453598,0.208354,0.432672,2.406204
1645444444194.428,281380051180,443.275952,527.074474,2.422699,0.245251,0.454752,2.445145,0.216495,0.423706,2.400253
1645444444206.427,281380062283,438.075714,519.441479,2.418167,0.23986,0.444935,2.443817,0.216469,0.420801,2.392517
1645444444217.4348,281380073387,450.016351,521.176261,2.461571,0.23448,0.444186,2.444107,0.234287,0.424441,2.479034
1645444444228.427,281380084490,452.198424,529.110807,2.466164,0.234287,0.443745,2.447311,0.236753,0.438106,2.485016
1645444444239.428,281380095593,447.443504,538.760376,2.47271,0.231096,0.452903,2.452042,0.234991,0.445031,2.493378
1645444444250.429,281380106697,436.341305,539.564306,2.443321,0.233067,0.452577,2.442963,0.221455,0.446697,2.44368
1645444444261.429,281380117800,438.532176,534.540135,2.44136,0.231829,0.45006,2.444946,0.224976,0.44084,2.437775
1645444444273.425,281380128903,442.736592,524.881071,2.438072,0.234749,0.442831,2.438477,0.226435,0.431971,2.437668
1645444444284.426,281380140006,446.819673,525.597668,2.449631,0.237238,0.446132,2.468887,0.2282,0.429864,2.430374
1645444444294.427,281380151109,443.997788,528.052372,2.451721,0.23737,0.454407,2.467133,0.225127,0.42568,2.43631
1645444444306.428,281380162213,445.961337,528.956509,2.46019,0.24052,0.453615,2.487503,0.224023,0.427979,2.432877
1645444444317.426,281380173316,454.140587,546.985316,2.510689,0.237262,0.443166,2.461945,0.235801,0.468476,2.559433
1645444444328.43,281380184419,457.816629,543.953991,2.496223,0.238231,0.438038,2.456711,0.238661,0.468552,2.535736
1645444444340.036,281380195522,453.160243,551.638305,2.493019,0.233612,0.445048,2.448959,0.23843,0.474349,2.537079
1645444444351.0352,281380206625,457.094436,555.838448,2.502785,0.235181,0.451188,2.463669,0.240959,0.47521,2.541901
1645444444361.044,281380217729,450.060554,554.8289,2.503807,0.235004,0.448974,2.463577,0.233809,0.475741,2.544037
1645444444373.044,281380228832,452.163906,543.850565,2.494102,0.235107,0.440056,2.45932,0.235897,0.466362,2.528885
1645444444384.043,281380239935,433.736701,512.429702,2.408356,0.235726,0.441755,2.459534,0.216083,0.412295,2.357178
1645444444395.033,281380251039,433.325529,516.661996,2.418755,0.234083,0.445484,2.465393,0.217297,0.415619,2.372116
1645444444406.043,281380262142,436.51268,525.74442,2.409134,0.236016,0.458799,2.451721,0.218685,0.417442,2.366547
1645444444418.0378,281380273245,457.506194,542.202598,2.478554,0.231559,0.460775,2.431107,0.24501,0.442896,2.526001
1645444444428.22,281380284348,457.80344,565.446138,2.477562,0.225861,0.468991,2.459198,0.251018,0.473419,2.495926
1645444444439.529,281380295451,459.047856,579.193819,2.501839,0.221331,0.476291,2.484543,0.256844,0.489032,2.519135
1645444444449.782,281380306554,,,,,,,0.247747,0.484933,2.407852
1645444444460.552,281380317658,,,,,,,,,
1645444444471.593,281380328761,,,,,,,,,
1645444444482.6812,281380339865,,,,,,,,,
1645444444493.6262,281380350968,,,,,,,,,
1645444444504.63,281380362071,,,,,,,,,
1645444444515.884,281380373174,,,,,,,,,
1645444444526.8809,281380384277,,,,,,,,,
1645444444538.877,281380395380,,,,,,,-0.143372,-0.093692,3.710724
1645444444549.8792,281380406483,,,,,,,-0.143372,-0.093692,3.710724
1645444444559.877,281380417586,,,,,,,-0.143372,-0.093692,3.710724
1645444444571.878,281380428691,,,,,,,,,
1645444444582.8792,281380439794,,,,,,,,,
1645444444593.694,281380450897,,,,,,,0.316658,0.523529,2.327988
1645444444606.61,281380462000,582.412176,549.411625,2.440018,0.286973,0.438318,2.473236,0.319706,0.477368,2.406799
1645444444616.621,281380473103,579.384928,573.777616,2.48732,0.283819,0.478928,2.567841,0.319706,0.477368,2.406799
1645444444628.36,281380484206,575.852365,532.452697,2.52179,0.283819,0.478928,2.567841,0.316027,0.408493,2.475739
1645444444639.36,281380495309,564.343643,585.621214,2.594276,0.278337,0.549534,2.732315,0.309521,0.426501,2.456238
1645444444650.363,281380506412,597.290926,544.967848,2.524208,0.306364,0.46183,2.552612,0.315814,0.446449,2.495804
1645444444661.3628,281380517516,591.577663,535.0779,2.463646,0.299412,0.440326,2.426285,0.316815,0.45147,2.501007
1645444444672.362,281380528619,585.919018,522.668535,2.463631,0.29859,0.426896,2.436951,0.311742,0.444218,2.490311
1645444444684.365,281380539723,586.896429,519.939923,2.456642,0.29941,0.423683,2.435028,0.311941,0.442883,2.478256
1645444444694.363,281380550826,587.809181,519.635117,2.46685,0.299591,0.426772,2.444122,0.31271,0.439286,2.489578
1645444444706.363,281380561929,587.284727,524.051195,2.455696,0.300181,0.435119,2.437149,0.311574,0.438299,2.474243
1645444444717.363,281380573032,588.928356,529.643244,2.470596,0.303428,0.443077,2.460236,0.310039,0.439661,2.480957
1645444444728.3608,281380584135,587.212086,534.122443,2.47084,0.30474,0.447227,2.449188,0.306939,0.442977,2.492493
1645444444739.362,281380595238,590.417662,536.975741,2.492737,0.302576,0.446591,2.464478,0.312443,0.448368,2.520996
1645444444750.361,281380606342,584.623718,553.282088,2.520538,0.300916,0.449932,2.466522,0.308067,0.472204,2.574554
1645444444761.366,281380617445,588.434916,552.096212,2.522995,0.302574,0.443493,2.468872,0.310379,0.476667,2.577118
1645444444773.377,281380628548,589.417877,560.666656,2.525459,0.30259,0.445936,2.469009,0.311387,0.488509,2.581909
1645444444783.373,281380639652,591.558723,547.402775,2.500015,0.304777,0.436819,2.448914,0.31143,0.475519,2.551117
1645444444794.364,281380650755,594.077597,546.225214,2.5103,0.303857,0.437641,2.458038,0.314974,0.472734,2.562561
1645444444806.3608,281380661858,581.559162,537.938333,2.505249,0.296474,0.437502,2.463181,0.309317,0.459062,2.547318
1645444444817.361,281380672961,576.320515,549.347305,2.518784,0.293712,0.449176,2.482071,0.306622,0.466403,2.555496
1645444444827.36,281380684064,556.408796,542.977649,2.501839,0.280376,0.444069,2.478119,0.299216,0.460894,2.525558
1645444444839.5,281380695168,558.560715,547.818965,2.494682,0.285956,0.447266,2.472534,0.295878,0.465765,2.51683
1645444444850.503,281380706271,555.800858,537.532514,2.4795,0.282678,0.436558,2.451141,0.296281,0.45933,2.507858
1645444444860.498,281380717374,550.652933,552.027225,2.491852,0.28821,0.453891,2.459305,0.285386,0.466154,2.524399
1645444444872.497,281380728477,548.756962,544.41129,2.482269,0.287798,0.450633,2.450058,0.283824,0.456719,2.514481
1645444444883.498,281380739580,551.363783,547.012407,2.487335,0.290128,0.452164,2.457306,0.284209,0.459524,2.517365
1645444444894.5,281380750684,555.284214,537.394899,2.458252,0.291763,0.44088,2.446152,0.286659,0.454778,2.470352
1645444444906.497,281380761787,555.826235,543.249536,2.462906,0.291355,0.447544,2.451416,0.28763,0.457872,2.474396
1645444444917.499,281380772890,553.610287,539.91943,2.442253,0.285436,0.446848,2.425369,0.291242,0.453018,2.459137
1645444444927.506,281380783994,546.808062,545.760298,2.413918,0.282186,0.456938,2.389587,0.287406,0.452663,2.438248
1645444444939.519,281380795097,550.709267,545.469385,2.402939,0.28337,0.454469,2.36882,0.290285,0.454646,2.437057
1645444444950.506,281380806200,554.059811,547.248495,2.405556,0.286464,0.457745,2.383087,0.290682,0.454336,2.428024
1645444444961.494,281380817303,549.710226,542.6099,2.403648,0.283469,0.453153,2.384674,0.289146,0.451197,2.422623
1645444444972.582,281380828406,547.079401,537.581545,2.393135,0.283847,0.446803,2.38089,0.286027,0.449166,2.40538
1645444444983.581,281380839509,544.399509,534.971863,2.385468,0.285112,0.440668,2.356613,0.281971,0.450952,2.414322
1645444444994.662,281380850612,551.143999,540.639675,2.377998,0.28497,0.43581,2.343399,0.289138,0.465256,2.412598
1645444445006.259,281380861716,551.852274,546.820003,2.375153,0.284169,0.443256,2.332901,0.290677,0.468111,2.417404
1645444445017.301,281380872820,551.734686,546.327943,2.361038,0.284639,0.447041,2.335602,0.290085,0.463506,2.386475
1645444445027.85,281380883923,553.005381,547.692257,2.346321,0.285403,0.452688,2.323013,0.290644,0.460132,2.369629
1645444445039.713,281380895026,555.293083,547.016162,2.33535,0.28463,0.454418,2.323898,0.2938,0.457276,2.346802
1645444445050.762,281380906129,553.327847,554.882115,2.353004,0.283688,0.456773,2.321167,0.292695,0.46803,2.384842
1645444445060.87,281380917232,556.517458,548.372859,2.345886,0.288162,0.455239,2.324615,0.291544,0.458716,2.367157
1645444445072.511,281380928335,554.851942,551.467055,2.356621,0.287545,0.458488,2.316681,0.290425,0.460624,2.396561
1645444445083.515,281380939438,553.69935,548.431689,2.353783,0.287114,0.455622,2.32135,0.289656,0.458431,2.386215
1645444445094.51,281380950541,552.268696,558.738935,2.365036,0.286864,0.458951,2.321121,0.288416,0.47228,2.408951
1645444445106.509,281380961646,549.459743,552.417648,2.355507,0.287881,0.448139,2.317352,0.284472,0.472557,2.393661
1645444445116.511,281380972749,548.8902,551.868778,2.351158,0.285958,0.443838,2.296982,0.285802,0.475943,2.405334
1645444445127.509,281380983852,545.004015,542.47486,2.337944,0.286837,0.438992,2.291702,0.280875,0.465132,2.384186
1645444445139.517,281380994955,544.624386,544.136256,2.3479,0.281289,0.440307,2.300568,0.286028,0.466586,2.395233
1645444445150.513,281381006058,547.241535,541.895396,2.341278,0.282452,0.448407,2.316757,0.287591,0.454752,2.365799
1645444445160.513,281381017161,554.614563,553.053474,2.355865,0.28288,0.456458,2.319901,0.294844,0.465298,2.39183
1645444445172.512,281381028264,570.748444,553.618956,2.350998,0.294322,0.452869,2.303589,0.300208,0.46983,2.398407
1645444445183.513,281381039367,581.90177,545.568913,2.344757,0.30296,0.439815,2.288116,0.303187,0.469467,2.401398
1645444445288.514,281381050471,610.781708,531.597716,2.351463,0.318344,0.427342,2.302719,0.317887,0.458654,2.400208
1645444445288.514,281381061574,610.408916,532.436371,2.349495,0.316117,0.431237,2.311935,0.319726,0.456157,2.387054
1645444445289.511,281381072678,608.438587,516.665572,2.329361,0.314016,0.433777,2.325104,0.319774,0.427332,2.333618
1645444445289.511,281381083781,604.25168,515.5774,2.322464,0.308654,0.436125,2.313354,0.320775,0.423171,2.331573
1645444445290.5222,281381094884,610.868368,521.958411,2.330467,0.312567,0.437638,2.298141,0.323754,0.432293,2.362793
1645444445291.51,281381105987,612.424364,545.441741,2.35498,0.311697,0.447081,2.315369,0.326245,0.461988,2.394592
1645444445291.51,281381117090,618.210211,552.074486,2.359962,0.317423,0.446471,2.302536,0.326546,0.473653,2.417389
1645444445292.512,281381128193,611.331253,543.479776,2.343735,0.316565,0.446312,2.299179,0.320239,0.459487,2.38829
1645444445292.512,281381139297,611.606054,533.546162,2.33165,0.317528,0.443059,2.284225,0.319562,0.446185,2.379074
1645444445293.511,281381150400,603.964548,522.744137,2.331116,0.314214,0.445914,2.307449,0.314915,0.425326,2.354782
1645444445305.53,281381161503,602.727928,521.200722,2.343483,0.310793,0.434826,2.308975,0.317049,0.433842,2.377991
1645444445316.514,281381172606,602.437878,532.329726,2.363441,0.310529,0.439738,2.309189,0.317011,0.447478,2.417694
1645444445327.514,281381183710,608.86651,530.310792,2.361359,0.312793,0.443281,2.300766,0.321443,0.44057,2.421951
1645444445338.511,281381194813,616.211014,531.659371,2.366753,0.321222,0.452709,2.323715,0.320665,0.43339,2.40979
1645444445349.513,281381205916,619.389124,533.767265,2.378525,0.321809,0.450051,2.32872,0.323388,0.439561,2.428329
1645444445360.511,281381217019,623.941441,542.857629,2.382507,0.323177,0.44606,2.330032,0.326762,0.458703,2.434982
1645444445372.51,281381228123,620.868731,540.029991,2.37252,0.322434,0.439453,2.32579,0.324305,0.460597,2.41925
1645444445383.51,281381239226,622.048616,534.094834,2.347954,0.322396,0.434858,2.311584,0.325572,0.4553,2.384323
1645444445394.51,281381250329,614.159489,536.970252,2.337509,0.3193,0.434019,2.291428,0.320449,0.460931,2.383591
1645444445405.514,281381261432,614.815264,544.533312,2.352226,0.318339,0.445897,2.307419,0.322094,0.461658,2.397034
1645444445416.513,281381272535,614.939003,551.819533,2.36898,0.323039,0.452022,2.322754,0.317522,0.467677,2.415207
1645444445427.516,281381283639,617.603817,557.459629,2.376778,0.322182,0.458689,2.333984,0.321155,0.470411,2.419571
1645444445438.516,281381294742,632.763805,556.36822,2.377472,0.33139,0.453003,2.325531,0.327739,0.474277,2.429413
1645444445450.1492,281381305845,645.099735,546.327513,2.357475,0.331729,0.454792,2.330612,0.34025,0.455754,2.384338
1645444445461.144,281381316949,666.882391,540.363622,2.361488,0.344282,0.450732,2.338379,0.350387,0.449874,2.384598
1645444445472.1638,281381328052,667.947807,538.469929,2.35994,0.343686,0.447718,2.346024,0.352093,0.449731,2.373856
1645444445483.164,281381339155,668.236141,545.036227,2.37561,0.34454,0.456942,2.362808,0.351539,0.451451,2.388412
1645444445494.163,281381350258,664.841452,544.701737,2.369331,0.342363,0.460602,2.358719,0.35018,0.447235,2.379944
1645444445505.162,281381361361,664.802971,553.880596,2.363823,0.344696,0.480775,2.34433,0.347807,0.442359,2.383316
1645444445516.186,281381372464,661.641369,544.991183,2.351471,0.344188,0.463789,2.311691,0.345021,0.444529,2.391251
1645444445527.558,281381383567,662.861595,542.16097,2.369102,0.344598,0.453681,2.32962,0.345882,0.449921,2.408585
1645444445539.221,281381394671,664.822655,535.981911,2.364883,0.343188,0.446066,2.34317,0.349336,0.447237,2.386597
1645444445550.178,281381405775,666.707354,538.640177,2.370705,0.342634,0.452746,2.366119,0.351852,0.444988,2.37529
1645444445560.1958,281381416878,666.465311,542.645645,2.366302,0.339784,0.454357,2.364227,0.354451,0.450053,2.368378
1645444445572.197,281381427981,669.745188,539.899403,2.372307,0.343043,0.448354,2.36528,0.354609,0.451478,2.379333
1645444445583.201,281381439084,668.19128,537.67274,2.377182,0.343029,0.450533,2.372772,0.353003,0.445588,2.381592
1645444445593.461,281381450187,670.307178,527.268916,2.375786,0.345392,0.440383,2.355835,0.352845,0.438398,2.395737
1645444445605.4648,281381461290,669.064665,532.656848,2.37999,0.343611,0.45211,2.362473,0.353331,0.435652,2.397507
1645444445616.059,281381472393,669.303217,529.094875,2.366776,0.344757,0.441098,2.332947,0.352434,0.440727,2.400604
1645444445627.0398,281381483496,668.756189,538.596815,2.378563,0.344676,0.456228,2.36261,0.351945,0.441434,2.394516
1645444445639.039,281381494600,669.706192,539.746696,2.386337,0.345623,0.450194,2.364349,0.351988,0.449384,2.408325
1645444445650.0398,281381505704,667.272606,549.27519,2.403236,0.345575,0.454595,2.380081,0.3495,0.460864,2.426392
1645444445660.038,281381516807,669.282904,561.126208,2.413063,0.345499,0.45974,2.376526,0.351671,0.47547,2.4496
1645444445672.039,281381527910,665.286341,563.434893,2.419113,0.343164,0.466159,2.391586,0.349843,0.472899,2.44664
1645444445683.038,281381539013,666.482706,552.842796,2.402847,0.344295,0.460614,2.375504,0.349958,0.460791,2.430191
1645444445694.0369,281381550116,671.97547,548.514515,2.403587,0.350681,0.456919,2.381088,0.349294,0.457272,2.426086
1645444445705.038,281381561219,678.019924,536.324948,2.393997,0.35666,0.442786,2.37645,0.349611,0.451089,2.411545
1645444445717.536,281381572322,679.601269,539.884847,2.407761,0.356965,0.449683,2.402603,0.350953,0.450125,2.412918
1645444445727.0378,281381583426,674.788027,536.115789,2.409393,0.350148,0.443961,2.40451,0.352756,0.449565,2.414276
1645444445739.034,281381594529,666.407576,549.004,2.421036,0.342982,0.453958,2.398132,0.351193,0.461049,2.443939
1645444445750.0352,281381605633,663.722076,548.055643,2.411415,0.341139,0.453068,2.385315,0.350238,0.460358,2.437515
1645444445760.0369,281381616736,634.450607,547.267288,2.396828,0.328422,0.458018,2.377014,0.332464,0.454095,2.416641
1645444445772.036,281381627839,617.847519,541.708249,2.38063,0.318705,0.456131,2.373489,0.324887,0.446716,2.387772
1645444445783.0378,281381638942,606.392069,547.083253,2.381081,0.311747,0.450323,2.353928,0.319911,0.461482,2.408234
1645444445794.043,281381650045,606.567621,544.897628,2.402344,0.313286,0.448669,2.370804,0.318555,0.459493,2.433884
1645444445805.037,281381661148,613.736172,543.155354,2.411621,0.3206,0.44749,2.384903,0.318709,0.457769,2.438339
1645444445816.0369,281381672252,620.759697,542.317396,2.419434,0.325321,0.451925,2.404861,0.321304,0.451937,2.434006
1645444445827.039,281381683355,623.869228,546.954829,2.421585,0.325992,0.456431,2.392639,0.323872,0.45516,2.450531
1645444445839.039,281381694458,616.018009,549.087024,2.4263,0.319389,0.458395,2.394257,0.322296,0.45675,2.458344
1645444445850.038,281381705561,608.359165,553.930789,2.440575,0.315968,0.454232,2.384705,0.31774,0.468986,2.496445
1645444445860.037,281381716665,613.331251,550.891221,2.440956,0.318637,0.448612,2.400024,0.32025,0.46954,2.481888
1645444445872.036,281381727768,612.746658,548.997313,2.43853,0.320534,0.447188,2.393158,0.317744,0.467808,2.483902
1645444445882.2031,281381738871,612.326603,529.938537,2.40683,0.322579,0.45444,2.409821,0.315261,0.428791,2.403839
1645444445893.2048,281381749974,603.818235,526.599634,2.417236,0.321837,0.457842,2.411209,0.307141,0.419824,2.423264
1645444445905.204,281381761078,614.384193,530.356193,2.419258,0.321571,0.452888,2.39798,0.318413,0.431039,2.440536
1645444445916.204,281381772181,627.857895,525.070721,2.388977,0.319475,0.451831,2.38739,0.334543,0.423287,2.390564
1645444445927.203,281381783284,626.836395,521.177763,2.380989,0.31528,0.444564,2.380249,0.337674,0.424065,2.381729
1645444445938.206,281381794387,619.997034,523.070365,2.384193,0.313387,0.450913,2.398132,0.332443,0.420871,2.370255
1645444445949.204,281381805490,607.936964,541.229618,2.429298,0.313756,0.448509,2.395981,0.319511,0.453541,2.462616
1645444445960.204,281381816593,616.835089,546.534616,2.445656,0.319138,0.449518,2.407822,0.323399,0.461373,2.48349
1645444445972.207,281381827697,621.106482,543.60466,2.452576,0.322396,0.447353,2.416824,0.32459,0.458655,2.488327
1645444445982.21,281381838800,616.93119,529.480004,2.436707,0.320271,0.447176,2.423996,0.322366,0.43529,2.449417
1645444445993.21,281381849904,611.942368,530.032879,2.436005,0.31849,0.442116,2.414688,0.31895,0.441272,2.457321
1645444446005.221,281381861007,604.114523,531.478751,2.423759,0.312028,0.441646,2.400497,0.317258,0.444152,2.447021
1645444446016.216,281381872110,615.274658,539.278686,2.430725,0.31364,0.436993,2.3918,0.327271,0.461805,2.46965
1645444446027.209,281381883213,634.165592,541.69296,2.442856,0.320995,0.437193,2.407639,0.339594,0.465629,2.478073
1645444446038.86,281381894316,647.219353,544.990772,2.459076,0.328426,0.439177,2.417206,0.345761,0.469141,2.500946
1645444446050.072,281381905419,648.548441,540.129715,2.459358,0.335418,0.446278,2.432648,0.340153,0.453938,2.486069
1645444446060.3188,281381916522,645.131121,535.196614,2.445396,0.337079,0.447961,2.4319,0.334933,0.444034,2.458893
1645444446072.509,281381927626,649.409952,536.127198,2.439636,0.339506,0.44875,2.423309,0.336963,0.444796,2.455963
1645444446082.506,281381938730,646.172876,537.573284,2.440094,0.336134,0.45116,2.424225,0.336963,0.444796,2.455963
1645444446093.512,281381949833,646.778927,537.484467,2.458755,0.336719,0.455698,2.436722,0.337009,0.44011,2.480789
1645444446105.5032,281381960936,642.704687,532.097179,2.459587,0.33547,0.451557,2.444107,0.334014,0.435272,2.475067
1645444446116.502,281381972039,667.949753,525.961429,2.422417,0.339357,0.45026,2.450577,0.356424,0.426342,2.394257
1645444446126.503,281381983142,664.153976,528.88484,2.419403,0.338456,0.45222,2.440018,0.353371,0.429254,2.398788
1645444446138.501,281381994245,662.037735,528.202522,2.42337,0.338722,0.457186,2.446838,0.3509,0.423152,2.399902
1645444446149.5,281382005348,621.20513,534.964192,2.409363,0.33737,0.46458,2.455505,0.309719,0.427027,2.36322
1645444446160.499,281382016451,627.939949,536.411476,2.431648,0.34105,0.468403,2.484116,0.313054,0.425616,2.379181
1645444446172.501,281382027555,631.734581,543.945032,2.42662,0.343849,0.477635,2.483612,0.314208,0.42894,2.369629
1645444446182.959,281382038659,647.860107,557.034856,2.497513,0.33852,0.469921,2.456024,0.336335,0.45847,2.539001
1645444446193.958,281382049762,637.317266,553.654146,2.496155,0.333054,0.464519,2.447861,0.330818,0.458238,2.544449
1645444446204.959,281382060865,639.068241,558.739239,2.513184,0.334674,0.468692,2.468918,0.331022,0.46254,2.557449
1645444446215.961,281382071968,664.123793,545.356625,2.462677,0.340943,0.471111,2.47467,0.350853,0.437817,2.450684
1645444446226.96,281382083071,734.313583,558.6815,2.465141,0.370651,0.475444,2.470901,0.394259,0.455692,2.459381
1645444446237.9602,281382094174,765.464487,554.02177,2.460121,0.387271,0.464473,2.451096,0.410088,0.458896,2.469147
1645444446248.959,281382105277,769.813099,552.398962,2.478661,0.396822,0.454415,2.435867,0.405067,0.46625,2.521454
1645444446259.9622,281382116381,769.61297,533.439803,2.465706,0.397047,0.446929,2.430878,0.404634,0.442138,2.500534
1645444446271.96,281382127484,767.887716,529.675144,2.456764,0.398629,0.443355,2.429337,0.401254,0.439437,2.484192
1645444446282.959,281382138587,770.037432,528.672624,2.460487,0.397013,0.44291,2.434311,0.405109,0.438211,2.486664
1645444446292.961,281382149691,771.316652,538.577718,2.478569,0.39752,0.452383,2.444656,0.405935,0.445246,2.512482
1645444446304.96,281382160794,769.252338,535.018247,2.468903,0.398344,0.446803,2.445465,0.402961,0.444894,2.49234
1645444446315.961,281382171897,767.644386,532.992446,2.476295,0.396312,0.453797,2.468613,0.403317,0.434524,2.483978
1645444446326.967,281382183000,765.230455,526.996511,2.462242,0.394351,0.448947,2.463409,0.402764,0.429381,2.461075
1645444446337.958,281382194103,773.206244,539.709485,2.492439,0.394868,0.461873,2.484116,0.410555,0.437642,2.500763
1645444446348.96,281382205207,772.244768,546.315265,2.504021,0.397978,0.462279,2.48555,0.406444,0.448247,2.522491
1645444446359.769,281382216310,770.821238,553.698027,2.513451,0.397972,0.466166,2.484482,0.404967,0.456664,2.542419
1645444446371.767,281382227413,771.541958,551.826453,2.505943,0.399155,0.464703,2.477646,0.404534,0.455007,2.534241
1645444446382.7678,281382238516,776.080198,550.049579,2.501007,0.402138,0.466784,2.471191,0.406279,0.449965,2.530823
1645444446393.765,281382249620,779.797525,545.96597,2.498314,0.4006,0.467069,2.467499,0.411689,0.442875,2.529129
1645444446404.769,281382260723,767.514811,540.191871,2.488876,0.395147,0.460591,2.454575,0.404347,0.439729,2.523178
1645444446415.7678,281382271826,762.53108,535.896277,2.488029,0.393121,0.456674,2.447754,0.401182,0.436487,2.528305
1645444446426.765,281382282929,756.956348,531.994593,2.484756,0.393704,0.44237,2.439362,0.394792,0.444288,2.530151
1645444446438.7678,281382294033,768.390799,537.449849,2.506927,0.398009,0.444415,2.456924,0.402398,0.451335,2.556931
1645444446449.49,281382305136,770.138426,544.326693,2.507263,0.398431,0.44771,2.467972,0.403796,0.459501,2.546555
1645444446459.5,281382316239,779.655561,557.215637,2.523178,0.403658,0.456526,2.482407,0.408483,0.472166,2.56395
1645444446471.489,281382327342,774.12014,556.553668,2.498795,0.409023,0.463783,2.489868,0.397352,0.463807,2.507721
1645444446482.49,281382338445,771.90485,558.099461,2.514771,0.406591,0.468389,2.508774,0.397476,0.461777,2.520767
1645444446493.49,281382349548,762.399158,547.395176,2.507362,0.400533,0.462486,2.512192,0.393633,0.449839,2.502533
1645444446504.496,281382360652,763.705215,544.065017,2.517517,0.392523,0.453877,2.491592,0.403003,0.452898,2.543442
1645444446515.496,281382371755,766.705914,536.600304,2.491974,0.391632,0.445361,2.473251,0.40702,0.448973,2.510696
1645444446526.5042,281382382859,772.649889,543.207461,2.491501,0.395381,0.449023,2.464767,0.409463,0.456322,2.518234
1645444446538.497,281382393962,768.808765,538.925225,2.476326,0.40136,0.445921,2.479233,0.399483,0.452288,2.473419
1645444446549.492,281382405065,766.333523,543.379927,2.508217,0.404659,0.45134,2.495987,0.393605,0.454293,2.520447
1645444446560.0942,281382416168,766.326141,542.333919,2.515709,0.402685,0.444038,2.511139,0.395571,0.459851,2.520279
1645444446572.144,281382427271,760.485764,542.812979,2.521019,0.396782,0.447522,2.507217,0.395391,0.457166,2.534821
1645444446582.619,281382438374,773.197489,532.928002,2.458054,0.397198,0.438957,2.47023,0.408216,0.449256,2.445877
1645444446593.545,281382449477,771.975803,528.205007,2.453316,0.399503,0.437475,2.452072,0.404639,0.442867,2.454559
1645444446605.5442,281382460580,786.259632,532.32674,2.463097,0.402503,0.438548,2.445404,0.416518,0.448663,2.480789
1645444446616.241,281382471685,780.462055,541.141641,2.5028,0.401117,0.446859,2.477249,0.411865,0.455044,2.528351
1645444446626.526,281382482788,777.77916,544.393837,2.498955,0.398585,0.453452,2.479752,0.411602,0.453871,2.518158
1645444446638.438,281382493891,784.643755,549.521399,2.511909,0.404349,0.453173,2.484161,0.412988,0.462696,2.539658
1645444446649.431,281382504994,786.552801,554.903698,2.51429,0.405964,0.460581,2.501022,0.413361,0.464258,2.527557
1645444446659.431,281382516098,797.062426,558.327055,2.523552,0.408886,0.463407,2.50737,0.421387,0.467138,2.539734
1645444446671.4312,281382527201,782.426491,550.504392,2.490303,0.403266,0.464019,2.504105,0.411762,0.453488,2.476501
1645444446682.435,281382538304,778.393364,555.489439,2.503204,0.405315,0.46344,2.489471,0.405511,0.462376,2.516937
1645444446693.431,281382549407,784.662638,563.955867,2.506462,0.413247,0.46646,2.497833,0.40411,0.473467,2.515091
1645444446704.435,281382560511,796.785879,574.955016,2.524437,0.412956,0.468476,2.491135,0.417029,0.489782,2.557739
1645444446715.432,281382571615,809.756584,560.159683,2.483978,0.415113,0.45292,2.460052,0.428383,0.48068,2.507904
1645444446726.432,281382582718,800.845585,558.913547,2.479782,0.408923,0.454789,2.451111,0.425291,0.476734,2.508453
1645444446738.432,281382593821,808.208656,560.592538,2.502335,0.416007,0.463256,2.480042,0.425877,0.471064,2.524628
1645444446749.433,281382604924,798.585148,561.79288,2.518944,0.41407,0.465468,2.47966,0.41779,0.470854,2.558228
1645444446759.435,281382616027,799.650536,555.112821,2.522247,0.413248,0.460467,2.483017,0.419722,0.464721,2.561478
1645444446771.434,281382627130,795.965567,550.965983,2.508888,0.415489,0.461689,2.479401,0.413642,0.456588,2.538376
1645444446782.431,281382638233,805.031633,559.452778,2.51638,0.415852,0.480026,2.527023,0.422723,0.452395,2.505737
1645444446793.4329,281382649337,811.922493,557.403642,2.519981,0.42198,0.488661,2.548431,0.423773,0.440345,2.491531
1645444446804.451,281382660440,810.177841,556.301379,2.518814,0.419636,0.48445,2.534637,0.424299,0.442719,2.502991
1645444446815.432,281382671543,802.131701,548.126882,2.516022,0.417368,0.470551,2.506134,0.418185,0.442994,2.525909
1645444446826.432,281382682647,805.611992,545.671821,2.500214,0.417475,0.460309,2.481735,0.421705,0.449144,2.518692
1645444446837.434,281382693750,805.302973,548.561114,2.505295,0.41661,0.462226,2.500702,0.422247,0.452043,2.509888
1645444446849.149,281382704853,807.604094,553.406239,2.513756,0.42097,0.468765,2.503433,0.420284,0.453579,2.524078
1645444446859.15,281382715956,840.061941,553.872049,2.519043,0.435604,0.472134,2.517197,0.43946,0.450986,2.520889
1645444446871.152,281382727059,845.571642,542.588514,2.50164,0.440268,0.469495,2.507828,0.440536,0.43482,2.495453
1645444446883.155,281382738163,852.982121,539.260089,2.486816,0.442333,0.458797,2.486649,0.44619,0.43997,2.486984
1645444446893.152,281382749266,857.486801,543.399292,2.485535,0.444432,0.458713,2.481949,0.448783,0.446953,2.48912
1645444446907.15,281382760369,870.301151,547.479737,2.496788,0.449948,0.46002,2.466171,0.456616,0.452446,2.527405
1645444446916.149,281382771472,870.860796,545.015216,2.507339,0.45174,0.461226,2.470367,0.455406,0.447133,2.544312
1645444446926.152,281382782575,869.088793,545.603496,2.514763,0.452435,0.464381,2.479095,0.452866,0.444958,2.55043
1645444446939.155,281382793679,860.335779,546.805805,2.491188,0.455438,0.468656,2.496216,0.440745,0.442687,2.48616
1645444446949.1511,281382804782,859.702005,551.965338,2.495552,0.452968,0.474006,2.512466,0.442555,0.445936,2.478638
1645444446959.15,281382815885,860.689058,547.319394,2.485825,0.452103,0.466191,2.493958,0.444448,0.446008,2.477692
1645444446971.152,281382826989,854.937887,538.86314,2.480705,0.448543,0.448741,2.474976,0.442017,0.449364,2.486435
1645444446982.1511,281382838092,863.244982,535.018623,2.456459,0.45013,0.444829,2.468567,0.449083,0.446868,2.444351
1645444446993.154,281382849195,868.601389,546.214664,2.468399,0.454935,0.448217,2.482162,0.449858,0.462141,2.454636
1645444447005.1538,281382860298,871.857948,548.949856,2.469574,0.454679,0.454312,2.494278,0.453506,0.460605,2.44487
1645444447016.153,281382871401,870.985451,542.553002,2.463852,0.454836,0.444185,2.465652,0.45244,0.46007,2.462051
1645444447026.153,281382882504,859.689732,535.368437,2.450363,0.449484,0.441145,2.457443,0.446026,0.451136,2.443283
1645444447038.155,281382893608,862.561111,537.821245,2.457298,0.4486,0.441177,2.456192,0.449901,0.455192,2.458405
1645444447049.153,281382904711,857.051954,542.330933,2.476677,0.450808,0.446006,2.472366,0.441955,0.457879,2.480988
1645444447059.15,281382915815,856.591787,535.698062,2.472542,0.447338,0.43859,2.459595,0.444945,0.45424,2.485489
1645444447071.155,281382926918,866.247711,537.761146,2.495842,0.447509,0.436349,2.447464,0.454832,0.459919,2.54422
1645444447082.1482,281382938021,875.686111,533.803421,2.472816,0.448481,0.436373,2.447006,0.463692,0.453299,2.498627
1645444447093.15,281382949125,875.590839,538.555795,2.476692,0.448968,0.43864,2.454987,0.463106,0.458953,2.498398
1645444447105.15,281382960228,871.04476,540.431535,2.467102,0.44612,0.438504,2.450516,0.461219,0.462215,2.483688
1645444447115.151,281382971331,871.149902,546.593982,2.470406,0.442309,0.441623,2.461838,0.465139,0.469367,2.478973
1645444447126.1611,281382982434,869.822559,545.215094,2.477303,0.44141,0.437836,2.464142,0.464655,0.470856,2.490463
1645444447138.153,281382993537,873.475628,550.666577,2.484947,0.445477,0.443353,2.48053,0.464393,0.474425,2.489365
1645444447149.149,281383004641,871.684914,550.298113,2.494965,0.445866,0.445233,2.484894,0.46214,0.47193,2.505035
1645444447159.152,281383015744,871.424417,556.187421,2.487312,0.450653,0.457541,2.486984,0.457081,0.469438,2.48764
1645444447171.148,281383026847,861.217461,539.855164,2.454887,0.449649,0.449228,2.475067,0.447452,0.45053,2.434708
1645444447182.15,281383037951,855.053043,542.637455,2.461975,0.447953,0.448216,2.471344,0.442727,0.45618,2.452606
1645444447192.1538,281383049054,862.524261,538.353539,2.46328,0.448186,0.447317,2.476028,0.450277,0.449939,2.450531
1645444447302.151,281383060157,860.99802,541.375655,2.453072,0.446911,0.449079,2.462799,0.449962,0.453214,2.443344
1645444447303.153,281383071260,858.570099,544.083917,2.466614,0.448326,0.451184,2.468491,0.446017,0.455623,2.464737
1645444447304.1511,281383082363,853.574352,545.147306,2.456642,0.442763,0.445871,2.453491,0.446377,0.462708,2.459793
1645444447304.1511,281383093467,854.203176,546.28458,2.461395,0.442995,0.446593,2.464569,0.4468,0.463882,2.458221
1645444447305.1528,281383104570,853.665762,547.103208,2.464767,0.442062,0.452817,2.475784,0.447174,0.459021,2.453751
1645444447305.1528,281383115674,855.998411,544.760853,2.476067,0.449031,0.455966,2.492203,0.442634,0.451968,2.45993
1645444447306.15,281383126777,866.437168,551.37831,2.512421,0.452277,0.465325,2.507736,0.450261,0.453639,2.517105
1645444447307.1511,281383137880,876.400137,540.484446,2.482109,0.452941,0.454914,2.482697,0.459976,0.445893,2.481522
1645444447307.1511,281383148983,879.91147,541.667211,2.478737,0.452332,0.44966,2.478241,0.464243,0.453119,2.479233
1645444447308.178,281383160086,866.52503,535.005409,2.442284,0.450743,0.441574,2.460938,0.451887,0.450102,2.42363
1645444447315.1528,281383171189,858.325911,550.197029,2.467819,0.449664,0.44962,2.477173,0.444425,0.467375,2.458466
1645444447326.15,281383182293,858.607035,564.673126,2.456993,0.450142,0.459943,2.458588,0.44424,0.481179,2.455399
1645444447338.175,281383193396,861.353559,569.525152,2.467018,0.444325,0.464624,2.45607,0.452919,0.484585,2.477966
1645444447349.151,281383204499,853.708391,558.654732,2.458893,0.442458,0.450056,2.429108,0.446821,0.481035,2.488678
1645444447361.151,281383215603,839.035263,550.454718,2.472939,0.432217,0.449216,2.446411,0.441778,0.468208,2.499466
1645444447371.1492,281383226706,830.379095,546.498406,2.461105,0.43267,0.446762,2.450806,0.432308,0.464069,2.471405
1645444447382.151,281383237809,833.254824,546.04488,2.440491,0.42948,0.457382,2.463272,0.438494,0.452692,2.417709
1645444447392.15,281383248912,823.640327,550.546288,2.445656,0.426684,0.461928,2.467621,0.431275,0.455649,2.423691
1645444447404.161,281383260015,823.668251,549.704754,2.441994,0.427337,0.458584,2.463272,0.43065,0.457591,2.420715
1645444447415.15,281383271119,825.466232,550.778729,2.455002,0.434068,0.451365,2.453354,0.425793,0.466599,2.45665
1645444447426.1511,281383282222,826.4221,554.068816,2.446831,0.435207,0.448128,2.433228,0.425649,0.47532,2.460434
1645444447438.148,281383293325,826.379099,556.252348,2.45443,0.437077,0.449963,2.448822,0.423734,0.477125,2.460037
1645444447448.527,281383304428,822.540064,561.471498,2.452499,0.432184,0.457268,2.443314,0.424628,0.478518,2.461685
1645444447459.5251,281383315531,826.268492,555.62827,2.439247,0.430544,0.452356,2.433258,0.430152,0.473691,2.445236
1645444447471.526,281383326635,825.6108,557.489097,2.43679,0.428582,0.458819,2.433136,0.431429,0.47033,2.440445
1645444447482.527,281383337738,822.924871,558.571011,2.461121,0.427808,0.462008,2.464615,0.429405,0.468944,2.457626
1645444447492.526,281383348841,812.427235,548.519683,2.468651,0.424997,0.467768,2.486694,0.421281,0.446431,2.450607
1645444447504.525,281383359945,823.326845,547.934407,2.468491,0.426336,0.473294,2.466278,0.431296,0.43993,2.470703
1645444447514.527,281383371048,811.031313,535.573143,2.436005,0.425839,0.460182,2.419632,0.418985,0.43244,2.452377
1645444447524.527,281383382151,776.358662,515.683937,2.320663,0.429743,0.476442,2.436615,0.378964,0.383031,2.204712
1645444447535.526,281383393254,,,,,,,,,
1645444447547.525,281383404358,,,,,,,,,
1645444447557.525,281383415461,,,,,,,,,
1645444447569.529,281383426564,,,,,,,,,
1645444447586.526,281383437667,,,,,,,,,
1645444447591.526,281383448771,,,,,,,,,
1645444447602.524,281383459875,,,,,,,,,
1645444447613.53,281383470978,,,,,,,,,
1645444447624.532,281383482081,,,,,,,,,
1645444447635.53,281383493184,,,,,,,,,
1645444447647.53,281383504287,,,,,,,,,
1645444447657.53,281383515390,,,,,,,,,
1645444447669.529,281383526493,,,,,,,,,
1645444447680.532,281383537598,,,,,,,,,
1645444447691.529,281383548701,,,,,,,,,
1645444447702.529,281383559804,,,,,,,,,
1645444447714.551,281383570907,1678.142395,1063.911402,2.428177,0.863363,0.930705,2.260941,0.884702,0.842481,2.595413
1645444447725.537,281383582010,1771.856346,1079.774916,2.273003,0.960982,0.957144,1.950592,0.884702,0.842481,2.595413
1645444447736.5369,281383593113,1771.856346,1079.774916,2.273003,0.960982,0.957144,1.950592,0.884702,0.842481,2.595413
1645444447748.537,281383604216,1793.111343,1086.565733,2.220024,0.959316,0.933187,2.035492,0.908508,0.877756,2.404556
1645444447759.49,281383615319,1707.857552,1054.13214,2.356804,0.876174,0.866896,2.368256,0.902844,0.889991,2.345352
1645444447770.3591,281383626423,1707.857552,1054.13214,2.356804,0.876174,0.866896,2.368256,0.902844,0.889991,2.345352
1645444447782.419,281383637526,1702.169323,1056.584573,2.371201,0.881277,0.874397,2.331833,0.891816,0.886577,2.410568
1645444447792.4858,281383648630,1695.728989,1039.053369,2.409599,0.889057,0.849992,2.353897,0.877328,0.881764,2.465302
1645444447803.135,281383659733,1695.728989,1039.053369,2.409599,0.889057,0.849992,2.353897,0.877328,0.881764,2.465302
1645444447815.204,281383670836,1695.733509,1046.777701,2.412941,0.888038,0.861845,2.378418,0.878351,0.882785,2.447464
1645444447825.201,281383681939,1676.255951,1032.792628,2.418831,0.876116,0.856394,2.367188,0.869984,0.864928,2.470474
1645444447837.202,281383693042,1631.338291,1013.143194,2.424301,0.829327,0.823644,2.378128,0.869984,0.864928,2.470474
1645444447848.2102,281383704145,1501.011658,935.209787,2.449944,0.762924,0.76397,2.415527,0.800629,0.794713,2.48436
1645444447859.202,281383715249,1110.611172,705.781674,2.50721,0.578258,0.615401,2.47525,0.578629,0.560902,2.539169
1645444447871.211,281383726352,1030.173397,673.125386,2.521072,0.517631,0.563236,2.496643,0.555466,0.55864,2.545502
1645444447882.2,281383737455,976.439009,647.793138,2.514442,0.492588,0.543839,2.495346,0.524536,0.535816,2.533539
1645444447892.2,281383748558,915.141878,636.426616,2.523842,0.466128,0.529781,2.488159,0.487145,0.53093,2.559525
1645444447904.2002,281383759662,905.547438,630.57375,2.489861,0.472108,0.537599,2.49437,0.471171,0.513358,2.485352
1645444447915.199,281383770765,903.057261,638.075566,2.497276,0.474316,0.551525,2.515427,0.466369,0.511934,2.479126
1645444447925.201,281383781868,907.192068,634.517884,2.480698,0.47671,0.549766,2.50618,0.468282,0.507764,2.455215
1645444447937.201,281383792971,906.206646,636.229885,2.486229,0.476323,0.543863,2.510345,0.467642,0.51652,2.462112
1645444447948.202,281383804075,910.170593,632.179463,2.482826,0.477039,0.532785,2.489914,0.471056,0.520847,2.475739
1645444447959.199,281383815178,906.283178,629.064918,2.471634,0.477848,0.526443,2.480957,0.466197,0.521998,2.462311
1645444447970.2,281383826281,914.632416,624.499547,2.481827,0.478309,0.517017,2.464844,0.474433,0.523815,2.49881
1645444447981.202,281383837384,914.83901,624.530053,2.465157,0.477273,0.519744,2.46283,0.475684,0.521139,2.467484
1645444447992.199,281383848487,910.448084,628.49071,2.449669,0.475921,0.51987,2.443771,0.472462,0.527615,2.455566
1645444448004.2031,281383859591,901.361046,631.593096,2.417564,0.470285,0.529491,2.432541,0.468632,0.523164,2.402588
1645444448015.2122,281383870694,901.284256,630.041277,2.408058,0.472138,0.521573,2.412033,0.4667,0.528496,2.404083
1645444448025.202,281383881798,912.959862,644.228089,2.422401,0.468359,0.535674,2.475998,0.482641,0.538039,2.368805
1645444448037.199,281383892902,942.847309,664.023399,2.447594,0.482897,0.544643,2.45929,0.499236,0.562063,2.435898
1645444448048.202,281383904005,944.593077,663.04332,2.420845,0.481837,0.544092,2.421951,0.502114,0.56098,2.419739
1645444448059.213,281383915108,948.047848,664.286041,2.350464,0.480502,0.541283,2.319641,0.507048,0.56586,2.381287
1645444448070.202,281383926211,933.305454,653.577805,2.310661,0.480046,0.540597,2.310883,0.492147,0.5487,2.31044
1645444448081.214,281383937314,942.719822,652.73037,2.301712,0.484301,0.543943,2.306747,0.497699,0.543941,2.296677
1645444448092.199,281383948417,939.479856,643.025136,2.285622,0.484604,0.537516,2.287842,0.494021,0.534193,2.283401
1645444448104.2,281383959520,961.873856,654.771209,2.31366,0.492991,0.54444,2.288376,0.508961,0.546846,2.338943
1645444448115.2,281383970623,960.316658,658.896089,2.316422,0.494447,0.546121,2.28833,0.505883,0.552039,2.344513
1645444448125.208,281383981728,963.621197,680.114901,2.302887,0.49784,0.55926,2.272568,0.505932,0.574265,2.333206
1645444448137.202,281383992831,961.277447,692.492723,2.316658,0.492356,0.562813,2.265488,0.508975,0.591342,2.367828
1645444448148.201,281384003934,956.241589,697.013283,2.325943,0.488001,0.566637,2.277771,0.508084,0.595052,2.374115
1645444448159.199,281384015037,961.909876,693.014109,2.322189,0.489503,0.571409,2.285324,0.512487,0.583615,2.359055
1645444448170.2002,281384026140,964.347811,686.58725,2.304558,0.494262,0.569248,2.271103,0.510267,0.575064,2.338013
1645444448181.2,281384037243,968.082647,687.695503,2.296875,0.498402,0.567259,2.259247,0.510017,0.5789,2.334503
1645444448192.169,281384048346,962.775221,694.434285,2.294991,0.494793,0.56212,2.250381,0.508098,0.595271,2.3396
1645444448203.701,281384059449,962.767668,702.844012,2.304901,0.493788,0.567375,2.251282,0.509095,0.604031,2.358521
1645444448214.702,281384070553,962.5916,703.277743,2.30825,0.491,0.575982,2.267792,0.5117,0.596147,2.348709
1645444448225.699,281384081657,968.290329,691.581488,2.299881,0.493125,0.574711,2.267212,0.515511,0.577925,2.33255
1645444448236.701,281384092760,960.684042,680.805945,2.289337,0.486856,0.569283,2.278656,0.513857,0.565394,2.300018
1645444448247.7,281384103863,962.625475,677.252841,2.282021,0.486548,0.560088,2.257141,0.516187,0.568666,2.3069
1645444448258.702,281384114966,964.047546,683.776653,2.287277,0.489539,0.560504,2.257034,0.514677,0.579123,2.31752
1645444448270.699,281384126069,961.747255,691.578019,2.282219,0.489681,0.566698,2.237534,0.512139,0.585932,2.326904
1645444448281.698,281384137172,958.821316,700.36633,2.298447,0.487872,0.581241,2.26709,0.510901,0.586036,2.329803
1645444448291.699,281384148275,959.085388,697.853243,2.296227,0.488211,0.589981,2.281387,0.510837,0.573108,2.311066
1645444448303.7,281384159379,960.947342,688.187957,2.283333,0.491062,0.585862,2.289948,0.509925,0.561118,2.276718
1645444448314.7222,281384170482,965.14246,684.406757,2.27076,0.492788,0.582943,2.285568,0.512569,0.557735,2.255951
1645444448325.698,281384181586,953.83132,688.464582,2.29734,0.491065,0.575996,2.290817,0.502509,0.571445,2.303864
1645444448336.701,281384192689,955.811663,687.380433,2.307877,0.492871,0.570187,2.29126,0.502766,0.575447,2.324493
1645444448347.7002,281384203792,957.542582,691.153622,2.310165,0.490492,0.575804,2.304855,0.506948,0.576119,2.315475
1645444448358.706,281384214895,965.311489,689.109385,2.32814,0.489799,0.575218,2.33812,0.515733,0.573298,2.318161
1645444448370.283,281384225998,956.257153,684.057462,2.300514,0.491684,0.588394,2.354568,0.504417,0.551702,2.24646
1645444448381.282,281384237101,953.344431,674.595237,2.302727,0.494734,0.578156,2.33522,0.498333,0.54617,2.270233
1645444448392.282,281384248205,956.045351,668.262756,2.303535,0.496039,0.572826,2.32666,0.499842,0.540945,2.280411
1645444448404.283,281384259308,950.340357,661.084342,2.308983,0.48867,0.557735,2.324799,0.501268,0.544073,2.293167
1645444448414.282,281384270411,951.865625,669.474363,2.319374,0.487782,0.567298,2.362015,0.503745,0.548493,2.276733
1645444448425.282,281384281514,944.143581,675.570023,2.323059,0.482443,0.572182,2.370605,0.50104,0.553768,2.275513
1645444448437.282,281384292618,943.908663,677.903759,2.328674,0.487847,0.582865,2.389862,0.495391,0.546975,2.267487
1645444448447.953,281384303721,948.529472,670.714581,2.316902,0.490335,0.569093,2.352875,0.497717,0.548765,2.28093
1645444448458.951,281384314825,944.600286,671.156859,2.327499,0.490877,0.572418,2.366364,0.493082,0.546176,2.288635
1645444448470.957,281384325928,957.603922,683.481681,2.36412,0.487326,0.563701,2.353378,0.510178,0.575435,2.374863
1645444448480.9512,281384337032,953.443165,690.537322,2.37429,0.484572,0.57495,2.376358,0.508598,0.575945,2.372223
1645444448491.952,281384348135,956.56703,690.452027,2.374962,0.486953,0.568715,2.36972,0.509471,0.582038,2.380203
1645444448503.9502,281384359238,942.108479,680.85022,2.345207,0.483064,0.569226,2.370224,0.498299,0.565524,2.32019
1645444448514.952,281384370341,947.139158,680.963159,2.334137,0.486265,0.568033,2.35936,0.500338,0.566906,2.308914
1645444448524.953,281384381444,948.178253,696.804821,2.352898,0.484836,0.574561,2.366837,0.50285,0.58678,2.338959
1645444448536.955,281384392547,957.674332,702.402771,2.354332,0.494643,0.586644,2.383652,0.502935,0.584028,2.325012
1645444448547.951,281384403651,956.781807,702.378595,2.353996,0.496435,0.585564,2.390793,0.500213,0.585067,2.3172
1645444448558.954,281384414754,954.86927,697.261906,2.35498,0.498966,0.592395,2.413223,0.49569,0.569708,2.296738
1645444448569.9512,281384425858,962.002487,707.153213,2.400856,0.495063,0.583617,2.42276,0.507023,0.594971,2.378952
1645444448580.953,281384436961,962.955866,704.018855,2.409279,0.493241,0.582207,2.430145,0.509838,0.591158,2.388412
1645444448591.951,281384448064,963.030996,702.047968,2.413338,0.492906,0.575985,2.433655,0.510252,0.594095,2.393021
1645444448603.953,281384459167,964.30418,706.04099,2.417076,0.493693,0.582796,2.427917,0.51079,0.593939,2.406235
1645444448614.9731,281384470270,957.463331,705.18086,2.42334,0.491163,0.577836,2.424347,0.506195,0.597465,2.422333
1645444448624.951,281384481373,961.388998,710.403335,2.425812,0.490196,0.579048,2.426102,0.511251,0.604958,2.425522
1645444448636.95,281384492476,955.763969,696.158051,2.408501,0.48617,0.567019,2.421005,0.509417,0.593244,2.395996
1645444448647.952,281384503580,957.106419,692.688739,2.410278,0.487895,0.568418,2.419434,0.509091,0.586063,2.401123
1645444448658.582,281384514684,954.381838,683.582211,2.406952,0.48773,0.567678,2.416016,0.506417,0.571626,2.397888
1645444448670.5798,281384525787,941.026382,672.279203,2.375931,0.487176,0.571723,2.419312,0.493059,0.548742,2.33255
1645444448681.579,281384536890,942.250443,675.855982,2.371178,0.48631,0.570636,2.415054,0.495201,0.55579,2.327301
1645444448691.583,281384547993,939.152641,678.530967,2.378609,0.48492,0.571491,2.415543,0.493364,0.559394,2.341675
1645444448703.584,281384559096,946.084499,687.101912,2.390984,0.48871,0.571053,2.421967,0.496795,0.574117,2.360001
1645444448714.58,281384570199,944.51869,684.82064,2.389603,0.487488,0.571073,2.423401,0.496386,0.570295,2.355804
1645444448725.5808,281384581302,948.433571,687.146866,2.393044,0.489323,0.569465,2.426529,0.498629,0.57578,2.359558
1645444448737.582,281384592405,943.952866,680.555212,2.378731,0.487208,0.569452,2.425797,0.496076,0.564806,2.331665
1645444448747.58,281384603509,941.000175,682.7793,2.388039,0.486101,0.574365,2.435013,0.494108,0.563601,2.341064
1645444448758.579,281384614613,938.855982,679.818499,2.398338,0.488209,0.578863,2.447876,0.489766,0.554168,2.348801
1645444448770.583,281384625716,939.025841,683.480752,2.407349,0.488479,0.577921,2.465591,0.489673,0.561213,2.349106
1645444448780.581,281384636819,943.761921,678.717864,2.39518,0.490462,0.571779,2.462204,0.492623,0.559418,2.328156
1645444448791.588,281384647922,943.631573,674.770153,2.386101,0.48492,0.55557,2.440659,0.498029,0.569047,2.331543
1645444448803.581,281384659025,963.599052,692.459393,2.439293,0.491688,0.564076,2.445251,0.512061,0.590023,2.433334
1645444448814.58,281384670128,959.394035,705.079687,2.459389,0.491399,0.573746,2.462418,0.50797,0.601387,2.45636
1645444448824.579,281384681231,956.005154,712.116551,2.464996,0.49136,0.589041,2.476822,0.504479,0.59782,2.453171
1645444448836.581,281384692335,950.964689,708.414924,2.476685,0.487381,0.584696,2.494019,0.503207,0.595995,2.459351
1645444448848.164,281384703438,956.128092,695.597291,2.456802,0.487892,0.571286,2.466537,0.508075,0.588043,2.447067
1645444448858.161,281384714542,961.966009,698.557627,2.467468,0.49014,0.566563,2.478699,0.511907,0.5977,2.456238
1645444448870.162,281384725645,944.875345,690.897703,2.416077,0.488007,0.570056,2.458481,0.496238,0.58144,2.373672
1645444448881.19,281384736748,939.483747,692.341483,2.431702,0.487494,0.570758,2.45517,0.491135,0.583144,2.408234
1645444448891.1682,281384747851,942.004395,685.924959,2.435043,0.491004,0.57293,2.47168,0.49025,0.570278,2.398407
1645444448903.166,281384758954,949.421854,693.419552,2.443604,0.491432,0.58267,2.486389,0.497549,0.573029,2.400818
1645444448914.166,281384770058,948.388309,698.145783,2.453133,0.49366,0.586445,2.505096,0.494244,0.577131,2.401169
1645444448925.156,281384781162,941.41943,705.2266,2.468025,0.490029,0.591342,2.51825,0.490617,0.584035,2.417801
1645444448937.164,281384792265,944.901495,704.989779,2.491112,0.484846,0.584158,2.505508,0.499426,0.590825,2.476715
1645444448947.341,281384803368,945.89324,701.153862,2.49057,0.483535,0.585754,2.512436,0.50177,0.582836,2.468704
1645444448958.302,281384814471,950.412598,689.549696,2.479774,0.486456,0.578412,2.49118,0.503557,0.570838,2.468369
1645444448970.298,281384825575,955.402737,695.945084,2.49926,0.489085,0.582481,2.511215,0.506126,0.577427,2.487305
1645444448980.297,281384836678,959.007225,701.073432,2.488785,0.488274,0.586656,2.514709,0.510692,0.5818,2.46286
1645444448991.263,281384847781,961.661625,705.805528,2.492043,0.486861,0.593283,2.53656,0.51487,0.583059,2.447525
1645444449003.531,281384858884,954.287682,696.60008,2.456177,0.486842,0.588113,2.522675,0.507208,0.572888,2.389679
1645444449013.9849,281384869988,953.831234,695.127761,2.467606,0.485738,0.587733,2.527542,0.507836,0.570813,2.407669
1645444449024.942,281384881091,945.335169,702.404952,2.50489,0.487979,0.584071,2.546524,0.496746,0.586604,2.463257
1645444449036.9429,281384892194,949.980068,711.377084,2.537491,0.484539,0.58652,2.562195,0.505024,0.599108,2.512787
1645444449047.955,281384903297,951.484652,706.744015,2.518242,0.484058,0.582441,2.552185,0.507072,0.595466,2.484299
1645444449057.946,281384914400,954.9018,690.962005,2.502533,0.477563,0.575326,2.55014,0.517126,0.576278,2.454926
1645444449069.9438,281384925503,951.512461,679.571486,2.469933,0.486426,0.576475,2.555817,0.504732,0.556144,2.384048
1645444449080.941,281384936607,948.526011,688.963687,2.505692,0.487993,0.585622,2.586594,0.500055,0.562651,2.424789
1645444449090.948,281384947710,953.903818,705.38789,2.532471,0.491367,0.592858,2.593826,0.502283,0.582788,2.471115
1645444449102.947,281384958814,956.142769,707.10851,2.557816,0.486964,0.58539,2.608673,0.509018,0.593124,2.506958
1645444449113.942,281384969917,958.663073,700.084376,2.552689,0.487591,0.582944,2.595367,0.511016,0.583863,2.51001
1645444449124.943,281384981020,951.68644,689.778006,2.549294,0.484713,0.576037,2.590775,0.506627,0.573593,2.507812
1645444449135.965,281384992123,970.787201,685.475564,2.561462,0.493839,0.578268,2.596085,0.517398,0.564191,2.52684
1645444449146.949,281385003226,969.248371,688.341057,2.555702,0.495041,0.571966,2.582077,0.514593,0.575269,2.529327
1645444449157.942,281385014329,968.227129,700.567532,2.565475,0.49649,0.583357,2.600586,0.51208,0.584255,2.530365
1645444449169.942,281385025432,943.456793,700.416148,2.519127,0.488224,0.582463,2.569046,0.494544,0.584898,2.469208
1645444449180.9448,281385036536,941.57238,704.946613,2.517838,0.484642,0.590788,2.58725,0.496163,0.584123,2.448425
1645444449190.942,281385047640,944.227438,697.598147,2.527603,0.486988,0.58276,2.593735,0.496582,0.579904,2.461472
1645444449201.947,281385058743,962.810068,699.3855,2.559013,0.488447,0.587271,2.596802,0.51448,0.578371,2.521225
1645444449213.942,281385069846,960.237923,697.147071,2.563332,0.491192,0.574832,2.581268,0.509056,0.58708,2.545395
1645444449316.9429,281385080949,952.38656,691.653836,2.548401,0.479092,0.561971,2.541702,0.512977,0.590785,2.555099
1645444449317.944,281385092052,952.38656,691.653836,2.548401,0.479092,0.561971,2.541702,0.512977,0.590785,2.555099
1645444449318.944,281385103155,951.983185,692.440188,2.563492,0.47758,0.567887,2.553528,0.514069,0.58618,2.573456
1645444449318.944,281385114258,997.717609,727.862012,2.619904,0.491042,0.621527,2.730087,0.548247,0.591577,2.50972
1645444449320.946,281385125361,997.717609,727.862012,2.619904,0.491042,0.621527,2.730087,0.548247,0.591577,2.50972
1645444449321.9458,281385136466,1020.799484,707.082796,2.594017,0.506105,0.609933,2.682693,0.557228,0.568538,2.505341
1645444449323.941,281385147569,1020.799484,707.082796,2.594017,0.506105,0.609933,2.682693,0.557228,0.568538,2.505341
1645444449323.941,281385158672,964.561844,703.917003,2.559967,0.506105,0.609933,2.682693,0.498647,0.563262,2.437241
1645444449324.944,281385169775,,,,,,,0.499975,0.570838,2.430557
1645444449324.944,281385180878,965.660563,686.155379,2.51767,0.497757,0.573003,2.527206,0.50814,0.570589,2.508133
1645444449334.94,281385191981,981.546736,687.81774,2.533203,0.497757,0.573003,2.527206,0.524688,0.57336,2.5392
1645444449346.941,281385203084,979.107943,692.416549,2.564491,0.497974,0.581099,2.57515,0.52193,0.572928,2.553833
1645444449357.944,281385214187,978.601284,692.779791,2.599442,0.498724,0.585348,2.601166,0.520652,0.569285,2.597717
1645444449368.9412,281385225292,978.601284,692.779791,2.599442,0.498724,0.585348,2.601166,0.520652,0.569285,2.597717
1645444449380.942,281385236395,982.628689,695.151043,2.607994,0.500587,0.591974,2.627838,0.522984,0.566612,2.58815
1645444449391.9412,281385247498,972.36248,692.308688,2.607323,0.494663,0.573489,2.615479,0.518215,0.580358,2.599167
1645444449401.95,281385258602,972.36248,692.308688,2.607323,0.494663,0.573489,2.615479,0.518215,0.580358,2.599167
1645444449413.952,281385269705,966.809006,693.909323,2.608727,0.493011,0.570893,2.616714,0.514081,0.585623,2.600739
1645444449423.949,281385280808,970.969391,694.667673,2.601501,0.495401,0.577615,2.596863,0.516026,0.580165,2.60614
1645444449435.95,281385291911,959.006996,699.101901,2.608948,0.491077,0.578569,2.607101,0.507889,0.586601,2.610794
1645444449447.593,281385303014,969.021606,694.586384,2.604004,0.495452,0.575787,2.600327,0.513945,0.581857,2.607681
1645444449457.633,281385314118,973.678465,702.757359,2.637192,0.496762,0.586809,2.668793,0.517487,0.584453,2.605591
1645444449470.091,281385325221,971.770306,696.531451,2.636986,0.501339,0.582871,2.716141,0.510922,0.578015,2.557831
1645444449481.115,281385336324,960.082912,694.333649,2.644615,0.494155,0.581607,2.70903,0.505931,0.575616,2.5802
1645444449491.118,281385347427,957.09157,689.514291,2.624863,0.498607,0.571364,2.652725,0.498364,0.577826,2.597
1645444449502.486,281385358530,968.689499,692.875493,2.6614,0.498172,0.573892,2.647079,0.51088,0.580901,2.67572
1645444449513.488,281385369634,969.217272,699.940825,2.661636,0.495918,0.579031,2.658005,0.513683,0.587537,2.665268
1645444449524.51,281385380737,965.597878,701.711011,2.658073,0.490533,0.582821,2.648575,0.515298,0.586697,2.667572
1645444449536.5168,281385391840,955.585012,701.520824,2.631622,0.489807,0.58286,2.640732,0.505594,0.586342,2.622513
1645444449547.516,281385402944,954.811878,703.563058,2.635811,0.493586,0.583716,2.639801,0.50101,0.588889,2.631821
1645444449557.518,281385414047,951.522017,703.114808,2.634613,0.496144,0.585548,2.644379,0.495025,0.58631,2.624847
1645444449569.5168,281385425150,944.210272,698.391438,2.614021,0.496827,0.588857,2.655899,0.486726,0.575129,2.572144
1645444449580.527,281385436253,945.788355,700.596607,2.631767,0.49564,0.596215,2.686447,0.489556,0.571446,2.577087
1645444449590.516,281385447357,943.6094,694.592535,2.630653,0.488822,0.599151,2.68898,0.494105,0.558503,2.572327
1645444449602.671,281385458460,907.186003,681.104922,2.632317,0.461198,0.576622,2.673706,0.483788,0.558553,2.590927
1645444449613.69,281385469563,831.321259,653.381896,2.649185,0.427351,0.554722,2.654465,0.438609,0.534248,2.643906
1645444449624.244,281385480666,694.672451,620.386505,2.671883,0.380748,0.53605,2.716614,0.342869,0.497928,2.627151
1645444449636.2678,281385491770,596.91699,581.577927,2.785522,0.327348,0.550302,2.830765,0.294441,0.418994,2.74028
1645444449647.243,281385502873,533.374014,468.553841,2.718651,0.290486,0.406128,2.72821,0.265112,0.374795,2.709091
1645444449657.243,281385513976,537.533541,464.245802,2.684441,0.28423,0.397402,2.661438,0.275701,0.376341,2.707443
1645444449669.2432,281385525079,536.778231,457.562846,2.700562,0.279468,0.386747,2.665192,0.279676,0.375858,2.735931
1645444449680.271,281385536182,537.244234,455.807823,2.704552,0.279694,0.386652,2.662277,0.279935,0.373028,2.746826
1645444449691.242,281385547285,540.343409,456.515658,2.715477,0.280024,0.379382,2.667023,0.282834,0.381478,2.763931
1645444449702.248,281385558389,541.22509,459.903842,2.711617,0.281162,0.384397,2.678604,0.282614,0.382109,2.744629
1645444449714.243,281385569492,541.551733,462.761718,2.712608,0.27959,0.391102,2.69162,0.284527,0.380168,2.733597
1645444449724.253,281385580596,541.097403,464.438528,2.712502,0.279106,0.390013,2.694626,0.284537,0.384051,2.730377
1645444449736.242,281385591699,535.251131,466.400224,2.718491,0.274555,0.391774,2.695389,0.282998,0.38556,2.741592
1645444449747.244,281385602802,533.595743,466.793972,2.71624,0.274891,0.388099,2.686127,0.280938,0.389891,2.746353
1645444449757.243,281385613905,530.908327,465.445822,2.721642,0.276021,0.392892,2.686935,0.277008,0.382851,2.756348
1645444449769.244,281385625008,530.953274,460.083944,2.709465,0.282514,0.39099,2.686539,0.270563,0.375816,2.732391
1645444449780.243,281385636111,521.992922,463.191211,2.721207,0.276383,0.39259,2.684814,0.26736,0.379395,2.757599
1645444449790.242,281385647214,491.872301,449.574262,2.721718,0.260708,0.379282,2.686264,0.251659,0.370009,2.757172
1645444449802.243,281385658318,474.82604,444.538236,2.734253,0.245153,0.370181,2.68927,0.249457,0.370716,2.779236
1645444449813.242,281385669422,471.46873,431.558543,2.725494,0.242363,0.35375,2.688126,0.248751,0.365514,2.762863
1645444449824.2422,281385680525,471.641264,431.482959,2.729057,0.246751,0.355632,2.689819,0.244542,0.363506,2.768295
1645444449836.244,281385691629,471.374016,431.234926,2.724358,0.248848,0.35937,2.684891,0.242166,0.359354,2.763824
1645444449847.2432,281385702732,473.382311,437.211299,2.736954,0.250171,0.368831,2.704132,0.242936,0.359855,2.769775
1645444449857.244,281385713835,470.464725,440.062469,2.735374,0.245406,0.373935,2.704041,0.244661,0.359502,2.766708
1645444449869.242,281385724938,475.085735,440.711921,2.747002,0.245657,0.370638,2.715012,0.249224,0.363881,2.778992
1645444449880.244,281385736041,472.349796,437.514031,2.742088,0.246084,0.360345,2.696884,0.245947,0.368846,2.787292
1645444449890.2422,281385747144,472.790022,431.994402,2.744896,0.245269,0.356192,2.703186,0.24722,0.363799,2.786606
1645444449902.25,281385758248,472.61158,425.097746,2.73661,0.245049,0.349591,2.693375,0.247255,0.358905,2.779846
1645444449913.251,281385769351,470.891705,420.949173,2.728394,0.244123,0.351317,2.685593,0.24639,0.350265,2.771194
1645444449924.25,281385780454,471.366105,419.540477,2.717239,0.243129,0.348478,2.671295,0.247877,0.350756,2.763184
1645444449936.2422,281385791558,469.081793,420.670009,2.713509,0.242498,0.346968,2.65889,0.246129,0.354148,2.768127
1645444449947.302,281385802661,473.161211,428.048658,2.722382,0.243761,0.356545,2.682007,0.249115,0.35687,2.762756
1645444449957.773,281385813764,476.987114,434.645498,2.715012,0.245882,0.359421,2.673538,0.250979,0.364988,2.756485
1645444449969.412,281385824867,471.629062,441.964638,2.705376,0.245112,0.37034,2.673462,0.246168,0.366268,2.737289
1645444449980.596,281385835970,466.792488,439.017427,2.696083,0.243174,0.367055,2.659821,0.243069,0.364641,2.732346
1645444449990.911,281385847074,467.373118,441.182756,2.697517,0.244773,0.371997,2.66423,0.242074,0.363307,2.730804
1645444450002.7249,281385858177,470.890546,436.568677,2.6903,0.24267,0.370126,2.656418,0.24784,0.357489,2.724182
1645444450013.7551,281385869281,476.059928,432.301265,2.693993,0.245295,0.365139,2.656326,0.250601,0.355363,2.731659
1645444450024.2058,281385880384,476.680226,425.682575,2.689751,0.246249,0.354484,2.647324,0.250293,0.354987,2.732178
1645444450035.992,281385891487,483.831396,408.004779,2.695923,0.252089,0.336199,2.650726,0.251902,0.343809,2.741119
1645444450047.003,281385902590,498.598881,381.770146,2.701714,0.259268,0.317652,2.66835,0.260106,0.318632,2.735077
1645444450057.006,281385913693,550.9869,284.438699,2.711716,0.280895,0.25232,2.683228,0.29305,0.221745,2.740204
1645444450069.01,281385924796,586.914339,230.526951,2.734306,0.297827,0.201404,2.69133,0.313542,0.182808,2.777283
1645444450080.007,281385935900,591.708727,206.488153,2.714951,0.299592,0.181157,2.669678,0.316771,0.16299,2.760223
1645444450091.002,281385947003,590.260649,200.082403,2.710434,0.302139,0.174587,2.661713,0.312716,0.158883,2.759155
1645444450102.005,281385958106,594.99218,200.715289,2.712715,0.307012,0.170832,2.681396,0.312772,0.163693,2.744034
1645444450114.003,281385969209,599.840813,206.50523,2.723732,0.308844,0.1752,2.700638,0.31599,0.168975,2.746826
1645444450124.0051,281385980313,602.930775,204.42085,2.721611,0.311329,0.174237,2.709747,0.316724,0.166464,2.733475
1645444450136.004,281385991416,596.508522,200.66413,2.707642,0.309471,0.17101,2.690933,0.311892,0.16343,2.72435
1645444450147.002,281386002519,595.803194,198.069611,2.710243,0.310467,0.16763,2.684448,0.310162,0.162486,2.736038
1645444450157.002,281386013622,596.311798,200.486612,2.709061,0.3096,0.170901,2.676239,0.311558,0.163244,2.741882
1645444450169.005,281386024726,599.079266,204.416478,2.716354,0.308301,0.173319,2.665512,0.31574,0.167375,2.767197
1645444450180.004,281386035829,597.425966,206.879997,2.704109,0.308953,0.171973,2.650696,0.313366,0.172827,2.757523
1645444450190.007,281386046932,595.242176,206.237108,2.695618,0.307856,0.169695,2.651398,0.312188,0.174033,2.739838
1645444450202.004,281386058035,597.044706,210.016555,2.693199,0.30847,0.17503,2.658676,0.313452,0.174998,2.727722
1645444450213.024,281386069138,595.544071,210.804552,2.695564,0.30776,0.180007,2.659943,0.312598,0.171334,2.731186
1645444450224.0269,281386080242,595.115347,213.398561,2.696693,0.308693,0.178399,2.659653,0.311219,0.177265,2.733734
1645444450236.023,281386091345,596.22242,206.458846,2.689972,0.30832,0.172779,2.651978,0.312745,0.171319,2.727966
1645444450247.0232,281386102448,600.350475,204.937702,2.686356,0.31045,0.169095,2.643524,0.314915,0.172467,2.729187
1645444450257.025,281386113552,613.270941,204.743421,2.672958,0.318076,0.173306,2.618546,0.320747,0.167933,2.727371
1645444450269.024,281386124655,645.344095,201.278087,2.67057,0.335887,0.173293,2.605942,0.336346,0.162171,2.735199
1645444450280.031,281386135759,668.79467,198.300245,2.673203,0.348481,0.172023,2.615067,0.34818,0.158478,2.731339
1645444450291.025,281386146862,719.113941,187.589148,2.67205,0.369853,0.16469,2.616364,0.379224,0.147959,2.727737
1645444450302.027,281386157965,722.771416,185.886347,2.667999,0.373192,0.16269,2.614868,0.379695,0.14712,2.72113
1645444450313.026,281386169068,721.793175,186.604196,2.67337,0.37303,0.165796,2.619995,0.378837,0.145211,2.726746
1645444450380.026,281386180171,724.596634,189.61418,2.663841,0.373857,0.165925,2.610031,0.380931,0.150099,2.717651
1645444450380.026,281386191274,727.326078,199.172893,2.666374,0.378117,0.174118,2.612183,0.379514,0.157836,2.720566
1645444450381.0278,281386202379,727.104006,195.483416,2.659378,0.375639,0.166748,2.607773,0.381761,0.159057,2.710983
1645444450381.0278,281386213482,726.988392,194.142276,2.657181,0.37786,0.168209,2.605286,0.379419,0.155361,2.709076
1645444450381.0278,281386224585,725.52372,190.878439,2.655678,0.375881,0.164238,2.603119,0.379873,0.153893,2.708237
1645444450382.0369,281386235688,726.520529,192.253858,2.646324,0.377293,0.16441,2.590622,0.3795,0.156014,2.702026
1645444450390.5908,281386246791,723.555794,191.541418,2.648911,0.375565,0.163643,2.602325,0.378138,0.155592,2.695496
1645444450402.594,281386257894,720.902681,188.008064,2.64505,0.373192,0.160341,2.603592,0.377748,0.153005,2.686508
1645444450413.592,281386268997,717.555771,185.429075,2.649986,0.371912,0.159742,2.607254,0.375542,0.149306,2.692719
1645444450423.593,281386280100,721.220627,185.919678,2.64473,0.371405,0.160973,2.600464,0.379866,0.148893,2.688995
1645444450435.591,281386291205,722.018652,183.002678,2.645935,0.375269,0.154738,2.595322,0.376833,0.150266,2.696548
1645444450446.2249,281386302308,725.023899,184.165281,2.644173,0.375731,0.156311,2.595032,0.379503,0.150631,2.693314
1645444450457.238,281386313411,724.77396,184.22175,2.64753,0.376547,0.157253,2.601334,0.378426,0.149783,2.693726
1645444450468.24,281386324514,732.813435,197.459775,2.644447,0.380983,0.175303,2.588898,0.382364,0.153797,2.699997
1645444450479.2349,281386335617,766.468706,245.5865,2.636642,0.397045,0.218544,2.5923,0.40136,0.190767,2.680984
1645444450490.234,281386346720,857.700148,387.463152,2.618179,0.43652,0.313212,2.571411,0.456917,0.33256,2.664948
1645444450502.237,281386357823,889.292622,497.759897,2.550171,0.4655,0.416969,2.572433,0.460846,0.412631,2.527908
1645444450513.234,281386368926,915.009756,534.664124,2.522156,0.474764,0.445164,2.545197,0.478372,0.445943,2.499115
