#timestamp,tobii_system_timestamp,toii_device_timestamp,gaze_x,gaze_y,pupil_diameter,left_gaze_origin_validity,left_gaze_origin_in_user_coordinate_system,left_gaze_origin_in_user_coordinate_system,left_gaze_origin_in_user_coordinate_system,left_gaze_point_in_user_coordinate_system,left_gaze_point_in_user_coordinate_system,left_gaze_origin_in_trackbox_coordinate_system,left_gaze_origin_in_trackbox_coordinate_system,left_gaze_x,left_gaze_y,left_pupil_validity,left_pupil,right_gaze_origin_validity,right_gaze_origin_in_user_coordinate_system,right_gaze_origin_in_user_coordinate_system,right_gaze_origin_in_user_coordinate_system,right_gaze_point_in_user_coordinate_system,right_gaze_point_in_user_coordinate_system,right_gaze_origin_in_trackbox_coordinate_system,right_gaze_origin_in_trackbox_coordinate_system,right_gaze_x,right_gaze_y,right_pupil_validity,right_pupil
1644834564018.124,148892486120,11728883759,634.793730,424.944359,2.655472,1,-74.722931,56.522762,545.678406,-87.755363,210.710815,0.680251,0.306977,0.330588,0.362815,1,2.556854,1,-10.148977,55.964092,550.548462,-87.720505,216.001358,0.511562,0.311584,0.330655,0.345425,1,2.754089
1644834564030.131,148892497224,11728894863,635.178537,422.557819,2.652405,1,-75.244896,56.387787,545.712708,-87.181351,210.063034,0.681603,0.307450,0.331696,0.364945,1,2.558243,1,-10.494568,56.075294,550.627197,-88.086891,217.859207,0.512451,0.311224,0.329948,0.339318,1,2.746567
1644834564040.125,148892508328,11728905966,634.468632,422.584695,2.649254,1,-75.559746,56.292667,545.670715,-87.192207,209.769928,0.682441,0.307761,0.331675,0.365908,1,2.553345,1,-10.840160,56.187099,550.638367,-88.459099,218.138702,0.513342,0.310838,0.329230,0.338400,1,2.745163
1644834579922.904,148908341502,11744739022,462.665205,888.792729,2.817856,1,-117.229042,39.919559,527.408569,-131.318680,91.689102,0.802081,0.359233,0.246489,0.754044,1,2.693527,1,-53.480801,46.357986,538.309753,-137.034866,99.832222,0.626824,0.340399,0.235454,0.727277,1,2.942184
1644834579922.904,148908352605,11744750125,465.882983,897.675455,2.834732,1,-116.174377,39.925179,527.244751,-130.310226,88.197418,0.799326,0.359183,0.248436,0.765521,1,2.720535,1,-52.873131,46.205811,538.151611,-136.307022,98.819992,0.625259,0.340896,0.236859,0.730604,1,2.948929
1644834579922.904,148908363708,11744761228,468.630953,898.172164,2.835663,1,-115.614876,39.933990,527.125244,-129.723923,87.236481,0.797884,0.359126,0.249568,0.768680,1,2.723862,1,-52.234550,46.045773,537.949158,-135.410553,99.529060,0.623623,0.341408,0.238590,0.728274,1,2.947464
1644834579922.904,148908374811,11744772331,470.908356,899.484015,2.840286,1,-115.614876,39.933990,527.125244,-129.723923,87.236481,0.797884,0.359126,0.249568,0.768680,1,2.723862,1,-51.734119,45.934368,537.752625,-134.181732,98.863922,0.622350,0.341749,0.240962,0.730460,1,2.956711
1644834579923.904,148908385914,11744783434,468.937154,896.893609,2.832069,1,-114.447571,39.975716,526.778748,-129.963928,88.750549,0.794928,0.358897,0.249104,0.763703,1,2.706940,1,-51.074100,45.795006,537.488953,-135.005371,98.663284,0.620669,0.342170,0.239372,0.731120,1,2.957199
1644834579930.905,148908397019,11744794538,468.981214,896.842468,2.824997,1,-113.844559,40.011929,526.539795,-130.786453,88.907211,0.793435,0.358709,0.247516,0.763188,1,2.691238,1,-50.416908,45.660660,537.152344,-134.159088,98.532578,0.619013,0.342553,0.241006,0.731549,1,2.958755
1644834579940.9038,148908408122,11744805641,467.660608,894.804847,2.826065,1,-113.844559,40.011929,526.539795,-130.786453,88.907211,0.793435,0.358709,0.247516,0.763188,1,2.691238,1,-49.900681,45.566700,536.982178,-134.871658,99.565720,0.617687,0.342841,0.239630,0.728153,1,2.960892
1644834579951.907,148908419225,11744816744,464.415793,893.189156,2.819824,1,-112.733017,40.176910,526.342712,-131.648712,89.588234,0.790536,0.358076,0.245852,0.760950,1,2.684601,1,-49.258862,45.480698,536.800354,-135.760269,99.703918,0.616030,0.343099,0.237915,0.727699,1,2.955048
1644834579962.9058,148908430328,11744827847,470.747280,894.706428,2.819099,1,-112.156509,40.286419,526.261841,-129.376984,90.254974,0.789019,0.357667,0.250237,0.758758,1,2.683304,1,-48.624458,45.430969,536.639221,-134.615601,98.267838,0.614386,0.343236,0.240124,0.732419,1,2.954895
1644834579973.907,148908441431,11744838950,475.841718,896.247411,2.817009,1,-112.156509,40.286419,526.261841,-129.376984,90.254974,0.789019,0.357667,0.250237,0.758758,1,2.683304,1,-48.096897,45.409790,536.522217,-131.866714,97.486481,0.613015,0.343283,0.245431,0.734988,1,2.950714
1644834579984.903,148908452534,11744850053,494.136143,897.271264,2.841316,1,-111.087242,40.558353,526.135071,-123.115623,89.341202,0.786190,0.356666,0.262325,0.761762,1,2.729721,1,-47.461979,45.385719,536.376831,-128.256744,97.881134,0.611364,0.343334,0.252400,0.733690,1,2.952911
1644834579995.904,148908463637,11744861156,498.294153,898.640227,2.834396,1,-110.484383,40.743843,526.155762,-122.528328,88.030243,0.784542,0.356012,0.263459,0.766071,1,2.718231,1,-46.835682,45.371048,536.318970,-126.600449,98.497986,0.609715,0.343377,0.255598,0.731663,1,2.950562
1644834580005.904,148908474740,11744872259,498.095198,897.601926,2.836517,1,-110.484383,40.743843,526.155762,-122.528328,88.030243,0.784542,0.356012,0.263459,0.766071,1,2.718231,1,-46.310318,45.355530,536.329163,-126.707809,99.024452,0.608318,0.343443,0.255390,0.729932,1,2.954803
1644834580018.904,148908485844,11744883363,497.116728,894.868255,2.825035,1,-109.515511,41.025391,526.323242,-123.504402,90.568703,0.781818,0.355058,0.261575,0.757727,1,2.689865,1,-45.707077,45.339954,536.350159,-126.259697,97.872086,0.606712,0.343513,0.256255,0.733720,1,2.960205
1644834580028.903,148908496947,11744894466,496.379156,889.851522,2.834167,1,-108.902382,41.168766,526.374573,-122.929291,92.558212,0.780127,0.354565,0.262685,0.751187,1,2.704865,1,-45.074982,45.301556,536.321533,-127.232765,98.426262,0.605040,0.343649,0.254377,0.731899,1,2.963470
1644834580039.906,148908508050,11744905569,495.093098,889.986169,2.833282,1,-108.902382,41.168766,526.374573,-122.929291,92.558212,0.780127,0.354565,0.262685,0.751187,1,2.704865,1,-44.502010,45.253426,536.140625,-127.926712,98.358009,0.603559,0.343774,0.253037,0.732123,1,2.961700
1644834580051.904,148908519154,11744916672,495.990715,892.530119,2.825943,1,-107.771820,41.392643,526.088562,-122.564873,89.842377,0.777219,0.353692,0.263388,0.760114,1,2.698959,1,-43.847252,45.188194,535.902100,-127.806793,99.783974,0.601873,0.343942,0.253269,0.727436,1,2.952927
1644834580062.907,148908530257,11744927775,496.794033,894.842041,2.817535,1,-107.066864,41.518532,525.877808,-123.116203,88.776924,0.775423,0.353187,0.262324,0.763616,1,2.680801,1,-43.185863,45.122604,535.623169,-126.821991,99.677147,0.600176,0.344101,0.255170,0.727787,1,2.954269
1644834580072.904,148908541360,11744938878,497.405777,897.468674,2.814713,1,-107.066864,41.518532,525.877808,-123.116203,88.776924,0.775423,0.353187,0.262324,0.763616,1,2.680801,1,-42.575974,45.072613,535.383484,-126.491890,98.345314,0.598606,0.344215,0.255807,0.732165,1,2.948624
1644834580084.903,148908552463,11744949981,495.824690,895.520604,2.809883,1,-105.923874,41.732758,525.616272,-124.024200,90.382156,0.772464,0.352355,0.260571,0.758340,1,2.673630,1,-41.919350,45.023529,535.153320,-126.437027,97.727844,0.596908,0.344329,0.255913,0.734194,1,2.946136
1644834580095.906,148908563566,11744961084,495.953350,899.188399,2.802437,1,-105.208687,41.881660,525.404175,-123.512749,89.285370,0.770637,0.351766,0.261558,0.761945,1,2.677124,1,-41.264149,44.991798,534.877991,-126.879074,96.964928,0.595221,0.344369,0.255060,0.736702,1,2.927750
1644834580105.906,148908574670,11744972188,497.285156,896.461844,2.801849,1,-105.208687,41.881660,525.404175,-123.512749,89.285370,0.770637,0.351766,0.261558,0.761945,1,2.677124,1,-40.647739,44.960773,534.660950,-126.160439,98.347404,0.593624,0.344423,0.256447,0.732158,1,2.926575
1644834580117.918,148908585773,11744983291,497.283726,896.143270,2.804947,1,-104.078163,42.154354,525.129395,-122.792282,89.641296,0.767713,0.350718,0.262949,0.760775,1,2.682129,1,-40.001911,44.939682,534.426880,-126.881683,98.153015,0.591951,0.344437,0.255055,0.732797,1,2.927765
1644834580128.905,148908596876,11744994394,499.312449,894.262969,2.805054,1,-103.373756,42.330524,525.000427,-121.925224,90.588745,0.765867,0.350053,0.264623,0.757661,1,2.677658,1,-39.357426,44.925472,534.229431,-126.654053,98.158958,0.590273,0.344438,0.255494,0.732777,1,2.932449
1644834580139.906,148908607979,11745005497,499.900589,894.461417,2.803558,1,-103.373756,42.330524,525.000427,-121.925224,90.588745,0.765867,0.350053,0.264623,0.757661,1,2.677658,1,-38.720253,44.906769,534.003479,-126.336716,98.058357,0.588619,0.344446,0.256107,0.733108,1,2.929459
1644834580151.905,148908619082,11745016600,498.370085,895.627105,2.793114,1,-102.184387,42.626556,524.737305,-122.249023,89.383026,0.762772,0.348923,0.263998,0.761624,1,2.665268,1,-38.054543,44.886467,533.774841,-126.838776,98.673012,0.586887,0.344459,0.255138,0.731088,1,2.920959
1644834580161.904,148908630185,11745027703,497.442484,893.587053,2.786636,1,-101.445053,42.814762,524.662720,-122.611069,90.551666,0.760799,0.348231,0.263299,0.757783,1,2.661728,1,-37.384399,44.876488,533.620300,-126.977280,98.538788,0.585129,0.344458,0.254870,0.731529,1,2.911545
1644834580172.824,148908641288,11745038806,497.981644,894.187975,2.785774,1,-101.445053,42.814762,524.662720,-122.611069,90.551666,0.760799,0.348231,0.263299,0.757783,1,2.661728,1,-36.721985,44.869675,533.506104,-126.686363,98.234093,0.583382,0.344458,0.255432,0.732530,1,2.909821
1644834580184.826,148908652392,11745049909,498.839178,893.093526,2.783401,1,-100.272629,43.099594,524.664307,-122.770790,90.670174,0.757609,0.347218,0.262991,0.757393,1,2.658340,1,-36.057915,44.863934,533.416687,-126.063904,98.670502,0.581627,0.344461,0.256633,0.731096,1,2.908463
1644834580195.827,148908663496,11745061013,499.244328,896.390390,2.791557,1,-99.514320,43.271896,524.609863,-122.815468,88.978539,0.755574,0.346590,0.262905,0.762954,1,2.668686,1,-35.389217,44.852577,533.278198,-125.800629,98.690506,0.579866,0.344469,0.257142,0.731030,1,2.914429
1644834580205.8252,148908674599,11745072116,498.250608,896.748948,2.787392,1,-99.514320,43.271896,524.609863,-122.815468,88.978539,0.755574,0.346590,0.262905,0.762954,1,2.668686,1,-34.732250,44.847496,533.170654,-126.336823,98.508682,0.578131,0.344465,0.256107,0.731628,1,2.906097
1644834580217.8271,148908685702,11745083219,498.243828,894.782281,2.790154,1,-98.344536,43.547771,524.609070,-123.088875,90.469315,0.752392,0.345609,0.262377,0.758053,1,2.673920,1,-34.084427,44.854240,533.078979,-126.067024,98.015060,0.576417,0.344423,0.256627,0.733250,1,2.906387
1644834580228.828,148908696805,11745094322,496.803846,895.018387,2.782700,1,-97.615311,43.741993,524.545288,-124.056419,90.268906,0.750440,0.344898,0.260509,0.758712,1,2.663651,1,-33.448036,44.859882,532.934265,-125.876526,98.095795,0.574742,0.344368,0.256995,0.732985,1,2.901749
1644834580239.825,148908707908,11745105425,497.951746,894.819868,2.782478,1,-97.615311,43.741993,524.545288,-124.056419,90.268906,0.750440,0.344898,0.260509,0.758712,1,2.663651,1,-32.817680,44.882648,532.823059,-125.257118,98.196457,0.573076,0.344263,0.258191,0.732654,1,2.901306
1644834580251.8252,148908719011,11745116528,498.135052,894.890428,2.777451,1,-96.498001,44.106380,524.490601,-123.194794,91.349342,0.747426,0.343579,0.262172,0.755161,1,2.656189,1,-32.191978,44.925018,532.707947,-126.019836,97.080200,0.571422,0.344087,0.256718,0.736323,1,2.898712
1644834580262.827,148908730114,11745127631,500.704594,893.479514,2.771576,1,-95.813667,44.353966,524.480042,-122.384727,92.236633,0.745568,0.342690,0.263736,0.752244,1,2.647568,1,-31.584267,44.983791,532.614441,-125.443398,96.908295,0.569813,0.343858,0.257831,0.736888,1,2.895584
1644834580272.825,148908741217,11745138734,501.225500,893.896186,2.772835,1,-95.813667,44.353966,524.480042,-122.384727,92.236633,0.745568,0.342690,0.263736,0.752244,1,2.647568,1,-30.991787,45.061043,532.553284,-125.162354,96.697006,0.568238,0.343574,0.258374,0.737583,1,2.898102
1644834580284.822,148908752321,11745149838,500.831165,897.327733,2.766815,1,-94.750023,44.855354,524.552307,-123.241852,90.698196,0.742636,0.340915,0.262081,0.757301,1,2.639328,1,-30.414217,45.163757,532.509888,-124.518013,96.495552,0.566699,0.343203,0.259618,0.738245,1,2.894302
1644834580298.825,148908763424,11745160941,499.869032,895.864141,2.763802,1,-94.107658,45.174702,524.611023,-123.188675,91.062851,0.740857,0.339787,0.262184,0.756103,1,2.638214,1,-29.844790,45.290516,532.478699,-125.090317,96.873016,0.565181,0.342751,0.258513,0.737004,1,2.889389
1644834580306.542,148908774527,11745172044,501.024084,894.899905,2.761536,1,-94.107658,45.174702,524.611023,-123.188675,91.062851,0.740857,0.339787,0.262184,0.756103,1,2.638214,1,-29.289028,45.444252,532.421936,-124.467064,97.361916,0.563702,0.342194,0.259716,0.735397,1,2.884857
1644834580318.5378,148908785631,11745183147,502.422180,893.883526,2.765823,1,-93.066963,45.706615,524.641602,-122.550552,91.323898,0.738008,0.337889,0.263416,0.755244,1,2.645126,1,-28.733074,45.618717,532.352600,-124.350792,97.616180,0.562223,0.341559,0.259941,0.734561,1,2.886520
1644834580328.5378,148908796734,11745194250,505.325289,894.773376,2.762222,1,-92.446823,46.046947,524.657715,-121.790245,91.489098,0.736311,0.336672,0.264884,0.754701,1,2.637695,1,-28.197308,45.839108,532.280640,-123.544655,96.999832,0.560799,0.340760,0.261497,0.736588,1,2.886749
1644834580339.54,148908807837,11745205353,505.386400,897.144234,2.762138,1,-92.446823,46.046947,524.657715,-121.790245,91.489098,0.736311,0.336672,0.264884,0.754701,1,2.637695,1,-27.663071,46.094555,532.251709,-123.511658,95.797684,0.559371,0.339849,0.261560,0.740539,1,2.886581
1644834580351.542,148908818940,11745216456,503.789034,898.086548,2.753799,1,-91.450264,46.681641,524.791748,-122.518005,92.288574,0.733532,0.334435,0.263479,0.752073,1,2.626877,1,-27.152184,46.404743,532.236145,-123.645813,94.520401,0.558004,0.338747,0.261302,0.744737,1,2.880722
1644834580362.542,148908830043,11745227559,503.953800,898.193371,2.754936,1,-90.878868,47.095234,524.909119,-122.359070,91.758698,0.731920,0.332987,0.263786,0.753815,1,2.632828,1,-26.660791,46.754414,532.259888,-123.715843,94.996147,0.556683,0.337516,0.261166,0.743174,1,2.877045
1644834580373.54,148908841147,11745238663,504.036798,896.466029,2.752937,1,-90.878868,47.095234,524.909119,-122.359070,91.758698,0.731920,0.332987,0.263786,0.753815,1,2.632828,1,-26.193045,47.141815,532.345093,-123.671074,95.871964,0.555417,0.336169,0.261253,0.740295,1,2.873047
1644834580384.544,148908852250,11745249766,506.525030,895.906913,2.754738,1,-90.015381,47.858002,525.181580,-121.258797,91.242043,0.729439,0.330333,0.265910,0.755514,1,2.635956,1,-25.738605,47.552826,532.420227,-123.428749,96.672134,0.554188,0.334736,0.261721,0.737665,1,2.873520
1644834580395.54,148908863353,11745260869,503.529797,897.542131,2.798775,1,-89.663506,48.176250,525.325867,-122.589188,90.710793,0.728414,0.329236,0.263341,0.757260,1,2.722519,1,-25.289106,47.996197,532.479797,-123.714500,96.374275,0.552974,0.333183,0.261169,0.738644,1,2.875031
1644834580406.543,148908874456,11745271972,504.540195,897.570491,2.796043,1,-89.663506,48.176250,525.325867,-122.589188,90.710793,0.728414,0.329236,0.263341,0.757260,1,2.722519,1,-24.831589,48.435287,532.387939,-123.169281,96.359863,0.551758,0.331596,0.262221,0.738691,1,2.869568
1644834580417.5452,148908885559,11745283075,499.551830,893.472862,2.776970,1,-88.012230,49.690151,525.159729,-124.504898,92.426033,0.723990,0.323736,0.259643,0.751622,1,2.721024,1,-24.582487,48.676559,532.355591,-123.945267,96.722313,0.551094,0.330730,0.260723,0.737500,1,2.832916
1644834580428.543,148908896662,11745294178,500.893965,890.544641,2.810448,1,-88.012230,49.690151,525.159729,-124.504898,92.426033,0.723990,0.323736,0.259643,0.751622,1,2.721024,1,-24.356470,48.862877,532.314392,-123.221077,98.207047,0.550493,0.330056,0.262121,0.732619,1,2.899872
1644834580439.542,148908907766,11745305281,nan,nan,nan,1,-88.012230,49.690151,525.159729,-124.504898,92.426033,0.723990,0.323736,0.259643,0.751622,1,2.721024,0,nan,nan,nan,nan,nan,nan,nan,nan,nan,0,nan
1644834580450.541,148908918869,11745316384,nan,nan,nan,0,nan,nan,nan,nan,nan,nan,nan,nan,nan,0,nan,0,nan,nan,nan,nan,nan,nan,nan,nan,nan,0,nan
1644834580460.542,148908929973,11745327488,nan,nan,nan,0,nan,nan,nan,nan,nan,nan,nan,nan,nan,0,nan,0,nan,nan,nan,nan,nan,nan,nan,nan,nan,0,nan
1644834580471.54,148908941076,11745338591,nan,nan,nan,0,nan,nan,nan,nan,nan,nan,nan,nan,nan,0,nan,0,nan,nan,nan,nan,nan,nan,nan,nan,nan,0,nan
1644834580483.543,148908952179,11745349694,nan,nan,nan,0,nan,nan,nan,nan,nan,nan,nan,nan,nan,0,nan,0,nan,nan,nan,nan,nan,nan,nan,nan,nan,0,nan
1644834580495.541,148908963282,11745360797,nan,nan,nan,0,nan,nan,nan,nan,nan,nan,nan,nan,nan,0,nan,0,nan,nan,nan,nan,nan,nan,nan,nan,nan,0,nan
1644834580505.543,148908974385,11745371900,nan,nan,nan,0,nan,nan,nan,nan,nan,nan,nan,nan,nan,0,nan,0,nan,nan,nan,nan,nan,nan,nan,nan,nan,0,nan
1644834580517.542,148908985488,11745383003,nan,nan,nan,0,nan,nan,nan,nan,nan,nan,nan,nan,nan,0,nan,0,nan,nan,nan,nan,nan,nan,nan,nan,nan,0,nan
1644834580527.54,148908996591,11745394106,nan,nan,nan,0,nan,nan,nan,nan,nan,nan,nan,nan,nan,0,nan,0,nan,nan,nan,nan,nan,nan,nan,nan,nan,0,nan
1644834580538.5488,148909007694,11745405209,nan,nan,nan,0,nan,nan,nan,nan,nan,nan,nan,nan,nan,0,nan,0,nan,nan,nan,nan,nan,nan,nan,nan,nan,0,nan
1644834580550.541,148909018798,11745416313,nan,nan,nan,0,nan,nan,nan,nan,nan,nan,nan,nan,nan,0,nan,0,nan,nan,nan,nan,nan,nan,nan,nan,nan,0,nan
1644834580561.542,148909029901,11745427416,nan,nan,nan,0,nan,nan,nan,nan,nan,nan,nan,nan,nan,0,nan,0,nan,nan,nan,nan,nan,nan,nan,nan,nan,0,nan
1644834580572.54,148909041005,11745438519,nan,nan,nan,0,nan,nan,nan,nan,nan,nan,nan,nan,nan,0,nan,0,nan,nan,nan,nan,nan,nan,nan,nan,nan,0,nan
1644834580583.542,148909052108,11745449622,nan,nan,nan,0,nan,nan,nan,nan,nan,nan,nan,nan,nan,0,nan,0,nan,nan,nan,nan,nan,nan,nan,nan,nan,0,nan
1644834580594.544,148909063211,11745460725,nan,nan,nan,0,nan,nan,nan,nan,nan,nan,nan,nan,nan,0,nan,0,nan,nan,nan,nan,nan,nan,nan,nan,nan,0,nan
1644834580606.542,148909074314,11745471828,nan,nan,nan,0,nan,nan,nan,nan,nan,nan,nan,nan,nan,0,nan,1,-12.521777,60.867325,530.931641,-222.730286,120.509445,0.518820,0.286920,0.070019,0.659311,1,1.986313
1644834580617.544,148909085417,11745482931,nan,nan,nan,0,nan,nan,nan,nan,nan,nan,nan,nan,nan,0,nan,1,-12.521777,60.867325,530.931641,-222.730286,120.509445,0.518820,0.286920,0.070019,0.659311,1,1.986313
1644834580628.54,148909096520,11745494034,nan,nan,nan,0,nan,nan,nan,nan,nan,nan,nan,nan,nan,0,nan,1,-12.521777,60.867325,530.931641,-222.730286,120.509445,0.518820,0.286920,0.070019,0.659311,1,1.986313
1644834580639.54,148909107624,11745505138,nan,nan,nan,0,nan,nan,nan,nan,nan,nan,nan,nan,nan,0,nan,0,nan,nan,nan,nan,nan,nan,nan,nan,nan,0,nan
1644834580650.541,148909118727,11745516241,nan,nan,nan,0,nan,nan,nan,nan,nan,nan,nan,nan,nan,0,nan,0,nan,nan,nan,nan,nan,nan,nan,nan,nan,0,nan
1644834580661.543,148909129830,11745527344,nan,nan,nan,0,nan,nan,nan,nan,nan,nan,nan,nan,nan,0,nan,1,-9.237818,63.289257,530.712646,-126.453438,185.879868,0.510006,0.278232,0.255881,0.444436,1,2.001328
1644834580671.542,148909140933,11745538447,nan,nan,nan,0,nan,nan,nan,nan,nan,nan,nan,nan,nan,0,nan,1,-9.000241,63.484066,530.679199,-104.586815,189.377060,0.509369,0.277526,0.298095,0.432940,1,2.298111
1644834580683.543,148909152036,11745549550,nan,nan,nan,0,nan,nan,nan,nan,nan,nan,nan,nan,nan,0,nan,1,-8.634629,63.681179,530.660156,-102.052498,197.615433,0.508388,0.276820,0.302987,0.405860,1,2.472870
1644834580694.541,148909163140,11745560653,nan,nan,nan,0,nan,nan,nan,nan,nan,nan,nan,nan,nan,0,nan,1,-8.047050,64.098083,530.862976,-90.362747,205.662018,0.506801,0.275427,0.325555,0.379411,1,2.692368
1644834580705.543,148909174243,11745571756,nan,nan,nan,0,nan,nan,nan,nan,nan,nan,nan,nan,nan,0,nan,1,-7.536707,64.480843,531.430969,-88.769516,211.005814,0.505408,0.274315,0.328630,0.361846,1,2.742737
1644834580717.542,148909185346,11745582859,nan,nan,nan,0,nan,nan,nan,nan,nan,nan,nan,nan,nan,0,nan,1,-7.016666,64.902542,532.341614,-88.416473,211.981277,0.503981,0.273216,0.329312,0.358639,1,2.749191
1644834580728.542,148909196450,11745593963,nan,nan,nan,0,nan,nan,nan,nan,nan,nan,nan,nan,nan,0,nan,1,-6.514458,65.279976,533.167297,-88.873466,212.426376,0.502610,0.272240,0.328430,0.357176,1,2.741714
1644834580739.542,148909207553,11745605066,nan,nan,nan,0,nan,nan,nan,nan,nan,nan,nan,nan,nan,0,nan,1,-6.057847,65.654861,534.160095,-89.499512,212.134445,0.501359,0.271348,0.327221,0.358136,1,2.747391
1644834580751.542,148909218656,11745616169,nan,nan,nan,0,nan,nan,nan,nan,nan,nan,nan,nan,nan,0,nan,1,-5.631155,66.009834,535.040833,-89.956322,211.735550,0.500196,0.270481,0.326339,0.359447,1,2.751068
1644834580761.542,148909229759,11745627272,nan,nan,nan,0,nan,nan,nan,nan,nan,nan,nan,nan,nan,0,nan,1,-5.254043,66.316719,535.781311,-89.739296,212.340317,0.499172,0.269725,0.326758,0.357459,1,2.760559
1644834580771.545,148909240862,11745638375,nan,nan,nan,0,nan,nan,nan,nan,nan,nan,nan,nan,nan,0,nan,1,-4.879370,66.603889,536.237244,-88.433052,212.885727,0.498164,0.268915,0.329280,0.355666,1,2.761948
1644834580782.543,148909251965,11745649478,nan,nan,nan,0,nan,nan,nan,nan,nan,nan,nan,nan,nan,0,nan,1,-4.515519,66.894775,536.791260,-87.850220,213.868637,0.497184,0.268137,0.330405,0.352436,1,2.767044
1644834580793.544,148909263068,11745660581,nan,nan,nan,0,nan,nan,nan,nan,nan,nan,nan,nan,nan,0,nan,1,-4.179223,67.199051,537.474487,-87.941437,213.776535,0.496277,0.267370,0.330229,0.352738,1,2.762085
1644834580805.5452,148909274171,11745671684,nan,nan,nan,0,nan,nan,nan,nan,nan,nan,nan,nan,nan,0,nan,1,-3.793008,67.515846,538.067261,-88.568077,213.812317,0.495242,0.266521,0.329019,0.352621,1,2.763550
1644834580816.541,148909285275,11745682788,nan,nan,nan,0,nan,nan,nan,nan,nan,nan,nan,nan,nan,0,nan,1,-3.399205,67.823135,538.554993,-88.255234,212.904846,0.494190,0.265661,0.329623,0.355604,1,2.763916
1644834580828.543,148909296379,11745693891,nan,nan,nan,0,nan,nan,nan,nan,nan,nan,nan,nan,nan,0,nan,1,-3.044725,68.067345,538.965881,-87.757118,212.886765,0.493246,0.264990,0.330585,0.355663,1,2.770767
1644834580839.542,148909307482,11745704994,nan,nan,nan,0,nan,nan,nan,nan,nan,nan,nan,nan,nan,0,nan,1,-2.631778,68.313049,539.405579,-87.763397,212.750122,0.492149,0.264329,0.330573,0.356112,1,2.776840
1644834580851.542,148909318585,11745716097,nan,nan,nan,0,nan,nan,nan,nan,nan,nan,nan,nan,nan,0,nan,1,-2.224570,68.523880,539.807495,-88.502411,212.401291,0.491069,0.263773,0.329146,0.357259,1,2.773056
1644834580861.541,148909329688,11745727200,nan,nan,nan,0,nan,nan,nan,nan,nan,nan,nan,nan,nan,0,nan,1,-1.912418,68.664581,540.038086,-88.280212,211.975021,0.490244,0.263387,0.329575,0.358660,1,2.773819
1644834580871.541,148909340791,11745738303,nan,nan,nan,0,nan,nan,nan,nan,nan,nan,nan,nan,nan,0,nan,1,-1.555988,68.833031,540.528015,-88.368202,212.251755,0.489300,0.263021,0.329405,0.357750,1,2.777161
1644834580882.543,148909351894,11745749406,nan,nan,nan,0,nan,nan,nan,nan,nan,nan,nan,nan,nan,0,nan,1,-1.239075,69.002571,541.116150,-88.139755,212.056000,0.488462,0.262694,0.329846,0.358394,1,2.781433
1644834580893.549,148909362997,11745760509,nan,nan,nan,0,nan,nan,nan,nan,nan,nan,nan,nan,nan,0,nan,1,-1.000210,69.144821,541.667542,-88.669113,212.052551,0.487831,0.262446,0.328824,0.358405,1,2.780807
1644834580904.5378,148909374101,11745771613,nan,nan,nan,0,nan,nan,nan,nan,nan,nan,nan,nan,nan,0,nan,1,-0.744344,69.330963,542.347839,-89.247681,212.041992,0.487156,0.262103,0.327707,0.358440,1,2.781769
1644834580917.5369,148909385204,11745782716,nan,nan,nan,0,nan,nan,nan,nan,nan,nan,nan,nan,nan,0,nan,1,-0.517306,69.525200,543.004089,-89.276306,212.044083,0.486558,0.261721,0.327652,0.358433,1,2.789597
1644834580927.539,148909396307,11745793819,nan,nan,nan,0,nan,nan,nan,nan,nan,nan,nan,nan,nan,0,nan,1,-0.352531,69.684418,543.473450,-89.176170,211.967941,0.486124,0.261378,0.327845,0.358683,1,2.794586
1644834580939.541,148909407410,11745804922,nan,nan,nan,0,nan,nan,nan,nan,nan,nan,nan,nan,nan,0,nan,1,-0.158054,69.878220,543.953308,-89.154579,212.232513,0.485614,0.260921,0.327887,0.357814,1,2.794434
1644834580950.541,148909418514,11745816025,nan,nan,nan,0,nan,nan,nan,nan,nan,nan,nan,nan,nan,0,nan,1,0.030776,70.062317,544.367065,-88.667244,213.625504,0.485119,0.260468,0.328828,0.353235,1,2.790619
1644834580960.5452,148909429617,11745827128,nan,nan,nan,0,nan,nan,nan,nan,nan,nan,nan,nan,nan,0,nan,1,0.167337,70.210213,544.751282,-87.683754,214.239670,0.484762,0.260128,0.330726,0.351216,1,2.797272
1644834580971.54,148909440720,11745838231,nan,nan,nan,0,nan,nan,nan,nan,nan,nan,nan,nan,nan,0,nan,1,0.378496,70.437241,545.279114,-85.829025,216.499496,0.484210,0.259578,0.334307,0.343788,1,2.802216
1644834580982.5388,148909451823,11745849334,nan,nan,nan,0,nan,nan,nan,nan,nan,nan,nan,nan,nan,0,nan,1,0.616010,70.668274,545.788147,-80.207451,221.067307,0.483590,0.259008,0.345159,0.328773,1,2.810349
1644834580993.541,148909462927,11745860438,nan,nan,nan,0,nan,nan,nan,nan,nan,nan,nan,nan,nan,0,nan,1,0.798932,70.863197,546.304260,-74.231987,225.886383,0.483114,0.258567,0.356695,0.312933,1,2.800339
1644834581004.541,148909474030,11745871541,nan,nan,nan,0,nan,nan,nan,nan,nan,nan,nan,nan,nan,0,nan,1,1.032333,71.091393,547.043945,-63.331734,234.176117,0.482509,0.258112,0.377738,0.285684,1,2.796097
1644834581017.541,148909485133,11745882644,nan,nan,nan,0,nan,nan,nan,nan,nan,nan,nan,nan,nan,0,nan,1,1.210536,71.295280,547.873047,-57.412441,237.937851,0.482050,0.257782,0.389165,0.273319,1,2.778946
1644834581027.542,148909496236,11745893747,nan,nan,nan,0,nan,nan,nan,nan,nan,nan,nan,nan,nan,0,nan,1,1.285653,71.354790,548.163513,-55.496387,240.086182,0.481856,0.257708,0.392864,0.266257,1,2.784073
1644834581038.541,148909507339,11745904850,nan,nan,nan,0,nan,nan,nan,nan,nan,nan,nan,nan,nan,0,nan,1,1.317210,71.421608,548.819702,-54.876221,239.692596,0.481779,0.257773,0.394061,0.267551,1,2.781281
1644834581050.54,148909518442,11745915953,nan,nan,nan,0,nan,nan,nan,nan,nan,nan,nan,nan,nan,0,nan,1,1.318380,71.459435,549.507690,-54.752556,240.562012,0.481781,0.257951,0.394300,0.264693,1,2.782578
1644834581060.541,148909529545,11745927056,nan,nan,nan,0,nan,nan,nan,nan,nan,nan,nan,nan,nan,0,nan,1,1.304854,71.488739,550.117249,-54.680046,240.749954,0.481820,0.258123,0.394440,0.264076,1,2.777191
1644834581071.564,148909540648,11745938159,nan,nan,nan,0,nan,nan,nan,nan,nan,nan,nan,nan,nan,0,nan,1,1.259739,71.494087,550.835632,-55.059692,241.636490,0.481942,0.258425,0.393707,0.261162,1,2.771484
1644834581082.542,148909551753,11745949263,nan,nan,nan,0,nan,nan,nan,nan,nan,nan,nan,nan,nan,0,nan,1,1.196524,71.488640,551.536194,-54.786449,241.585663,0.482110,0.258755,0.394235,0.261329,1,2.772781
1644834581093.544,148909562856,11745960366,nan,nan,nan,0,nan,nan,nan,nan,nan,nan,nan,nan,nan,0,nan,1,1.144410,71.502350,552.041809,-54.672436,242.011475,0.482247,0.258932,0.394455,0.259929,1,2.770966
1644834581104.541,148909573959,11745971469,nan,nan,nan,0,nan,nan,nan,nan,nan,nan,nan,nan,nan,0,nan,1,1.072710,71.544739,552.703857,-55.501083,241.425980,0.482436,0.259080,0.392855,0.261854,1,2.766617
1644834581115.556,148909585062,11745982572,nan,nan,nan,0,nan,nan,nan,nan,nan,nan,nan,nan,nan,0,nan,1,0.991145,71.617752,553.318604,-56.385021,241.418152,0.482648,0.259101,0.391149,0.261879,1,2.756073
1644834581127.543,148909596165,11745993675,nan,nan,nan,0,nan,nan,nan,nan,nan,nan,nan,nan,nan,0,nan,1,0.920481,71.680389,553.782776,-56.156574,241.394196,0.482832,0.259091,0.391590,0.261958,1,2.755096
1644834581138.542,148909607268,11746004778,nan,nan,nan,0,nan,nan,nan,nan,nan,nan,nan,nan,nan,0,nan,1,0.794967,71.813828,554.555054,-55.772587,241.679352,0.483157,0.258975,0.392331,0.261021,1,2.750244
1644834581150.544,148909618371,11746015881,nan,nan,nan,0,nan,nan,nan,nan,nan,nan,nan,nan,nan,0,nan,1,0.641788,71.963333,555.364319,-54.351608,242.404968,0.483552,0.258820,0.395074,0.258636,1,2.746124
1644834581160.5662,148909629474,11746026984,nan,nan,nan,0,nan,nan,nan,nan,nan,nan,nan,nan,nan,0,nan,1,0.534403,72.071739,555.905151,-54.447781,242.932938,0.483827,0.258688,0.394888,0.256900,1,2.740112
1644834581171.335,148909640578,11746038088,nan,nan,nan,0,nan,nan,nan,nan,nan,nan,nan,nan,nan,0,nan,1,0.394941,72.220879,556.587463,-49.592766,245.577225,0.484185,0.258479,0.404261,0.248208,1,2.733566
1644834581182.333,148909651681,11746049191,nan,nan,nan,0,nan,nan,nan,nan,nan,nan,nan,nan,nan,0,nan,1,0.290949,72.368385,557.180420,-39.877434,250.505951,0.484451,0.258238,0.423017,0.232007,1,2.723846
1644834581193.332,148909662784,11746060294,nan,nan,nan,0,nan,nan,nan,nan,nan,nan,nan,nan,nan,0,nan,1,0.241099,72.482704,557.703552,-30.819271,254.252808,0.484578,0.258080,0.440503,0.219691,1,2.720459
1644834581204.332,148909673887,11746071397,nan,nan,nan,0,nan,nan,nan,nan,nan,nan,nan,nan,nan,0,nan,1,0.139193,72.624298,558.537170,-20.544464,258.350555,0.484838,0.257965,0.460339,0.206222,1,2.714706
1644834581216.334,148909684991,11746082500,nan,nan,nan,0,nan,nan,nan,nan,nan,nan,nan,nan,nan,0,nan,1,-0.013925,72.756889,559.634033,-16.007149,261.052582,0.485228,0.257997,0.469098,0.197340,1,2.716095
1644834581229.336,148909696094,11746093603,nan,nan,nan,0,nan,nan,nan,nan,nan,nan,nan,nan,nan,0,nan,1,-0.146766,72.804344,560.104553,-15.570400,261.630249,0.485565,0.258041,0.469941,0.195441,1,2.707214
1644834581239.334,148909707197,11746104706,nan,nan,nan,0,nan,nan,nan,nan,nan,nan,nan,nan,nan,0,nan,1,-0.372604,72.851830,560.667542,-15.786519,262.941071,0.486138,0.258125,0.469524,0.191133,1,2.703522
1644834581250.335,148909718300,11746115809,nan,nan,nan,0,nan,nan,nan,nan,nan,nan,nan,nan,nan,0,nan,1,-0.616237,72.890289,561.137695,-15.322516,264.896149,0.486755,0.258198,0.470420,0.184706,1,2.700684
1644834581261.3462,148909729404,11746126913,nan,nan,nan,0,nan,nan,nan,nan,nan,nan,nan,nan,nan,0,nan,1,-0.790218,72.940086,561.536194,-15.321447,265.345398,0.487194,0.258202,0.470422,0.183230,1,2.698456
1644834581271.334,148909740507,11746138016,nan,nan,nan,0,nan,nan,nan,nan,nan,nan,nan,nan,nan,0,nan,1,-1.046312,73.057579,562.226562,-16.621578,264.164093,0.487840,0.258104,0.467912,0.187113,1,2.693390
1644834581282.357,148909751610,11746149119,nan,nan,nan,0,nan,nan,nan,nan,nan,nan,nan,nan,nan,0,nan,1,-1.310828,73.163795,562.809448,-16.639975,262.939026,0.488505,0.257998,0.467876,0.191139,1,2.686905
1644834581293.334,148909762713,11746160222,nan,nan,nan,0,nan,nan,nan,nan,nan,nan,nan,nan,nan,0,nan,1,-1.487635,73.244507,563.245972,-16.666042,262.756165,0.488949,0.257915,0.467826,0.191741,1,2.683487
1644834581304.3362,148909773816,11746171325,nan,nan,nan,0,nan,nan,nan,nan,nan,nan,nan,nan,nan,0,nan,1,-1.753887,73.346352,563.838562,-15.599880,264.367279,0.489616,0.257827,0.469884,0.186445,1,2.684174
1644834581316.2588,148909784919,11746182428,nan,nan,nan,0,nan,nan,nan,nan,nan,nan,nan,nan,nan,0,nan,1,-2.016924,73.463661,564.444763,-15.740950,266.080536,0.490274,0.257695,0.469612,0.180813,1,2.686127
1644834581327.2568,148909796022,11746193531,nan,nan,nan,0,nan,nan,nan,nan,nan,nan,nan,nan,nan,0,nan,1,-2.196812,73.539635,564.805054,-15.977162,266.442108,0.490723,0.257594,0.469156,0.179625,1,2.688614
1644834581339.2588,148909807126,11746204634,nan,nan,nan,0,nan,nan,nan,nan,nan,nan,nan,nan,nan,0,nan,1,-2.480376,73.672676,565.408081,-16.524813,266.111023,0.491430,0.257408,0.468099,0.180713,1,2.684479
1644834581350.26,148909818230,11746215738,nan,nan,nan,0,nan,nan,nan,nan,nan,nan,nan,nan,nan,0,nan,1,-2.782167,73.816017,566.071472,-17.123444,265.749817,0.492180,0.257213,0.466943,0.181900,1,2.677124
1644834581361.262,148909829333,11746226841,nan,nan,nan,0,nan,nan,nan,nan,nan,nan,nan,nan,nan,0,nan,1,-3.001173,73.903297,566.473083,-16.680660,266.359863,0.492725,0.257093,0.467798,0.179895,1,2.670944
1644834581371.264,148909840436,11746237944,nan,nan,nan,0,nan,nan,nan,nan,nan,nan,nan,nan,nan,0,nan,1,-3.341893,74.014145,566.986267,-16.737627,267.095673,0.493572,0.256941,0.467688,0.177476,1,2.664459
1644834581382.26,148909851539,11746249047,nan,nan,nan,0,nan,nan,nan,nan,nan,nan,nan,nan,nan,0,nan,1,-3.713790,74.112274,567.448547,-14.898903,268.078461,0.494497,0.256810,0.471238,0.174246,1,2.663834
1644834581393.2659,148909862642,11746260150,nan,nan,nan,0,nan,nan,nan,nan,nan,nan,nan,nan,nan,0,nan,1,-3.968721,74.183739,567.785767,-14.436340,268.576447,0.495130,0.256714,0.472131,0.172609,1,2.665924
1644834581404.2612,148909873745,11746271253,nan,nan,nan,0,nan,nan,nan,nan,nan,nan,nan,nan,nan,0,nan,1,-4.378581,74.289055,568.256042,-14.956454,268.988251,0.496147,0.256562,0.471126,0.171256,1,2.663132
1644834581416.259,148909884848,11746282356,nan,nan,nan,0,nan,nan,nan,nan,nan,nan,nan,nan,nan,0,nan,1,-4.806462,74.369957,568.625671,-15.487023,269.329376,0.497210,0.256448,0.470102,0.170134,1,2.659393
1644834581427.26,148909895951,11746293459,nan,nan,nan,0,nan,nan,nan,nan,nan,nan,nan,nan,nan,0,nan,1,-5.065988,74.408699,568.847717,-15.647972,269.536896,0.497854,0.256411,0.469791,0.169452,1,2.654724
1644834581439.262,148909907055,11746304563,nan,nan,nan,0,nan,nan,nan,nan,nan,nan,nan,nan,nan,0,nan,1,-5.473483,74.474075,569.258850,-15.646008,269.901520,0.498863,0.256367,0.469795,0.168253,1,2.648880
1644834581450.262,148909918158,11746315666,nan,nan,nan,0,nan,nan,nan,nan,nan,nan,nan,nan,nan,0,nan,1,-5.853771,74.538017,569.605774,-15.413773,268.917145,0.499804,0.256300,0.470244,0.171489,1,2.639450
1644834581460.28,148909929261,11746326769,nan,nan,nan,0,nan,nan,nan,nan,nan,nan,nan,nan,nan,0,nan,1,-6.084090,74.585159,569.888672,-15.407177,269.182861,0.500371,0.256263,0.470256,0.170616,1,2.632492
1644834581471.26,148909940365,11746337872,nan,nan,nan,0,nan,nan,nan,nan,nan,nan,nan,nan,nan,0,nan,1,-6.419610,74.659248,570.399780,-14.855330,269.655701,0.501194,0.256234,0.471322,0.169061,1,2.634140
1644834581482.2568,148909951468,11746348975,nan,nan,nan,0,nan,nan,nan,nan,nan,nan,nan,nan,nan,0,nan,1,-6.736038,74.735001,570.945679,-15.381625,271.171173,0.501967,0.256215,0.470306,0.164080,1,2.638489
1644834581493.261,148909962571,11746360078,nan,nan,nan,0,nan,nan,nan,nan,nan,nan,nan,nan,nan,0,nan,1,-6.935500,74.786102,571.266418,-15.906629,271.475403,0.502454,0.256182,0.469292,0.163080,1,2.644363
1644834581504.257,148909973674,11746371181,nan,nan,nan,0,nan,nan,nan,nan,nan,nan,nan,nan,nan,0,nan,1,-7.260882,74.880241,571.729065,-16.642302,270.767944,0.503249,0.256066,0.467872,0.165406,1,2.640579
1644834581516.256,148909984777,11746382284,nan,nan,nan,0,nan,nan,nan,nan,nan,nan,nan,nan,nan,0,nan,1,-7.623978,74.992767,572.297302,-15.594019,269.809082,0.504133,0.255935,0.469896,0.168557,1,2.631516
1644834581527.26,148909995881,11746393388,nan,nan,nan,0,nan,nan,nan,nan,nan,nan,nan,nan,nan,0,nan,1,-7.857906,75.054138,572.615173,-15.165679,269.688385,0.504704,0.255867,0.470723,0.168954,1,2.625305
1644834581538.2568,148910006984,11746404491,nan,nan,nan,0,nan,nan,nan,nan,nan,nan,nan,nan,nan,0,nan,1,-8.255739,75.125092,573.029480,-15.007817,270.384552,0.505677,0.255806,0.471027,0.166666,1,2.627487
1644834581550.256,148910018087,11746415594,nan,nan,nan,0,nan,nan,nan,nan,nan,nan,nan,nan,nan,0,nan,1,-8.723194,75.194916,573.453613,-21.796902,269.320618,0.506821,0.255752,0.457921,0.170163,1,2.634384
1644834581560.261,148910029190,11746426697,nan,nan,nan,0,nan,nan,nan,nan,nan,nan,nan,nan,nan,0,nan,1,-9.132518,75.212952,573.598572,-33.267719,268.804596,0.507831,0.255749,0.435777,0.171859,1,2.631989
1644834581571.258,148910040293,11746437800,nan,nan,nan,0,nan,nan,nan,nan,nan,nan,nan,nan,nan,0,nan,1,-9.398967,75.241028,573.777649,-46.440273,268.404785,0.508484,0.255731,0.410347,0.173173,1,2.606705
1644834581582.259,148910051396,11746448903,nan,nan,nan,0,nan,nan,nan,nan,nan,nan,nan,nan,nan,0,nan,1,-10.467363,75.194786,573.247437,-90.514313,268.275909,0.511156,0.255638,0.325262,0.173597,1,2.598206
1644834581593.2578,148910062500,11746460006,nan,nan,nan,0,nan,nan,nan,nan,nan,nan,nan,nan,nan,0,nan,1,-11.149423,75.223793,573.264221,-111.593750,267.897827,0.512848,0.255539,0.284568,0.174840,1,2.608887
1644834581604.259,148910073603,11746471109,nan,nan,nan,0,nan,nan,nan,nan,nan,nan,nan,nan,nan,0,nan,1,-11.382449,75.206993,573.181702,-105.860077,268.031433,0.513430,0.255556,0.295637,0.174401,1,2.624084
1644834581616.259,148910084707,11746482213,nan,nan,nan,0,nan,nan,nan,nan,nan,nan,nan,nan,nan,0,nan,1,-11.732699,75.214081,573.210571,-105.937271,268.670624,0.514298,0.255540,0.295488,0.172299,1,2.626724
1644834581627.261,148910095810,11746493316,nan,nan,nan,0,nan,nan,nan,nan,nan,nan,nan,nan,nan,0,nan,1,-11.939137,75.233910,573.333069,-106.453262,268.398529,0.514803,0.255525,0.294492,0.173194,1,2.619690
1644834581638.274,148910106913,11746504419,nan,nan,nan,0,nan,nan,nan,nan,nan,nan,nan,nan,nan,0,nan,1,-12.236388,75.315895,573.898682,-106.976799,270.314514,0.515511,0.255495,0.293481,0.166896,1,2.624390
1644834581650.26,148910118016,11746515522,nan,nan,nan,0,nan,nan,nan,nan,nan,nan,nan,nan,nan,0,nan,1,-12.530972,75.438438,574.645020,-106.379425,269.416992,0.516200,0.255410,0.294634,0.169846,1,2.626068
1644834581660.258,148910129119,11746526625,nan,nan,nan,0,nan,nan,nan,nan,nan,nan,nan,nan,nan,0,nan,1,-12.720618,75.495720,575.000061,-106.341064,270.363586,0.516650,0.255372,0.294708,0.166735,1,2.629227
1644834581671.26,148910140222,11746537728,nan,nan,nan,0,nan,nan,nan,nan,nan,nan,nan,nan,nan,0,nan,1,-13.012315,75.585411,575.503845,-107.189659,269.757141,0.517344,0.255290,0.293070,0.168728,1,2.634842
1644834581683.26,148910151325,11746548831,nan,nan,nan,0,nan,nan,nan,nan,nan,nan,nan,nan,nan,0,nan,1,-13.319039,75.666771,575.982117,-106.930786,271.084167,0.518074,0.255225,0.293570,0.164366,1,2.639801
1644834581693.259,148910162428,11746559934,nan,nan,nan,0,nan,nan,nan,nan,nan,nan,nan,nan,nan,0,nan,1,-13.526622,75.713257,576.222473,-107.239098,271.340515,0.518573,0.255173,0.292975,0.163523,1,2.639984
1644834581704.257,148910173532,11746571038,nan,nan,nan,0,nan,nan,nan,nan,nan,nan,nan,nan,nan,0,nan,1,-13.834297,75.786018,576.580994,-108.307266,271.274109,0.519311,0.255084,0.290913,0.163742,1,2.638443
1644834581716.26,148910184635,11746582141,nan,nan,nan,0,nan,nan,nan,nan,nan,nan,nan,nan,nan,0,nan,1,-14.136065,75.858543,576.917664,-110.129112,271.181396,0.520035,0.254987,0.287396,0.164046,1,2.641205
1644834581727.258,148910195739,11746593244,nan,nan,nan,0,nan,nan,nan,nan,nan,nan,nan,nan,nan,0,nan,1,-14.337724,75.908913,577.198364,-109.937462,271.652466,0.520515,0.254940,0.287766,0.162498,1,2.645493
1644834581830.261,148910206842,11746604347,nan,nan,nan,0,nan,nan,nan,nan,nan,nan,nan,nan,nan,0,nan,1,-14.631775,75.981628,577.697815,-109.366562,272.527283,0.521208,0.254913,0.288868,0.159622,1,2.652802
1644834581830.261,148910217945,11746615450,nan,nan,nan,0,nan,nan,nan,nan,nan,nan,nan,nan,nan,0,nan,1,-14.900257,76.043686,578.188660,-109.408218,272.645050,0.521838,0.254918,0.288787,0.159235,1,2.657776
1644834581830.261,148910229048,11746626553,nan,nan,nan,0,nan,nan,nan,nan,nan,nan,nan,nan,nan,0,nan,1,-15.056318,76.079163,578.564270,-109.735580,272.838989,0.522198,0.254961,0.288155,0.158598,1,2.660416
1644834581830.261,148910240151,11746637656,nan,nan,nan,0,nan,nan,nan,nan,nan,nan,nan,nan,nan,0,nan,1,-15.262330,76.106300,579.058228,-110.881645,273.535309,0.522673,0.255082,0.285943,0.156309,1,2.664261
1644834581830.261,148910251254,11746648759,nan,nan,nan,0,nan,nan,nan,nan,nan,nan,nan,nan,nan,0,nan,1,-15.451908,76.112976,579.537781,-110.576958,274.362793,0.523108,0.255264,0.286531,0.153589,1,2.666885
1644834581830.261,148910262358,11746659863,nan,nan,nan,0,nan,nan,nan,nan,nan,nan,nan,nan,nan,0,nan,1,-15.565180,76.120018,579.846680,-110.899109,274.196594,0.523366,0.255372,0.285909,0.154135,1,2.666992
1644834581830.261,148910273461,11746670966,nan,nan,nan,0,nan,nan,nan,nan,nan,nan,nan,nan,nan,0,nan,1,-15.737818,76.133980,580.351074,-109.644974,274.156830,0.523756,0.255540,0.288330,0.154266,1,2.666748
1644834581830.261,148910284564,11746682069,nan,nan,nan,0,nan,nan,nan,nan,nan,nan,nan,nan,nan,0,nan,1,-15.909566,76.156342,580.865540,-108.719513,274.000183,0.524143,0.255685,0.290117,0.154781,1,2.668671
1644834581830.261,148910295667,11746693172,nan,nan,nan,0,nan,nan,nan,nan,nan,nan,nan,nan,nan,0,nan,1,-16.013081,76.166939,581.147217,-108.819603,274.766022,0.524378,0.255770,0.289924,0.152264,1,2.671906
1644834581839.26,148910306770,11746704275,nan,nan,nan,0,nan,nan,nan,nan,nan,nan,nan,nan,nan,0,nan,1,-16.156126,76.193680,581.539551,-109.884041,274.925049,0.524702,0.255848,0.287869,0.151741,1,2.683960
1644834581850.271,148910317873,11746715378,nan,nan,nan,0,nan,nan,nan,nan,nan,nan,nan,nan,nan,0,nan,1,-16.294863,76.221489,581.917847,-111.705284,275.998718,0.525015,0.255917,0.284353,0.148212,1,2.693375
1644834581860.2632,148910328977,11746726481,nan,nan,nan,0,nan,nan,nan,nan,nan,nan,nan,nan,nan,0,nan,1,-16.395756,76.238945,582.162537,-111.642998,276.110565,0.525245,0.255964,0.284473,0.147844,1,2.700043
1644834581871.261,148910340080,11746737584,nan,nan,nan,0,nan,nan,nan,nan,nan,nan,nan,nan,nan,0,nan,1,-16.535484,76.252998,582.608826,-111.727509,277.484833,0.525556,0.256106,0.284310,0.143327,1,2.704956
1644834581882.261,148910351184,11746748688,nan,nan,nan,0,nan,nan,nan,nan,nan,nan,nan,nan,nan,0,nan,1,-16.666117,76.259224,583.068176,-111.014877,278.045837,0.525843,0.256280,0.285686,0.141483,1,2.702576
1644834581893.259,148910362287,11746759791,nan,nan,nan,0,nan,nan,nan,nan,nan,nan,nan,nan,nan,0,nan,1,-16.741350,76.266403,583.438232,-110.472298,277.948395,0.526002,0.256413,0.286733,0.141803,1,2.706619
1644834581904.258,148910373390,11746770894,nan,nan,nan,0,nan,nan,nan,nan,nan,nan,nan,nan,nan,0,nan,1,-16.840019,76.263298,583.936340,-110.392647,277.548798,0.526208,0.256633,0.286887,0.143116,1,2.704193
1644834581915.2578,148910384493,11746781997,nan,nan,nan,0,nan,nan,nan,nan,nan,nan,nan,nan,nan,0,nan,1,-16.918619,76.249176,584.397339,-110.247940,277.095978,0.526367,0.256873,0.287166,0.144605,1,2.711792
1644834581926.259,148910395596,11746793100,nan,nan,nan,0,nan,nan,nan,nan,nan,nan,nan,nan,nan,0,nan,1,-16.948946,76.235542,584.681274,-111.069687,277.504028,0.526422,0.257037,0.285580,0.143264,1,2.714401
1644834581937.258,148910406699,11746804203,nan,nan,nan,0,nan,nan,nan,nan,nan,nan,nan,nan,nan,0,nan,1,-16.971378,76.214264,585.026917,-111.959801,277.235565,0.526452,0.257252,0.283861,0.144146,1,2.721985
1644834581950.262,148910417802,11746815306,nan,nan,nan,0,nan,nan,nan,nan,nan,nan,nan,nan,nan,0,nan,1,-16.984022,76.191452,585.361816,-112.340210,278.011841,0.526460,0.257467,0.283127,0.141595,1,2.731049
1644834581960.261,148910428905,11746826409,nan,nan,nan,0,nan,nan,nan,nan,nan,nan,nan,nan,nan,0,nan,1,-16.987497,76.174461,585.535645,-111.705765,278.019409,0.526457,0.257595,0.284352,0.141570,1,2.736557
1644834581971.257,148910440009,11746837513,nan,nan,nan,0,nan,nan,nan,nan,nan,nan,nan,nan,nan,0,nan,1,-16.996910,76.161972,585.863892,-111.556007,278.620392,0.526457,0.257773,0.284641,0.139594,1,2.745193
1644834581983.258,148910451113,11746848616,nan,nan,nan,0,nan,nan,nan,nan,nan,nan,nan,nan,nan,0,nan,1,-17.014460,76.147186,586.213440,-110.628677,278.154327,0.526475,0.257968,0.286431,0.141126,1,2.743469
1644834581993.256,148910462216,11746859719,nan,nan,nan,0,nan,nan,nan,nan,nan,nan,nan,nan,nan,0,nan,1,-17.024935,76.123657,586.395325,-111.587181,277.708496,0.526488,0.258120,0.284581,0.142591,1,2.742874
1644834582004.2578,148910473319,11746870822,nan,nan,nan,0,nan,nan,nan,nan,nan,nan,nan,nan,nan,0,nan,1,-17.026455,76.089119,586.636047,-111.535255,276.180115,0.526476,0.258333,0.284681,0.147615,1,2.750656
1644834582015.259,148910484422,11746881925,nan,nan,nan,0,nan,nan,nan,nan,nan,nan,nan,nan,nan,0,nan,1,-17.039005,76.076843,586.821594,-112.873856,274.178864,0.526494,0.258450,0.282097,0.154194,1,2.715332
1644834582025.259,148910495525,11746893028,nan,nan,nan,0,nan,nan,nan,nan,nan,nan,nan,nan,nan,0,nan,1,-17.040077,76.065903,586.894104,-111.958214,273.470886,0.526491,0.258516,0.283864,0.156521,1,2.751862
1644834582036.258,148910506628,11746904131,nan,nan,nan,0,nan,nan,nan,nan,nan,nan,nan,nan,nan,0,nan,1,-17.031317,76.087189,586.984619,-120.025589,270.849976,0.526464,0.258485,0.268290,0.165136,1,2.681442
1644834582049.258,148910517731,11746915234,nan,nan,nan,0,nan,nan,nan,nan,nan,nan,nan,nan,nan,0,nan,0,nan,nan,nan,nan,nan,nan,nan,nan,nan,0,nan
1644834582059.257,148910528835,11746926338,nan,nan,nan,0,nan,nan,nan,nan,nan,nan,nan,nan,nan,0,nan,0,nan,nan,nan,nan,nan,nan,nan,nan,nan,0,nan
1644834582071.259,148910539938,11746937441,nan,nan,nan,0,nan,nan,nan,nan,nan,nan,nan,nan,nan,0,nan,0,nan,nan,nan,nan,nan,nan,nan,nan,nan,0,nan
1644834582082.257,148910551041,11746948544,nan,nan,nan,0,nan,nan,nan,nan,nan,nan,nan,nan,nan,0,nan,0,nan,nan,nan,nan,nan,nan,nan,nan,nan,0,nan
1644834582093.266,148910562144,11746959647,nan,nan,nan,0,nan,nan,nan,nan,nan,nan,nan,nan,nan,0,nan,1,-16.866053,75.792671,587.183044,-154.718704,225.553650,0.526052,0.259521,0.201315,0.314026,1,1.644669
1644834582105.266,148910573247,11746970750,nan,nan,nan,0,nan,nan,nan,nan,nan,nan,nan,nan,nan,0,nan,1,-16.846687,75.745010,587.260864,-122.373878,240.399292,0.526000,0.259707,0.263757,0.265228,1,2.286331
1644834582116.2651,148910584351,11746981853,nan,nan,nan,0,nan,nan,nan,nan,nan,nan,nan,nan,nan,0,nan,1,-16.824430,75.733246,587.311707,-129.723801,246.310211,0.525943,0.259767,0.249568,0.245799,1,2.277481
1644834582127.26,148910595454,11746992956,nan,nan,nan,0,nan,nan,nan,nan,nan,nan,nan,nan,nan,0,nan,1,-16.791128,75.730942,587.451050,-115.766594,254.923645,0.525853,0.259833,0.276512,0.217486,1,2.518738
1644834582138.262,148910606557,11747004059,nan,nan,nan,0,nan,nan,nan,nan,nan,nan,nan,nan,nan,0,nan,1,-16.750208,75.733765,587.608582,-111.723000,259.281799,0.525743,0.259890,0.284319,0.203161,1,2.603821
1644834582149.627,148910617661,11747015163,nan,nan,nan,0,nan,nan,nan,nan,nan,nan,nan,nan,nan,0,nan,1,-16.713427,75.737122,587.741638,-102.608063,260.362457,0.525645,0.259935,0.301915,0.199609,1,2.761490
1644834582160.86,148910628764,11747026266,nan,nan,nan,0,nan,nan,nan,nan,nan,nan,nan,nan,nan,0,nan,1,-16.697193,75.740250,587.824158,-102.088737,261.854065,0.525600,0.259959,0.302917,0.194706,1,2.782394
1644834582172.6912,148910639867,11747037369,nan,nan,nan,0,nan,nan,nan,nan,nan,nan,nan,nan,nan,0,nan,1,-16.698544,75.759872,588.035461,-101.913445,262.487640,0.525589,0.259984,0.303256,0.192623,1,2.783829
1644834582183.692,148910650970,11747048472,nan,nan,nan,0,nan,nan,nan,nan,nan,nan,nan,nan,nan,0,nan,1,-16.710411,75.797325,588.289978,-101.711227,263.740692,0.525600,0.259969,0.303646,0.188504,1,2.785080
1644834582193.699,148910662073,11747059575,nan,nan,nan,0,nan,nan,nan,nan,nan,nan,nan,nan,nan,0,nan,1,-16.724556,75.821838,588.485657,-102.176643,263.809601,0.525621,0.259971,0.302748,0.188278,1,2.784348
1644834582204.684,148910673176,11747070678,nan,nan,nan,0,nan,nan,nan,nan,nan,nan,nan,nan,nan,0,nan,1,-16.753887,75.852638,588.749695,-102.687462,264.941711,0.525674,0.259981,0.301762,0.184556,1,2.792389
1644834582215.686,148910684279,11747081781,nan,nan,nan,0,nan,nan,nan,nan,nan,nan,nan,nan,nan,0,nan,1,-16.802732,75.880585,589.005188,-101.639870,264.512177,0.525774,0.259996,0.303784,0.185968,1,2.794495
1644834582226.68,148910695382,11747092884,nan,nan,nan,0,nan,nan,nan,nan,nan,nan,nan,nan,nan,0,nan,1,-16.832592,75.893280,589.157166,-101.012390,264.313507,0.525836,0.260018,0.304995,0.186621,1,2.793350
1644834582237.687,148910706487,11747103988,nan,nan,nan,0,nan,nan,nan,nan,nan,nan,nan,nan,nan,0,nan,1,-16.866999,75.894417,589.285889,-101.065392,264.456207,0.525910,0.260067,0.304893,0.186152,1,2.799194
1644834582248.6821,148910717590,11747115091,nan,nan,nan,0,nan,nan,nan,nan,nan,nan,nan,nan,nan,0,nan,1,-16.890034,75.876869,589.341980,-101.598862,265.230347,0.525962,0.260147,0.303863,0.183608,1,2.807526
1644834582259.687,148910728693,11747126194,nan,nan,nan,0,nan,nan,nan,nan,nan,nan,nan,nan,nan,0,nan,1,-16.898693,75.868027,589.404602,-102.358185,265.411469,0.525979,0.260201,0.302397,0.183012,1,2.805298
1644834582271.6812,148910739796,11747137297,nan,nan,nan,0,nan,nan,nan,nan,nan,nan,nan,nan,nan,0,nan,1,-16.909824,75.852104,589.475891,-102.488792,265.218231,0.526001,0.260282,0.302145,0.183647,1,2.800278
1644834582282.686,148910750899,11747148400,nan,nan,nan,0,nan,nan,nan,nan,nan,nan,nan,nan,nan,0,nan,1,-16.911980,75.826889,589.557617,-103.013832,265.554443,0.526001,0.260396,0.301132,0.182542,1,2.796829
1644834582293.687,148910762002,11747159503,nan,nan,nan,0,nan,nan,nan,nan,nan,nan,nan,nan,nan,0,nan,1,-16.938549,75.785370,589.585449,-103.826187,263.638641,0.526064,0.260541,0.299563,0.188840,1,2.807404
1644834582303.687,148910773105,11747170606,nan,nan,nan,0,nan,nan,nan,nan,nan,nan,nan,nan,nan,0,nan,1,-17.077181,75.663101,589.932495,-111.980576,251.101898,0.526375,0.261075,0.283821,0.230049,1,2.826813
1644834582315.9922,148910784208,11747181709,nan,nan,nan,0,nan,nan,nan,nan,nan,nan,nan,nan,nan,0,nan,1,-17.290190,75.515831,590.467529,-120.306526,232.161667,0.526853,0.261765,0.267748,0.292306,1,2.831375
1644834582325.9949,148910795312,11747192813,nan,nan,nan,0,nan,nan,nan,nan,nan,nan,nan,nan,nan,0,nan,1,-17.384483,75.432220,590.677368,-125.314896,223.236618,0.527067,0.262118,0.258079,0.321643,1,2.839600
1644834582337.991,148910806415,11747203916,nan,nan,nan,0,nan,nan,nan,nan,nan,nan,nan,nan,nan,0,nan,1,-17.455273,75.325943,590.356506,-127.468613,218.698883,0.527260,0.262327,0.253922,0.336558,1,2.836197
1644834582348.9932,148910817518,11747215019,nan,nan,nan,0,nan,nan,nan,nan,nan,nan,nan,nan,nan,0,nan,1,-17.500999,75.242035,589.718262,-129.099121,219.833969,0.527416,0.262334,0.250774,0.332827,1,2.833099
1644834582358.9958,148910828621,11747226122,nan,nan,nan,0,nan,nan,nan,nan,nan,nan,nan,nan,nan,0,nan,1,-17.560450,75.198387,589.283630,-128.840363,219.694229,0.527591,0.262295,0.251273,0.333287,1,2.825775
1644834582370.995,148910839725,11747237225,nan,nan,nan,0,nan,nan,nan,nan,nan,nan,nan,nan,nan,0,nan,1,-17.679239,75.191490,589.058533,-128.930298,218.216019,0.527894,0.262223,0.251100,0.338146,1,2.828918
1644834582381.991,148910850828,11747248328,nan,nan,nan,0,nan,nan,nan,nan,nan,nan,nan,nan,nan,0,nan,1,-17.799978,75.189468,588.954834,-128.343613,218.694794,0.528193,0.262185,0.252232,0.336572,1,2.827148
1644834582392.993,148910861931,11747259431,nan,nan,nan,0,nan,nan,nan,nan,nan,nan,nan,nan,nan,0,nan,1,-17.878874,75.197914,589.003357,-128.549454,218.043472,0.528380,0.262177,0.251835,0.338713,1,2.831223
1644834582404.9932,148910873034,11747270534,nan,nan,nan,0,nan,nan,nan,nan,nan,nan,nan,nan,nan,0,nan,1,-17.967382,75.190811,588.994019,-129.760773,218.718719,0.528594,0.262195,0.249497,0.336493,1,2.827179
1644834582416.0,148910884138,11747281638,nan,nan,nan,0,nan,nan,nan,nan,nan,nan,nan,nan,nan,0,nan,1,-18.044231,75.173248,588.944031,-129.158752,218.971939,0.528784,0.262229,0.250659,0.335661,1,2.834030
1644834582426.996,148910895241,11747292741,nan,nan,nan,0,nan,nan,nan,nan,nan,nan,nan,nan,nan,0,nan,1,-18.078320,75.162788,588.951416,-129.326523,219.717087,0.528866,0.262266,0.250335,0.333211,1,2.829147
1644834582436.992,148910906344,11747303844,nan,nan,nan,0,nan,nan,nan,nan,nan,nan,nan,nan,nan,0,nan,1,-18.108408,75.130981,588.907471,-128.368912,219.847488,0.528942,0.262350,0.252184,0.332783,1,2.836960
1644834582448.994,148910917447,11747314947,nan,nan,nan,0,nan,nan,nan,nan,nan,nan,nan,nan,nan,0,nan,1,-18.114748,75.094032,588.827271,-128.105652,220.103577,0.528963,0.262435,0.252692,0.331941,1,2.838257
1644834582459.996,148910928550,11747326050,nan,nan,nan,0,nan,nan,nan,nan,nan,nan,nan,nan,nan,0,nan,1,-18.112558,75.068947,588.737061,-128.024414,220.301941,0.528965,0.262479,0.252849,0.331289,1,2.848038
1644834582470.999,148910939653,11747337153,nan,nan,nan,0,nan,nan,nan,nan,nan,nan,nan,nan,nan,0,nan,1,-18.118664,75.049576,588.653870,-128.112747,220.550156,0.528986,0.262507,0.252678,0.330473,1,2.848434
1644834582482.9941,148910950756,11747348256,nan,nan,nan,0,nan,nan,nan,nan,nan,nan,nan,nan,nan,0,nan,1,-18.146559,75.043816,588.634216,-129.499939,220.991943,0.529055,0.262517,0.250000,0.329021,1,2.851562
1644834582492.99,148910961860,11747359359,nan,nan,nan,0,nan,nan,nan,nan,nan,nan,nan,nan,nan,0,nan,1,-18.172474,75.031540,588.553711,-130.725647,221.739410,0.529123,0.262523,0.247634,0.326564,1,2.845642
1644834582503.9958,148910972964,11747370463,nan,nan,nan,0,nan,nan,nan,nan,nan,nan,nan,nan,nan,0,nan,1,-18.224049,75.019218,588.455078,-131.014099,221.616928,0.529256,0.262522,0.247077,0.326967,1,2.849106
1644834582514.991,148910984067,11747381566,nan,nan,nan,0,nan,nan,nan,nan,nan,nan,nan,nan,nan,0,nan,1,-18.268396,75.002747,588.339172,-131.913895,221.426559,0.529372,0.262527,0.245340,0.327592,1,2.851715
1644834582525.998,148910995170,11747392669,nan,nan,nan,0,nan,nan,nan,nan,nan,nan,nan,nan,nan,0,nan,1,-18.303036,74.996033,588.300659,-131.676712,221.234680,0.529458,0.262532,0.245798,0.328223,1,2.864746
1644834582536.994,148911006273,11747403772,nan,nan,nan,0,nan,nan,nan,nan,nan,nan,nan,nan,nan,0,nan,1,-18.357489,74.991173,588.253845,-131.453903,220.725296,0.529593,0.262528,0.246228,0.329897,1,2.867386
1644834582549.991,148911017376,11747414875,nan,nan,nan,0,nan,nan,nan,nan,nan,nan,nan,nan,nan,0,nan,1,-18.400965,74.984283,588.232605,-131.441940,220.623825,0.529700,0.262540,0.246251,0.330231,1,2.867798
1644834582559.998,148911028479,11747425978,nan,nan,nan,0,nan,nan,nan,nan,nan,nan,nan,nan,nan,0,nan,1,-18.419621,74.984970,588.257263,-131.548782,220.077286,0.529743,0.262548,0.246045,0.332027,1,2.856110
1644834582570.997,148911039582,11747437081,nan,nan,nan,0,nan,nan,nan,nan,nan,nan,nan,nan,nan,0,nan,1,-18.430550,74.964027,588.233826,-132.367767,221.683472,0.529772,0.262606,0.244464,0.326748,1,2.859711
1644834582582.9922,148911050685,11747448184,nan,nan,nan,0,nan,nan,nan,nan,nan,nan,nan,nan,nan,0,nan,1,-18.421057,74.948944,588.207275,-132.688705,222.020340,0.529751,0.262644,0.243844,0.325641,1,2.863968
1644834582594.014,148911061789,11747459288,nan,nan,nan,0,nan,nan,nan,nan,nan,nan,nan,nan,nan,0,nan,1,-18.410631,74.942406,588.188538,-132.816803,222.272537,0.529727,0.262657,0.243597,0.324812,1,2.866440
1644834582604.9932,148911072892,11747470391,nan,nan,nan,0,nan,nan,nan,nan,nan,nan,nan,nan,nan,0,nan,1,-18.367569,74.932533,588.211609,-133.577118,222.338882,0.529621,0.262699,0.242129,0.324594,1,2.866180
1644834582615.993,148911083995,11747481494,nan,nan,nan,0,nan,nan,nan,nan,nan,nan,nan,nan,nan,0,nan,1,-18.327309,74.910042,588.237183,-133.377457,223.608704,0.529522,0.262782,0.242515,0.320420,1,2.871613
1644834582627.039,148911095099,11747492597,nan,nan,nan,0,nan,nan,nan,nan,nan,nan,nan,nan,nan,0,nan,1,-18.296892,74.903160,588.268066,-133.416550,223.330704,0.529447,0.262818,0.242439,0.321333,1,2.877441
1644834582636.99,148911106202,11747503700,nan,nan,nan,0,nan,nan,nan,nan,nan,nan,nan,nan,nan,0,nan,1,-18.251337,74.893578,588.330261,-134.233093,222.608978,0.529332,0.262875,0.240863,0.323706,1,2.877518
1644834582650.0398,148911117305,11747514803,nan,nan,nan,0,nan,nan,nan,nan,nan,nan,nan,nan,nan,0,nan,1,-18.223843,74.877518,588.374878,-133.032074,221.915390,0.529262,0.262945,0.243181,0.325985,1,2.876907
1644834582660.329,148911128408,11747525906,nan,nan,nan,0,nan,nan,nan,nan,nan,nan,nan,nan,nan,0,nan,1,-18.191593,74.843445,588.351868,-133.311020,222.235336,0.529186,0.263046,0.242643,0.324934,1,2.880234
1644834582671.4438,148911139511,11747537009,nan,nan,nan,0,nan,nan,nan,nan,nan,nan,nan,nan,nan,0,nan,1,-18.129660,74.770584,588.199402,-132.336823,222.529114,0.529048,0.263219,0.244523,0.323968,1,2.883087
1644834582683.391,148911150615,11747548113,nan,nan,nan,0,nan,nan,nan,nan,nan,nan,nan,nan,nan,0,nan,1,-18.033878,74.686729,587.965149,-131.728638,222.657883,0.528835,0.263395,0.245698,0.323545,1,2.881424
1644834582692.961,148911161718,11747559216,nan,nan,nan,0,nan,nan,nan,nan,nan,nan,nan,nan,nan,0,nan,1,-17.969168,74.635071,587.807556,-129.104416,222.699234,0.528690,0.263497,0.250764,0.323409,1,2.874268
1644834582704.449,148911172821,11747570319,nan,nan,nan,0,nan,nan,nan,nan,nan,nan,nan,nan,nan,0,nan,1,-17.861759,74.567093,587.631653,-125.608955,223.464828,0.528443,0.263646,0.257512,0.320893,1,2.873260
1644834582716.408,148911183924,11747581422,nan,nan,nan,0,nan,nan,nan,nan,nan,nan,nan,nan,nan,0,nan,1,-17.758959,74.531799,587.503845,-122.996971,222.731766,0.528204,0.263709,0.262554,0.323302,1,2.868378
1644834582726.8381,148911195027,11747592525,nan,nan,nan,0,nan,nan,nan,nan,nan,nan,nan,nan,nan,0,nan,1,-17.686880,74.518013,587.425964,-122.203415,222.779633,0.528035,0.263722,0.264086,0.323145,1,2.867905
1644834582737.706,148911206130,11747603628,nan,nan,nan,0,nan,nan,nan,nan,nan,nan,nan,nan,nan,0,nan,1,-17.584229,74.508171,587.309204,-122.162849,223.401260,0.527795,0.263708,0.264164,0.321101,1,2.859680
1644834582748.706,148911217233,11747614731,nan,nan,nan,0,nan,nan,nan,nan,nan,nan,nan,nan,nan,0,nan,1,-17.478115,74.492577,587.195435,-122.377182,224.068665,0.527546,0.263713,0.263751,0.318908,1,2.864700
1644834582759.3901,148911228337,11747625834,nan,nan,nan,0,nan,nan,nan,nan,nan,nan,nan,nan,nan,0,nan,1,-17.406820,74.480232,587.108459,-122.983925,223.189529,0.527380,0.263718,0.262579,0.321797,1,2.862518
1644834582770.3892,148911239441,11747636938,nan,nan,nan,0,nan,nan,nan,nan,nan,nan,nan,nan,nan,0,nan,1,-17.300207,74.445030,586.980347,-124.051575,222.694702,0.527131,0.263781,0.260518,0.323424,1,2.869415
1644834582782.403,148911250544,11747648041,nan,nan,nan,0,nan,nan,nan,nan,nan,nan,nan,nan,nan,0,nan,1,-17.198429,74.396523,586.860901,-124.674927,222.961517,0.526893,0.263890,0.259315,0.322547,1,2.860504
1644834582793.406,148911261647,11747659144,nan,nan,nan,0,nan,nan,nan,nan,nan,nan,nan,nan,nan,0,nan,1,-17.136799,74.358154,586.769897,-124.452866,224.074814,0.526750,0.263977,0.259743,0.318887,1,2.861664
1644834582804.389,148911272750,11747670247,nan,nan,nan,0,nan,nan,nan,nan,nan,nan,nan,nan,nan,0,nan,1,-17.049376,74.310272,586.656921,-122.841484,222.907578,0.526547,0.264087,0.262854,0.322724,1,2.854767
1644834582816.3918,148911283853,11747681350,nan,nan,nan,0,nan,nan,nan,nan,nan,nan,nan,nan,nan,0,nan,1,-16.957317,74.257095,586.543579,-121.842705,222.442093,0.526332,0.264214,0.264782,0.324254,1,2.855515
1644834582826.3901,148911294956,11747692453,nan,nan,nan,0,nan,nan,nan,nan,nan,nan,nan,nan,nan,0,nan,1,-16.889818,74.220459,586.498962,-121.638138,222.365036,0.526171,0.264315,0.265177,0.324508,1,2.852402
1644834582838.392,148911306059,11747703556,nan,nan,nan,0,nan,nan,nan,nan,nan,nan,nan,nan,nan,0,nan,1,-16.763428,74.159035,586.372559,-119.007935,222.763184,0.525874,0.264463,0.270255,0.323199,1,2.855255
1644834582849.3909,148911317162,11747714659,nan,nan,nan,0,nan,nan,nan,nan,nan,nan,nan,nan,nan,0,nan,1,-16.598970,74.098366,586.227112,-116.758202,222.498306,0.525485,0.264602,0.274598,0.324070,1,2.854080
1644834582860.389,148911328266,11747725763,nan,nan,nan,0,nan,nan,nan,nan,nan,nan,nan,nan,nan,0,nan,1,-16.503407,74.064537,586.171509,-113.142136,222.198456,0.525257,0.264690,0.281579,0.325055,1,2.852844
1644834582870.3909,148911339369,11747736866,nan,nan,nan,0,nan,nan,nan,nan,nan,nan,nan,nan,nan,0,nan,1,-16.392149,74.034477,586.337952,-110.410500,223.210815,0.524977,0.264857,0.286852,0.321727,1,2.844788
1644834582883.3909,148911350473,11747747969,nan,nan,nan,0,nan,nan,nan,nan,nan,nan,nan,nan,nan,0,nan,1,-16.327991,74.028427,586.649048,-107.577950,224.026489,0.524800,0.265004,0.292321,0.319046,1,2.838562
1644834582893.3909,148911361576,11747759072,nan,nan,nan,0,nan,nan,nan,nan,nan,nan,nan,nan,nan,0,nan,1,-16.275978,74.022324,586.822998,-108.287193,224.820221,0.524663,0.265096,0.290951,0.316437,1,2.840393
1644834582904.3901,148911372679,11747770175,nan,nan,nan,0,nan,nan,nan,nan,nan,nan,nan,nan,nan,0,nan,1,-16.180208,74.003593,586.827454,-110.774666,223.956314,0.524431,0.265159,0.286149,0.319277,1,2.838013
1644834582916.393,148911383782,11747781278,nan,nan,nan,0,nan,nan,nan,nan,nan,nan,nan,nan,nan,0,nan,1,-16.078444,73.978027,586.688782,-112.118355,222.525101,0.524193,0.265187,0.283555,0.323981,1,2.838028
1644834582926.392,148911394885,11747792381,nan,nan,nan,0,nan,nan,nan,nan,nan,nan,nan,nan,nan,0,nan,1,-16.026373,73.953148,586.571655,-111.081009,221.588821,0.524075,0.265220,0.285558,0.327059,1,2.831970
1644834582938.3892,148911405988,11747803484,nan,nan,nan,0,nan,nan,nan,nan,nan,nan,nan,nan,nan,0,nan,1,-15.953684,73.929581,586.542419,-109.303391,222.105774,0.523901,0.265285,0.288990,0.325360,1,2.836319
1644834582949.39,148911417092,11747814588,nan,nan,nan,0,nan,nan,nan,nan,nan,nan,nan,nan,nan,0,nan,1,-15.881897,73.899162,586.543579,-107.894279,223.572937,0.523727,0.265385,0.291710,0.320537,1,2.842300
1644834582960.389,148911428195,11747825691,nan,nan,nan,0,nan,nan,nan,nan,nan,nan,nan,nan,nan,0,nan,1,-15.822395,73.890366,586.615967,-108.401665,224.305222,0.523578,0.265444,0.290730,0.318130,1,2.845459
1644834582970.3901,148911439298,11747836794,nan,nan,nan,0,nan,nan,nan,nan,nan,nan,nan,nan,nan,0,nan,1,-15.722431,73.848038,586.606506,-110.273064,224.774368,0.523336,0.265578,0.287118,0.316588,1,2.845490
1644834582983.3938,148911450401,11747847897,nan,nan,nan,0,nan,nan,nan,nan,nan,nan,nan,nan,nan,0,nan,1,-15.634759,73.786507,586.576599,-110.609146,225.360123,0.523126,0.265766,0.286469,0.314663,1,2.838135
1644834582993.3901,148911461504,11747859000,nan,nan,nan,0,nan,nan,nan,nan,nan,nan,nan,nan,nan,0,nan,1,-15.583761,73.742966,586.461670,-110.297989,224.833740,0.523010,0.265861,0.287069,0.316393,1,2.832413
1644834583004.39,148911472607,11747870103,nan,nan,nan,0,nan,nan,nan,nan,nan,nan,nan,nan,nan,0,nan,1,-15.510818,73.684502,586.317017,-110.116486,223.657745,0.522843,0.265992,0.287420,0.320258,1,2.824203
1644834583016.395,148911483711,11747881206,nan,nan,nan,0,nan,nan,nan,nan,nan,nan,nan,nan,nan,0,nan,1,-15.447768,73.640968,586.152466,-110.268623,222.094391,0.522701,0.266067,0.287126,0.325397,1,2.821457
1644834583026.389,148911494814,11747892309,nan,nan,nan,0,nan,nan,nan,nan,nan,nan,nan,nan,nan,0,nan,1,-15.409607,73.606651,586.064941,-111.113403,222.556702,0.522614,0.266142,0.285495,0.323878,1,2.823883
1644834583037.39,148911505918,11747903413,nan,nan,nan,0,nan,nan,nan,nan,nan,nan,nan,nan,nan,0,nan,1,-15.363378,73.562241,585.922729,-110.492111,223.623184,0.522511,0.266229,0.286695,0.320372,1,2.821701
1644834583049.391,148911517021,11747914516,nan,nan,nan,0,nan,nan,nan,nan,nan,nan,nan,nan,nan,0,nan,1,-15.322171,73.531738,585.774536,-109.158722,223.541763,0.522420,0.266268,0.289269,0.320640,1,2.818390
1644834583059.3892,148911528124,11747925619,nan,nan,nan,0,nan,nan,nan,nan,nan,nan,nan,nan,nan,0,nan,1,-15.291635,73.511543,585.665283,-109.048943,223.275833,0.522353,0.266289,0.289481,0.321514,1,2.813980
1644834583070.389,148911539227,11747936722,nan,nan,nan,0,nan,nan,nan,nan,nan,nan,nan,nan,nan,0,nan,1,-15.257824,73.467018,585.427856,-108.645523,223.263824,0.522286,0.266337,0.290260,0.321553,1,2.819336
1644834583081.39,148911550330,11747947825,nan,nan,nan,0,nan,nan,nan,nan,nan,nan,nan,nan,nan,0,nan,1,-15.203256,73.408119,585.199524,-111.364738,223.365509,0.522168,0.266436,0.285010,0.321219,1,2.825317
1644834583092.3892,148911561433,11747958928,nan,nan,nan,0,nan,nan,nan,nan,nan,nan,nan,nan,nan,0,nan,1,-15.174518,73.371277,585.040466,-111.542419,223.498093,0.522109,0.266491,0.284667,0.320783,1,2.825577
1644834583103.389,148911572536,11747970031,nan,nan,nan,0,nan,nan,nan,nan,nan,nan,nan,nan,nan,0,nan,1,-15.112717,73.327637,584.878967,-112.232811,222.993484,0.521969,0.266568,0.283334,0.322442,1,2.814087
1644834583114.389,148911583639,11747981134,nan,nan,nan,0,nan,nan,nan,nan,nan,nan,nan,nan,nan,0,nan,1,-15.048148,73.301094,584.753174,-112.201111,223.994156,0.521820,0.266603,0.283396,0.319153,1,2.809174
1644834583126.39,148911594743,11747992238,nan,nan,nan,0,nan,nan,nan,nan,nan,nan,nan,nan,nan,0,nan,1,-15.007573,73.299446,584.753052,-111.955582,224.093338,0.521721,0.266609,0.283870,0.318827,1,2.813736
1644834583137.389,148911605847,11748003341,nan,nan,nan,0,nan,nan,nan,nan,nan,nan,nan,nan,nan,0,nan,1,-14.947194,73.304466,584.804565,-111.281685,224.224243,0.521571,0.266615,0.285170,0.318396,1,2.814178
1644834583149.3882,148911616950,11748014444,nan,nan,nan,0,nan,nan,nan,nan,nan,nan,nan,nan,nan,0,nan,1,-14.890152,73.302467,584.860962,-111.053329,223.832428,0.521429,0.266645,0.285611,0.319684,1,2.808670
1644834583159.397,148911628053,11748025547,nan,nan,nan,0,nan,nan,nan,nan,nan,nan,nan,nan,nan,0,nan,1,-14.852473,73.292305,584.888062,-110.903870,223.096893,0.521336,0.266689,0.285900,0.322102,1,2.802002
1644834583169.905,148911639156,11748036650,nan,nan,nan,0,nan,nan,nan,nan,nan,nan,nan,nan,nan,0,nan,1,-14.802032,73.252655,584.925903,-110.638397,224.300262,0.521211,0.266834,0.286412,0.318146,1,2.806274
1644834583180.906,148911650259,11748047753,nan,nan,nan,0,nan,nan,nan,nan,nan,nan,nan,nan,nan,0,nan,1,-14.748750,73.210503,584.967407,-111.356331,223.892242,0.521079,0.266988,0.285026,0.319488,1,2.811844
1644834583192.884,148911661362,11748058856,nan,nan,nan,0,nan,nan,nan,nan,nan,nan,nan,nan,nan,0,nan,1,-14.718128,73.179680,584.989075,-111.428986,224.526367,0.521004,0.267097,0.284886,0.317403,1,2.808548
1644834583203.8938,148911672465,11748069959,nan,nan,nan,0,nan,nan,nan,nan,nan,nan,nan,nan,nan,0,nan,1,-14.662372,73.152756,585.049683,-113.306183,223.257141,0.520865,0.267210,0.281262,0.321575,1,2.802887
1644834583215.971,148911683569,11748081063,nan,nan,nan,0,nan,nan,nan,nan,nan,nan,nan,nan,nan,0,nan,1,-14.631474,73.129478,585.111694,-111.250191,223.656189,0.520786,0.267311,0.285231,0.320263,1,2.796722
1644834583226.5142,148911694672,11748092166,nan,nan,nan,0,nan,nan,nan,nan,nan,nan,nan,nan,nan,0,nan,1,-14.599977,73.120842,585.151123,-111.498184,223.560684,0.520707,0.267355,0.284753,0.320577,1,2.796600
1644834583237.546,148911705775,11748103269,nan,nan,nan,0,nan,nan,nan,nan,nan,nan,nan,nan,nan,0,nan,1,-14.556437,73.108551,585.083496,-110.618340,223.282547,0.520606,0.267368,0.286451,0.321492,1,2.793549
1644834583248.2988,148911716878,11748114372,nan,nan,nan,0,nan,nan,nan,nan,nan,nan,nan,nan,nan,0,nan,1,-14.506618,73.102654,584.942749,-110.062111,221.912598,0.520493,0.267331,0.287525,0.325995,1,2.793213
1644834583259.707,148911727981,11748125475,nan,nan,nan,0,nan,nan,nan,nan,nan,nan,nan,nan,nan,0,nan,1,-14.465475,73.089653,584.784851,-110.369003,221.929657,0.520402,0.267310,0.286932,0.325939,1,2.796524
1644834583270.7068,148911739085,11748136578,nan,nan,nan,0,nan,nan,nan,nan,nan,nan,nan,nan,nan,0,nan,1,-14.395638,73.058365,584.485840,-110.142487,222.067673,0.520250,0.267291,0.287370,0.325485,1,2.798599
1644834583281.946,148911750188,11748147681,nan,nan,nan,0,nan,nan,nan,nan,nan,nan,nan,nan,nan,0,nan,1,-14.327989,73.022598,584.185242,-110.467651,222.061020,0.520104,0.267286,0.286742,0.325507,1,2.796509
1644834583292.269,148911761291,11748158784,nan,nan,nan,0,nan,nan,nan,nan,nan,nan,nan,nan,nan,0,nan,1,-14.284396,72.988953,583.951843,-110.351707,221.943909,0.520011,0.267301,0.286966,0.325892,1,2.789917
1644834583303.282,148911772395,11748169888,nan,nan,nan,0,nan,nan,nan,nan,nan,nan,nan,nan,nan,0,nan,1,-14.236420,72.935722,583.638855,-109.404724,221.386673,0.519913,0.267347,0.288794,0.327724,1,2.792862
1644834583314.999,148911783498,11748180991,nan,nan,nan,0,nan,nan,nan,nan,nan,nan,nan,nan,nan,0,nan,1,-14.180709,72.873497,583.341797,-110.072273,221.737091,0.519795,0.267429,0.287505,0.326572,1,2.795715
1644834583325.9858,148911794601,11748192094,nan,nan,nan,0,nan,nan,nan,nan,nan,nan,nan,nan,nan,0,nan,1,-14.157108,72.835220,583.148132,-109.523537,221.433487,0.519749,0.267475,0.288565,0.327570,1,2.804962
1644834583337.987,148911805704,11748203197,nan,nan,nan,0,nan,nan,nan,nan,nan,nan,nan,nan,nan,0,nan,1,-14.123565,72.793571,582.946777,-109.707359,221.839310,0.519679,0.267530,0.288210,0.326236,1,2.803619
1644834583348.9858,148911816807,11748214300,nan,nan,nan,0,nan,nan,nan,nan,nan,nan,nan,nan,nan,0,nan,1,-14.093083,72.756119,582.792114,-110.143936,222.571594,0.519614,0.267589,0.287367,0.323829,1,2.804276
1644834583359.989,148911827910,11748225403,nan,nan,nan,0,nan,nan,nan,nan,nan,nan,nan,nan,nan,0,nan,1,-14.073033,72.744843,582.760193,-110.208771,222.873215,0.519567,0.267613,0.287242,0.322837,1,2.795242
1644834583369.987,148911839013,11748236506,nan,nan,nan,0,nan,nan,nan,nan,nan,nan,nan,nan,nan,0,nan,1,-14.049012,72.727867,582.694641,-109.373520,221.808136,0.519513,0.267642,0.288854,0.326338,1,2.793259
1644834583380.9841,148911850116,11748247609,nan,nan,nan,0,nan,nan,nan,nan,nan,nan,nan,nan,nan,0,nan,1,-14.011368,72.701080,582.628723,-108.986328,221.792267,0.519425,0.267703,0.289602,0.326390,1,2.789948
1644834583392.986,148911861221,11748258713,nan,nan,nan,0,nan,nan,nan,nan,nan,nan,nan,nan,nan,0,nan,1,-13.984599,72.681206,582.582336,-108.659286,221.397995,0.519362,0.267749,0.290233,0.327686,1,2.794189
1644834583403.985,148911872324,11748269816,nan,nan,nan,0,nan,nan,nan,nan,nan,nan,nan,nan,nan,0,nan,1,-13.938303,72.623016,582.508240,-108.488182,223.284515,0.519254,0.267909,0.290563,0.321485,1,2.788254
1644834583414.9849,148911883427,11748280919,nan,nan,nan,0,nan,nan,nan,nan,nan,nan,nan,nan,nan,0,nan,1,-13.881387,72.578033,582.458740,-108.990318,224.025803,0.519118,0.268036,0.289594,0.319049,1,2.787643
1644834583425.985,148911894530,11748292022,nan,nan,nan,0,nan,nan,nan,nan,nan,nan,nan,nan,nan,0,nan,1,-13.846693,72.552391,582.445557,-108.949028,223.519455,0.519035,0.268114,0.289674,0.320713,1,2.778793
1644834583436.985,148911905633,11748303125,nan,nan,nan,0,nan,nan,nan,nan,nan,nan,nan,nan,nan,0,nan,1,-13.786789,72.543297,582.482910,-109.290771,221.697922,0.518886,0.268160,0.289014,0.326700,1,2.780930
1644834583447.987,148911916736,11748314228,nan,nan,nan,0,nan,nan,nan,nan,nan,nan,nan,nan,nan,0,nan,1,-13.728845,72.539261,582.538147,-109.777916,219.543182,0.518742,0.268196,0.288073,0.333783,1,2.784332
1644834583459.9841,148911927839,11748325331,nan,nan,nan,0,nan,nan,nan,nan,nan,nan,nan,nan,nan,0,nan,1,-13.689485,72.534454,582.603943,-109.872032,220.550476,0.518642,0.268239,0.287892,0.330472,1,2.789978
1644834583470.984,148911938942,11748336434,nan,nan,nan,0,nan,nan,nan,nan,nan,nan,nan,nan,nan,0,nan,1,-13.587616,72.523613,582.722046,-107.673607,221.041260,0.518387,0.268324,0.292136,0.328859,1,2.790741
1644834583482.99,148911950046,11748347538,nan,nan,nan,0,nan,nan,nan,nan,nan,nan,nan,nan,nan,0,nan,1,-13.465591,72.503029,582.775696,-98.282982,221.681244,0.518086,0.268414,0.310265,0.326755,1,2.787079
1644834583492.9841,148911961149,11748358641,nan,nan,nan,0,nan,nan,nan,nan,nan,nan,nan,nan,nan,0,nan,1,-13.366783,72.502090,582.902771,-91.705742,222.009796,0.517838,0.268470,0.322962,0.325675,1,2.788925
1644834583502.985,148911972252,11748369744,nan,nan,nan,0,nan,nan,nan,nan,nan,nan,nan,nan,nan,0,nan,1,-13.263874,72.508080,583.057434,-86.215958,222.554199,0.517578,0.268514,0.333560,0.323886,1,2.792664
1644834583513.986,148911983355,11748380847,nan,nan,nan,0,nan,nan,nan,nan,nan,nan,nan,nan,nan,0,nan,1,-13.214207,72.520058,583.271973,-84.939430,223.497269,0.517445,0.268563,0.336024,0.320786,1,2.790329
1644834583524.985,148911994459,11748391950,nan,nan,nan,0,nan,nan,nan,nan,nan,nan,nan,nan,nan,0,nan,1,-13.197914,72.497925,583.156006,-85.277954,223.322968,0.517412,0.268588,0.335371,0.321359,1,2.788284
1644834583536.986,148912005562,11748403053,nan,nan,nan,0,nan,nan,nan,nan,nan,nan,nan,nan,nan,0,nan,1,-13.181368,72.461388,582.963867,-85.204727,222.881943,0.517383,0.268630,0.335512,0.322808,1,2.782730
1644834583547.986,148912016665,11748414156,nan,nan,nan,0,nan,nan,nan,nan,nan,nan,nan,nan,nan,0,nan,1,-13.165661,72.422226,582.701477,-85.323441,221.970245,0.517359,0.268651,0.335283,0.325805,1,2.780029
1644834583558.9858,148912027768,11748425259,nan,nan,nan,0,nan,nan,nan,nan,nan,nan,nan,nan,nan,0,nan,1,-13.154686,72.409233,582.641602,-85.607468,222.048691,0.517335,0.268669,0.334735,0.325547,1,2.783813
1644834583570.985,148912038872,11748436363,nan,nan,nan,0,nan,nan,nan,nan,nan,nan,nan,nan,nan,0,nan,1,-13.138968,72.376671,582.494629,-85.137428,222.673782,0.517305,0.268716,0.335642,0.323493,1,2.785797
1644834583581.9841,148912049975,11748447466,nan,nan,nan,0,nan,nan,nan,nan,nan,nan,nan,nan,nan,0,nan,1,-13.104759,72.350517,582.334595,-85.643433,222.465668,0.517230,0.268737,0.334665,0.324177,1,2.785049
1644834583592.9849,148912061078,11748458569,nan,nan,nan,0,nan,nan,nan,nan,nan,nan,nan,nan,nan,0,nan,1,-13.085192,72.332161,582.236267,-85.421356,222.265503,0.517188,0.268757,0.335094,0.324835,1,2.780334
1644834583602.9849,148912072181,11748469672,nan,nan,nan,0,nan,nan,nan,nan,nan,nan,nan,nan,nan,0,nan,1,-13.050029,72.300835,582.150879,-85.409241,222.206650,0.517107,0.268825,0.335117,0.325028,1,2.781403
1644834583615.9849,148912083284,11748480775,nan,nan,nan,0,nan,nan,nan,nan,nan,nan,nan,nan,nan,0,nan,1,-13.025743,72.265953,582.110901,-84.658463,222.367554,0.517050,0.268923,0.336567,0.324499,1,2.783707
1644834583625.986,148912094387,11748491878,nan,nan,nan,0,nan,nan,nan,nan,nan,nan,nan,nan,nan,0,nan,1,-13.004020,72.248459,582.092712,-84.535950,222.151596,0.516998,0.268972,0.336803,0.325209,1,2.786896
1644834583636.985,148912105490,11748502981,nan,nan,nan,0,nan,nan,nan,nan,nan,nan,nan,nan,nan,0,nan,1,-12.980290,72.216599,582.014587,-84.490868,222.355774,0.516945,0.269045,0.336890,0.324538,1,2.775528
1644834583648.9849,148912116593,11748514084,nan,nan,nan,0,nan,nan,nan,nan,nan,nan,nan,nan,nan,0,nan,1,-12.952777,72.183296,581.914062,-85.057091,223.845230,0.516883,0.269113,0.335797,0.319642,1,2.772003
1644834583658.986,148912127698,11748525188,nan,nan,nan,0,nan,nan,nan,nan,nan,nan,nan,nan,nan,0,nan,1,-12.942053,72.164520,581.804993,-85.291016,223.698242,0.516863,0.269130,0.335345,0.320125,1,2.766022
1644834583670.9841,148912138801,11748536291,nan,nan,nan,0,nan,nan,nan,nan,nan,nan,nan,nan,nan,0,nan,1,-12.938711,72.147972,581.686646,-84.657288,223.192276,0.516861,0.269136,0.336569,0.321788,1,2.775970
1644834583682.985,148912149904,11748547394,nan,nan,nan,0,nan,nan,nan,nan,nan,nan,nan,nan,nan,0,nan,1,-12.936114,72.136879,581.605408,-84.674881,222.750488,0.516859,0.269140,0.336535,0.323241,1,2.781174
1644834583692.986,148912161007,11748558497,nan,nan,nan,0,nan,nan,nan,nan,nan,nan,nan,nan,nan,0,nan,1,-12.934566,72.132164,581.578491,-84.897545,222.632889,0.516857,0.269144,0.336105,0.323627,1,2.787720
1644834583702.985,148912172110,11748569600,nan,nan,nan,0,nan,nan,nan,nan,nan,nan,nan,nan,nan,0,nan,1,-12.931011,72.119804,581.506042,-84.978928,222.475250,0.516852,0.269155,0.335948,0.324145,1,2.778503
1644834583714.983,148912183213,11748580703,nan,nan,nan,0,nan,nan,nan,nan,nan,nan,nan,nan,nan,0,nan,1,-12.924502,72.108467,581.434387,-84.917511,220.948120,0.516840,0.269163,0.336067,0.329165,1,2.770630
1644834583831.6902,148912194316,11748591806,nan,nan,nan,0,nan,nan,nan,nan,nan,nan,nan,nan,nan,0,nan,1,-12.918552,72.081551,581.390320,-84.964226,221.246002,0.516828,0.269233,0.335976,0.328186,1,2.766205
1644834583832.698,148912205419,11748602909,nan,nan,nan,0,nan,nan,nan,nan,nan,nan,nan,nan,nan,0,nan,1,-12.903700,72.041031,581.324463,-84.704132,220.812775,0.516796,0.269339,0.336478,0.329610,1,2.779358
1644834583833.6948,148912216523,11748614013,nan,nan,nan,0,nan,nan,nan,nan,nan,nan,nan,nan,nan,0,nan,1,-12.886106,71.996895,581.253906,-84.472748,221.043671,0.516757,0.269455,0.336925,0.328851,1,2.785934
1644834583833.6948,148912227626,11748625116,nan,nan,nan,0,nan,nan,nan,nan,nan,nan,nan,nan,nan,0,nan,1,-12.876404,71.972481,581.216309,-83.725868,221.201157,0.516735,0.269519,0.338367,0.328333,1,2.789886
1644834583834.6912,148912238729,11748636219,nan,nan,nan,0,nan,nan,nan,nan,nan,nan,nan,nan,nan,0,nan,1,-12.847204,71.950035,581.189575,-84.687729,221.668060,0.516665,0.269582,0.336510,0.326799,1,2.791092
1644834583834.6912,148912249833,11748647322,nan,nan,nan,0,nan,nan,nan,nan,nan,nan,nan,nan,nan,0,nan,1,-12.825223,71.927277,581.151245,-84.177528,221.157669,0.516614,0.269641,0.337495,0.328476,1,2.793762
1644834583834.6912,148912260936,11748658425,nan,nan,nan,0,nan,nan,nan,nan,nan,nan,nan,nan,nan,0,nan,1,-12.791047,71.915802,581.144470,-83.066719,220.624802,0.516531,0.269676,0.339639,0.330228,1,2.794724
1644834583835.702,148912272039,11748669528,nan,nan,nan,0,nan,nan,nan,nan,nan,nan,nan,nan,nan,0,nan,1,-12.713876,71.864609,580.993225,-77.705353,221.026581,0.516350,0.269783,0.349990,0.328907,1,2.792892
1644834583835.702,148912283142,11748680631,nan,nan,nan,0,nan,nan,nan,nan,nan,nan,nan,nan,nan,0,nan,1,-12.613308,71.800323,580.757385,-73.286797,222.022644,0.516117,0.269899,0.358520,0.325633,1,2.791855
1644834583835.702,148912294245,11748691734,nan,nan,nan,0,nan,nan,nan,nan,nan,nan,nan,nan,nan,0,nan,1,-12.566021,71.761375,580.565186,-70.837898,221.339157,0.516011,0.269949,0.363247,0.327880,1,2.786789
1644834583836.689,148912305349,11748702838,nan,nan,nan,0,nan,nan,nan,nan,nan,nan,nan,nan,nan,0,nan,1,-12.519846,71.731888,580.540466,-70.726669,221.127029,0.515900,0.270036,0.363462,0.328577,1,2.782318
1644834583847.6902,148912316452,11748713941,nan,nan,nan,0,nan,nan,nan,nan,nan,nan,nan,nan,nan,0,nan,1,-12.503440,71.703644,580.559937,-68.242874,221.188889,0.515859,0.270136,0.368257,0.328374,1,2.783691
1644834583859.689,148912327555,11748725044,nan,nan,nan,0,nan,nan,nan,nan,nan,nan,nan,nan,nan,0,nan,1,-12.476941,71.684601,580.600464,-68.891312,221.988907,0.515792,0.270215,0.367005,0.325744,1,2.785309
1644834583870.682,148912338658,11748736147,nan,nan,nan,0,nan,nan,nan,nan,nan,nan,nan,nan,nan,0,nan,1,-12.454010,71.641899,580.426270,-67.345169,220.628098,0.515745,0.270285,0.369990,0.330217,1,2.790741
1644834583882.684,148912349761,11748747250,nan,nan,nan,0,nan,nan,nan,nan,nan,nan,nan,nan,nan,0,nan,1,-12.401230,71.611107,580.244751,-69.859383,218.997681,0.515625,0.270313,0.365136,0.335576,1,2.793625
1644834583892.681,148912360864,11748758353,nan,nan,nan,0,nan,nan,nan,nan,nan,nan,nan,nan,nan,0,nan,1,-12.382466,71.576668,580.063904,-68.979836,218.954941,0.515589,0.270353,0.366834,0.335717,1,2.791473
1644834583902.6958,148912371967,11748769456,nan,nan,nan,0,nan,nan,nan,nan,nan,nan,nan,nan,nan,0,nan,1,-12.337735,71.542305,579.949524,-70.267288,220.093597,0.515485,0.270419,0.364349,0.331974,1,2.787201
1644834583914.683,148912383071,11748780559,nan,nan,nan,0,nan,nan,nan,nan,nan,nan,nan,nan,nan,0,nan,1,-12.323302,71.515930,579.933594,-68.503700,220.901825,0.515451,0.270499,0.367753,0.329317,1,2.787125
1644834583924.688,148912394175,11748791663,nan,nan,nan,0,nan,nan,nan,nan,nan,nan,nan,nan,nan,0,nan,1,-12.302278,71.514786,579.993530,-68.937485,220.528870,0.515396,0.270528,0.366916,0.330543,1,2.791412
1644834583936.6838,148912405278,11748802766,nan,nan,nan,0,nan,nan,nan,nan,nan,nan,nan,nan,nan,0,nan,1,-12.287077,71.487823,579.954163,-68.048996,221.024857,0.515361,0.270600,0.368631,0.328913,1,2.796387
1644834583947.682,148912416381,11748813869,nan,nan,nan,0,nan,nan,nan,nan,nan,nan,nan,nan,nan,0,nan,1,-12.249990,71.457733,579.838135,-69.183319,221.458145,0.515277,0.270652,0.366441,0.327489,1,2.793793
1644834583959.6829,148912427484,11748824972,nan,nan,nan,0,nan,nan,nan,nan,nan,nan,nan,nan,nan,0,nan,1,-12.235291,71.423790,579.687439,-68.528587,221.768829,0.515249,0.270702,0.367705,0.326467,1,2.793686
1644834583970.682,148912438587,11748836075,nan,nan,nan,0,nan,nan,nan,nan,nan,nan,nan,nan,nan,0,nan,1,-12.202665,71.397385,579.555908,-68.947418,220.140320,0.515175,0.270736,0.366897,0.331820,1,2.791641
1644834583982.682,148912449690,11748847178,nan,nan,nan,0,nan,nan,nan,nan,nan,nan,nan,nan,nan,0,nan,1,-12.185414,71.362572,579.476807,-67.763802,219.490936,0.515137,0.270818,0.369182,0.333955,1,2.792648
1644834583992.6829,148912460793,11748858281,nan,nan,nan,0,nan,nan,nan,nan,nan,nan,nan,nan,nan,0,nan,1,-12.164290,71.351265,579.483948,-68.682182,218.739670,0.515085,0.270859,0.367409,0.336424,1,2.791061
1644834584002.682,148912471895,11748869384,nan,nan,nan,0,nan,nan,nan,nan,nan,nan,nan,nan,nan,0,nan,1,-12.141004,71.303848,579.414612,-67.890663,220.310532,0.515032,0.270986,0.368937,0.331261,1,2.790344
1644834584013.685,148912482999,11748880488,nan,nan,nan,0,nan,nan,nan,nan,nan,nan,nan,nan,nan,0,nan,1,-12.101714,71.271629,579.361572,-68.429596,220.540619,0.514938,0.271071,0.367897,0.330505,1,2.786713
1644834584024.6821,148912494102,11748891591,nan,nan,nan,0,nan,nan,nan,nan,nan,nan,nan,nan,nan,0,nan,1,-12.079367,71.245956,579.281128,-67.670570,220.496735,0.514888,0.271122,0.369362,0.330649,1,2.787949
1644834584036.682,148912505206,11748902694,nan,nan,nan,0,nan,nan,nan,nan,nan,nan,nan,nan,nan,0,nan,1,-12.024089,71.227264,579.201233,-68.976868,219.434738,0.514756,0.271152,0.366840,0.334139,1,2.786087
1644834584047.6838,148912516309,11748913797,nan,nan,nan,0,nan,nan,nan,nan,nan,nan,nan,nan,nan,0,nan,1,-11.996995,71.187233,579.045471,-67.599968,219.261108,0.514698,0.271221,0.369498,0.334710,1,2.781647
1644834584058.684,148912527412,11748924900,nan,nan,nan,0,nan,nan,nan,nan,nan,nan,nan,nan,nan,0,nan,1,-11.970824,71.158813,578.953979,-68.383743,219.648605,0.514638,0.271277,0.367985,0.333437,1,2.779404
1644834584070.6821,148912538515,11748936003,nan,nan,nan,0,nan,nan,nan,nan,nan,nan,nan,nan,nan,0,nan,1,-11.952587,71.110085,578.716980,-66.156578,218.780609,0.514606,0.271342,0.372285,0.336290,1,2.776321
1644834584081.681,148912549618,11748947106,nan,nan,nan,0,nan,nan,nan,nan,nan,nan,nan,nan,nan,0,nan,1,-11.894128,71.070160,578.461914,-67.857620,217.766800,0.514475,0.271371,0.369001,0.339622,1,2.773987
1644834584092.683,148912560721,11748958209,nan,nan,nan,0,nan,nan,nan,nan,nan,nan,nan,nan,nan,0,nan,1,-11.864497,71.040016,578.267456,-67.637512,217.451157,0.514412,0.271392,0.369426,0.340660,1,2.773727
1644834584102.683,148912571825,11748969313,nan,nan,nan,0,nan,nan,nan,nan,nan,nan,nan,nan,nan,0,nan,1,-11.810405,71.011200,578.105835,-68.110893,217.693817,0.514287,0.271422,0.368512,0.339862,1,2.777100
1644834584113.683,148912582928,11748980416,nan,nan,nan,0,nan,nan,nan,nan,nan,nan,nan,nan,nan,0,nan,1,-11.759391,71.000458,578.048523,-68.713280,217.174683,0.514165,0.271435,0.367349,0.341568,1,2.778702
1644834584124.682,148912594031,11748991519,nan,nan,nan,0,nan,nan,nan,nan,nan,nan,nan,nan,nan,0,nan,1,-11.734424,71.001625,578.088196,-68.463013,216.967987,0.514101,0.271447,0.367832,0.342248,1,2.775040
1644834584135.6821,148912605134,11749002622,nan,nan,nan,0,nan,nan,nan,nan,nan,nan,nan,nan,nan,0,nan,1,-11.698107,71.012878,578.250549,-68.893745,217.213516,0.514004,0.271476,0.367000,0.341441,1,2.769852
1644834584148.683,148912616237,11749013725,nan,nan,nan,0,nan,nan,nan,nan,nan,nan,nan,nan,nan,0,nan,1,-11.687416,71.015923,578.420532,-67.177551,218.325775,0.513969,0.271535,0.370314,0.337785,1,2.770386
1644834584158.6821,148912627340,11749024828,nan,nan,nan,0,nan,nan,nan,nan,nan,nan,nan,nan,nan,0,nan,1,-11.671434,71.017769,578.531311,-67.042328,218.434128,0.513925,0.271573,0.370575,0.337429,1,2.768982
1644834584170.681,148912638444,11749035931,nan,nan,nan,0,nan,nan,nan,nan,nan,nan,nan,nan,nan,0,nan,1,-11.656420,70.995705,578.566284,-67.092590,218.090530,0.513886,0.271660,0.370478,0.338558,1,2.771957
1644834584181.701,148912649547,11749047034,nan,nan,nan,0,nan,nan,nan,nan,nan,nan,nan,nan,nan,0,nan,1,-11.652733,70.964706,578.530212,-66.672295,218.215240,0.513879,0.271747,0.371289,0.338148,1,2.768646
1644834584191.6821,148912660651,11749058138,nan,nan,nan,0,nan,nan,nan,nan,nan,nan,nan,nan,nan,0,nan,1,-11.644298,70.932907,578.423645,-66.885094,218.044815,0.513864,0.271808,0.370878,0.338708,1,2.764664
1644834584202.6829,148912671754,11749069241,nan,nan,nan,0,nan,nan,nan,nan,nan,nan,nan,nan,nan,0,nan,1,-11.638047,70.862740,578.170166,-66.216751,219.386292,0.513861,0.271937,0.372168,0.334299,1,2.759399
1644834584215.683,148912682857,11749080344,nan,nan,nan,0,nan,nan,nan,nan,nan,nan,nan,nan,nan,0,nan,1,-11.603761,70.802765,577.976685,-67.295357,219.772171,0.513787,0.272056,0.370086,0.333030,1,2.760300
1644834584225.6921,148912693960,11749091447,nan,nan,nan,0,nan,nan,nan,nan,nan,nan,nan,nan,nan,0,nan,1,-11.581363,70.775085,577.861755,-65.744133,219.202194,0.513738,0.272101,0.373081,0.334904,1,2.760040
1644834584236.681,148912705063,11749102550,nan,nan,nan,0,nan,nan,nan,nan,nan,nan,nan,nan,nan,0,nan,1,-11.501758,70.739037,577.726990,-61.423004,218.270477,0.513548,0.272166,0.381423,0.337966,1,2.755844
1644834584248.6812,148912716166,11749113653,nan,nan,nan,0,nan,nan,nan,nan,nan,nan,nan,nan,nan,0,nan,1,-11.395236,70.681732,577.424316,-55.845486,216.761276,0.513301,0.272234,0.392190,0.342927,1,2.751953
1644834584258.6821,148912727269,11749124756,nan,nan,nan,0,nan,nan,nan,nan,nan,nan,nan,nan,nan,0,nan,1,-11.329217,70.645523,577.333801,-52.979610,218.016098,0.513143,0.272317,0.397723,0.338803,1,2.751633
1644834584269.686,148912738372,11749135859,nan,nan,nan,0,nan,nan,nan,nan,nan,nan,nan,nan,nan,0,nan,1,-11.238680,70.622406,577.385071,-52.908020,217.646606,0.512918,0.272415,0.397861,0.340017,1,2.755066
1644834584280.6821,148912749476,11749146963,nan,nan,nan,0,nan,nan,nan,nan,nan,nan,nan,nan,nan,0,nan,1,-11.178596,70.605965,577.613281,-52.590675,219.002197,0.512759,0.272561,0.398474,0.335561,1,2.750565
1644834584292.689,148912760579,11749158066,nan,nan,nan,0,nan,nan,nan,nan,nan,nan,nan,nan,nan,0,nan,1,-11.146292,70.590782,577.684509,-52.942417,219.272446,0.512677,0.272640,0.397795,0.334673,1,2.751648
1644834584303.69,148912771683,11749169169,nan,nan,nan,0,nan,nan,nan,nan,nan,nan,nan,nan,nan,0,nan,1,-11.098884,70.559807,577.732666,-52.996468,219.138611,0.512558,0.272762,0.397690,0.335113,1,2.741776
1644834584315.2969,148912782786,11749180272,nan,nan,nan,0,nan,nan,nan,nan,nan,nan,nan,nan,nan,0,nan,1,-11.066162,70.519943,577.715271,-52.270332,218.974762,0.512478,0.272886,0.399092,0.335651,1,2.739105
1644834584325.305,148912793889,11749191375,nan,nan,nan,0,nan,nan,nan,nan,nan,nan,nan,nan,nan,0,nan,1,-11.045499,70.498955,577.682800,-51.790802,217.912262,0.512429,0.272942,0.400018,0.339144,1,2.736969
1644834584336.302,148912804992,11749202478,nan,nan,nan,0,nan,nan,nan,nan,nan,nan,nan,nan,nan,0,nan,1,-11.023898,70.436653,577.561829,-50.797558,218.639542,0.512382,0.273098,0.401935,0.336753,1,2.738037
1644834584347.4,148912816095,11749213581,nan,nan,nan,0,nan,nan,nan,nan,nan,nan,nan,nan,nan,0,nan,1,-10.999310,70.392456,577.465942,-51.062504,218.813217,0.512326,0.273206,0.401424,0.336183,1,2.738571
1644834584358.573,148912827198,11749224684,nan,nan,nan,0,nan,nan,nan,nan,nan,nan,nan,nan,nan,0,nan,1,-10.987943,70.363503,577.391052,-51.551041,219.158981,0.512302,0.273271,0.400481,0.335046,1,2.736847
1644834584369.626,148912838302,11749235788,nan,nan,nan,0,nan,nan,nan,nan,nan,nan,nan,nan,nan,0,nan,1,-10.978664,70.339310,577.275818,-51.163479,218.093948,0.512285,0.273304,0.401229,0.338547,1,2.731873
1644834584382.131,148912849405,11749246891,nan,nan,nan,0,nan,nan,nan,nan,nan,nan,nan,nan,nan,0,nan,1,-10.953588,70.321220,577.202576,-52.945248,216.512238,0.512226,0.273335,0.397789,0.343746,1,2.725784
1644834584392.124,148912860508,11749257994,nan,nan,nan,0,nan,nan,nan,nan,nan,nan,nan,nan,nan,0,nan,1,-10.946259,70.305161,577.188293,-52.274185,216.619705,0.512209,0.273382,0.399085,0.343393,1,2.724533
1644834584403.528,148912871611,11749269097,nan,nan,nan,0,nan,nan,nan,nan,nan,nan,nan,nan,nan,0,nan,1,-10.914231,70.283051,577.253418,-53.385525,217.550064,0.512128,0.273481,0.396939,0.340335,1,2.725983
1644834584415.5322,148912882714,11749280200,nan,nan,nan,0,nan,nan,nan,nan,nan,nan,nan,nan,nan,0,nan,1,-10.894151,70.251549,577.304871,-51.816940,219.187332,0.512076,0.273605,0.399967,0.334953,1,2.729095
1644834584424.601,148912893818,11749291303,nan,nan,nan,0,nan,nan,nan,nan,nan,nan,nan,nan,nan,0,nan,1,-10.866405,70.246025,577.404053,-52.484638,219.642151,0.512003,0.273663,0.398678,0.333458,1,2.721817
1644834584435.6,148912904921,11749302406,nan,nan,nan,0,nan,nan,nan,nan,nan,nan,nan,nan,nan,0,nan,1,-10.839801,70.226151,577.455322,-51.628624,220.154221,0.511936,0.273749,0.400331,0.331774,1,2.717865
1644834584446.6008,148912916024,11749313509,nan,nan,nan,0,nan,nan,nan,nan,nan,nan,nan,nan,nan,0,nan,1,-10.801524,70.219894,577.536316,-52.668884,219.497635,0.511838,0.273803,0.398323,0.333933,1,2.716171
1644834584458.598,148912927128,11749324613,nan,nan,nan,0,nan,nan,nan,nan,nan,nan,nan,nan,nan,0,nan,1,-10.792465,70.200211,577.495605,-52.048214,219.084259,0.511817,0.273851,0.399521,0.335292,1,2.718719
1644834584470.609,148912938231,11749335716,nan,nan,nan,0,nan,nan,nan,nan,nan,nan,nan,nan,nan,0,nan,1,-10.783553,70.182892,577.563904,-52.309128,219.847168,0.511793,0.273935,0.399017,0.332784,1,2.724518
1644834584481.6,148912949334,11749346819,nan,nan,nan,0,nan,nan,nan,nan,nan,nan,nan,nan,nan,0,nan,1,-10.784169,70.157722,577.597656,-52.686863,221.024765,0.511793,0.274031,0.398288,0.328913,1,2.735245
1644834584492.5972,148912960437,11749357922,nan,nan,nan,0,nan,nan,nan,nan,nan,nan,nan,nan,nan,0,nan,1,-10.790687,70.164131,577.690491,-53.869476,220.689041,0.511805,0.274047,0.396005,0.330017,1,2.733032
1644834584502.599,148912971540,11749369025,nan,nan,nan,0,nan,nan,nan,nan,nan,nan,nan,nan,nan,0,nan,1,-10.812028,70.158623,577.828857,-54.438370,220.899902,0.511851,0.274120,0.394907,0.329323,1,2.733521
1644834584513.597,148912982643,11749380128,nan,nan,nan,0,nan,nan,nan,nan,nan,nan,nan,nan,nan,0,nan,1,-10.859370,70.156265,577.975586,-52.839867,221.840973,0.511961,0.274186,0.397992,0.326230,1,2.725922
1644834584524.598,148912993746,11749391231,nan,nan,nan,0,nan,nan,nan,nan,nan,nan,nan,nan,nan,0,nan,1,-10.892771,70.144020,578.027039,-52.710136,222.752090,0.512041,0.274246,0.398243,0.323235,1,2.729675
1644834584539.5999,148913004849,11749402334,nan,nan,nan,0,nan,nan,nan,nan,nan,nan,nan,nan,nan,0,nan,1,-10.942980,70.132317,578.027893,-53.499817,221.733932,0.512165,0.274284,0.396719,0.326582,1,2.729477
1644834584547.598,148913015953,11749413438,nan,nan,nan,0,nan,nan,nan,nan,nan,nan,nan,nan,nan,0,nan,1,-10.967178,70.121521,577.967957,-56.243446,220.205063,0.512227,0.274295,0.391422,0.331607,1,2.730270
1644834584558.5981,148913027057,11749424541,nan,nan,nan,0,nan,nan,nan,nan,nan,nan,nan,nan,nan,0,nan,1,-10.970752,70.111397,577.991150,-57.295074,220.888809,0.512235,0.274337,0.389392,0.329360,1,2.736206
1644834584570.598,148913038160,11749435644,nan,nan,nan,0,nan,nan,nan,nan,nan,nan,nan,nan,nan,0,nan,1,-10.965081,70.097145,577.987854,-57.142769,221.034088,0.512221,0.274383,0.389686,0.328882,1,2.735641
1644834584581.5989,148913049263,11749446747,nan,nan,nan,0,nan,nan,nan,nan,nan,nan,nan,nan,nan,0,nan,1,-10.948092,70.078117,578.036743,-57.575329,220.750153,0.512177,0.274465,0.388851,0.329816,1,2.735367
1644834584592.5989,148913060366,11749457850,nan,nan,nan,0,nan,nan,nan,nan,nan,nan,nan,nan,nan,0,nan,1,-10.940816,70.058540,578.031860,-56.624027,220.195251,0.512160,0.274527,0.390687,0.331640,1,2.727371
1644834584602.598,148913071469,11749468953,nan,nan,nan,0,nan,nan,nan,nan,nan,nan,nan,nan,nan,0,nan,1,-10.912184,70.033211,578.113831,-58.039856,220.053009,0.512086,0.274643,0.387954,0.332107,1,2.728683
1644834584613.597,148913082572,11749480056,nan,nan,nan,0,nan,nan,nan,nan,nan,nan,nan,nan,nan,0,nan,1,-10.912013,69.996956,578.212585,-57.381367,220.515320,0.512081,0.274801,0.389225,0.330587,1,2.729279
1644834584624.5989,148913093675,11749491159,nan,nan,nan,0,nan,nan,nan,nan,nan,nan,nan,nan,nan,0,nan,1,-10.913356,69.974777,578.292358,-57.288731,220.051331,0.512081,0.274906,0.389404,0.332113,1,2.730728
1644834584635.5989,148913104779,11749502263,nan,nan,nan,0,nan,nan,nan,nan,nan,nan,nan,nan,nan,0,nan,1,-10.933278,69.928658,578.402466,-56.600735,220.259735,0.512126,0.275100,0.390732,0.331428,1,2.726105
1644834584648.598,148913115882,11749513366,nan,nan,nan,0,nan,nan,nan,nan,nan,nan,nan,nan,nan,0,nan,1,-10.943024,69.881531,578.432434,-57.135769,219.592804,0.512149,0.275266,0.389699,0.333620,1,2.725372
1644834584658.616,148913126985,11749524469,nan,nan,nan,0,nan,nan,nan,nan,nan,nan,nan,nan,nan,0,nan,1,-10.949998,69.845467,578.441650,-57.719059,219.976074,0.512166,0.275388,0.388573,0.332360,1,2.726440
1644834584670.5981,148913138088,11749535572,nan,nan,nan,0,nan,nan,nan,nan,nan,nan,nan,nan,nan,0,nan,1,-10.968154,69.790352,578.439148,-57.712822,221.557693,0.512211,0.275567,0.388585,0.327161,1,2.728210
1644834584681.6,148913149192,11749546675,nan,nan,nan,0,nan,nan,nan,nan,nan,nan,nan,nan,nan,0,nan,1,-10.991642,69.748001,578.500000,-56.369823,223.173294,0.512266,0.275730,0.391178,0.321851,1,2.726974
1644834584692.5981,148913160295,11749557778,nan,nan,nan,0,nan,nan,nan,nan,nan,nan,nan,nan,nan,0,nan,1,-10.992377,69.721703,578.528137,-56.066879,223.143951,0.512267,0.275827,0.391763,0.321947,1,2.727890
1644834584703.5999,148913171398,11749568881,nan,nan,nan,0,nan,nan,nan,nan,nan,nan,nan,nan,nan,0,nan,1,-10.951276,69.668739,578.413452,-51.693394,222.829056,0.512172,0.275956,0.400206,0.322982,1,2.728119
1644834584714.597,148913182501,11749579984,nan,nan,nan,0,nan,nan,nan,nan,nan,nan,nan,nan,nan,0,nan,1,-10.890635,69.590370,578.158081,-46.401249,223.176270,0.512035,0.276113,0.410422,0.321841,1,2.729294
1644834584725.6,148913193605,11749591088,nan,nan,nan,0,nan,nan,nan,nan,nan,nan,nan,nan,nan,0,nan,1,-10.854476,69.550888,578.002197,-43.807159,223.197372,0.511953,0.276181,0.415430,0.321772,1,2.722961
1644834584735.599,148913204708,11749602191,nan,nan,nan,0,nan,nan,nan,nan,nan,nan,nan,nan,nan,0,nan,1,-10.838047,69.512474,577.915771,-43.190132,222.438599,0.511917,0.276273,0.416621,0.324266,1,2.725662
1644834584746.5972,148913215811,11749613294,nan,nan,nan,0,nan,nan,nan,nan,nan,nan,nan,nan,nan,0,nan,1,-10.853210,69.505447,578.031067,-42.470886,220.804794,0.511949,0.276342,0.418010,0.329636,1,2.720108
1644834584757.6,148913226914,11749624397,nan,nan,nan,0,nan,nan,nan,nan,nan,nan,nan,nan,nan,0,nan,1,-10.867285,69.475769,578.017517,-41.914421,220.645111,0.511985,0.276433,0.419084,0.330161,1,2.720215
1644834584769.5989,148913238017,11749635500,nan,nan,nan,0,nan,nan,nan,nan,nan,nan,nan,nan,nan,0,nan,1,-10.891178,69.417236,577.891113,-41.607880,221.250763,0.512050,0.276575,0.419676,0.328170,1,2.711761
1644834584780.599,148913249120,11749646603,nan,nan,nan,0,nan,nan,nan,nan,nan,nan,nan,nan,nan,0,nan,1,-10.915136,69.350105,577.710938,-42.567818,221.799271,0.512118,0.276724,0.417823,0.326367,1,2.714569
1644834584792.5989,148913260223,11749657706,nan,nan,nan,0,nan,nan,nan,nan,nan,nan,nan,nan,nan,0,nan,1,-10.947288,69.306412,577.604248,-42.590771,222.120255,0.512202,0.276825,0.417778,0.325312,1,2.715164
1644834584803.598,148913271326,11749668809,nan,nan,nan,0,nan,nan,nan,nan,nan,nan,nan,nan,nan,0,nan,1,-11.012753,69.250458,577.542419,-42.365120,223.334503,0.512367,0.276983,0.418214,0.321321,1,2.712006
1644834584814.597,148913282431,11749679913,nan,nan,nan,0,nan,nan,nan,nan,nan,nan,nan,nan,nan,0,nan,1,-11.095369,69.194321,577.503601,-41.564144,225.126083,0.512572,0.277151,0.419760,0.315432,1,2.711548
1644834584825.598,148913293534,11749691016,nan,nan,nan,0,nan,nan,nan,nan,nan,nan,nan,nan,nan,0,nan,1,-11.155519,69.166077,577.495789,-41.909016,225.325928,0.512721,0.277240,0.419095,0.314775,1,2.715424
1644834584835.597,148913304637,11749702119,nan,nan,nan,0,nan,nan,nan,nan,nan,nan,nan,nan,nan,0,nan,1,-11.237155,69.131943,577.426086,-42.912582,223.198303,0.512926,0.277323,0.417157,0.321769,1,2.722321
1644834584846.598,148913315740,11749713222,nan,nan,nan,0,nan,nan,nan,nan,nan,nan,nan,nan,nan,0,nan,1,-11.321390,69.080490,577.257507,-44.553131,221.139648,0.513142,0.277424,0.413990,0.328535,1,2.722351
1644834584858.6062,148913326843,11749724325,nan,nan,nan,0,nan,nan,nan,nan,nan,nan,nan,nan,nan,0,nan,1,-11.389728,69.038483,577.169128,-43.524696,221.546432,0.513315,0.277527,0.415975,0.327198,1,2.717545
1644834584870.597,148913337946,11749735428,nan,nan,nan,0,nan,nan,nan,nan,nan,nan,nan,nan,nan,0,nan,1,-11.499252,68.983215,577.142090,-42.988693,222.646561,0.513587,0.277696,0.417010,0.323582,1,2.716949
1644834584881.605,148913349049,11749746531,nan,nan,nan,0,nan,nan,nan,nan,nan,nan,nan,nan,nan,0,nan,1,-11.607165,68.941208,577.097839,-42.840698,223.774353,0.513855,0.277815,0.417296,0.319875,1,2.715210
1644834584891.605,148913360152,11749757634,nan,nan,nan,0,nan,nan,nan,nan,nan,nan,nan,nan,nan,0,nan,1,-11.683134,68.923447,577.124146,-43.148300,223.745834,0.514041,0.277883,0.416702,0.319969,1,2.718826
1644834584902.605,148913371256,11749768738,nan,nan,nan,0,nan,nan,nan,nan,nan,nan,nan,nan,nan,0,nan,1,-11.806470,68.897293,577.172119,-42.754696,224.779739,0.514343,0.277985,0.417462,0.316570,1,2.719513
1644834584915.106,148913382359,11749779841,nan,nan,nan,0,nan,nan,nan,nan,nan,nan,nan,nan,nan,0,nan,1,-11.921095,68.857452,577.231567,-40.666977,225.455231,0.514623,0.278138,0.421492,0.314350,1,2.719818
1644834584926.1292,148913393462,11749790944,nan,nan,nan,0,nan,nan,nan,nan,nan,nan,nan,nan,nan,0,nan,1,-11.981517,68.836609,577.293274,-39.551159,225.698502,0.514769,0.278230,0.423646,0.313550,1,2.714600
1644834584937.13,148913404566,11749802047,nan,nan,nan,0,nan,nan,nan,nan,nan,nan,nan,nan,nan,0,nan,1,-12.069701,68.797707,577.254578,-36.984253,223.439804,0.514989,0.278341,0.428602,0.320975,1,2.718246
1644834584948.591,148913415669,11749813150,nan,nan,nan,0,nan,nan,nan,nan,nan,nan,nan,nan,nan,0,nan,1,-12.181437,68.758888,577.330688,-34.654011,222.836639,0.515261,0.278497,0.433100,0.322957,1,2.718689
1644834584959.068,148913426772,11749824253,nan,nan,nan,0,nan,nan,nan,nan,nan,nan,nan,nan,nan,0,nan,1,-12.264393,68.702026,577.254822,-34.401192,223.129257,0.515469,0.278652,0.433588,0.321995,1,2.725082
1644834584970.094,148913437875,11749835356,nan,nan,nan,0,nan,nan,nan,nan,nan,nan,nan,nan,nan,0,nan,1,-12.391096,68.589882,577.190491,-34.707497,225.932648,0.515786,0.278994,0.432997,0.312781,1,2.727600
1644834584981.094,148913448978,11749846459,nan,nan,nan,0,nan,nan,nan,nan,nan,nan,nan,nan,nan,0,nan,1,-12.515025,68.490562,577.065552,-35.860355,225.319839,0.516099,0.279269,0.430771,0.314795,1,2.728851
1644834584992.1428,148913460082,11749857563,nan,nan,nan,0,nan,nan,nan,nan,nan,nan,nan,nan,nan,0,nan,1,-12.608178,68.422363,577.005249,-35.311165,225.562317,0.516332,0.279468,0.431832,0.313998,1,2.733810
1644834585002.1428,148913471184,11749868666,nan,nan,nan,0,nan,nan,nan,nan,nan,nan,nan,nan,nan,0,nan,1,-12.736985,68.343765,576.951172,-36.943504,224.411530,0.516654,0.279704,0.428680,0.317781,1,2.727631
1644834585013.4622,148913482288,11749879769,nan,nan,nan,0,nan,nan,nan,nan,nan,nan,nan,nan,nan,0,nan,1,-12.891874,68.236725,576.779297,-35.180321,225.839203,0.517046,0.279986,0.432084,0.313088,1,2.734085
1644834585025.462,148913493391,11749890872,nan,nan,nan,0,nan,nan,nan,nan,nan,nan,nan,nan,nan,0,nan,1,-12.983186,68.188377,576.709717,-36.171417,225.216202,0.517275,0.280117,0.430171,0.315136,1,2.728394
1644834585036.4622,148913504494,11749901975,nan,nan,nan,0,nan,nan,nan,nan,nan,nan,nan,nan,nan,0,nan,1,-13.140128,68.104050,576.467896,-33.934364,224.594437,0.517676,0.280298,0.434490,0.317179,1,2.733002
1644834585048.46,148913515597,11749913078,nan,nan,nan,0,nan,nan,nan,nan,nan,nan,nan,nan,nan,0,nan,1,-13.277418,68.043678,576.323914,-34.544697,223.654358,0.518024,0.280438,0.433311,0.320269,1,2.729797
1644834585058.459,148913526700,11749924181,nan,nan,nan,0,nan,nan,nan,nan,nan,nan,nan,nan,nan,0,nan,1,-13.373748,67.988251,576.160828,-33.820930,224.313095,0.518271,0.280556,0.434709,0.318104,1,2.732010
1644834585069.459,148913537803,11749935284,nan,nan,nan,0,nan,nan,nan,nan,nan,nan,nan,nan,nan,0,nan,1,-13.493321,67.907768,575.968811,-35.486259,225.415497,0.518578,0.280744,0.431494,0.314480,1,2.733200
1644834585081.46,148913548907,11749946388,nan,nan,nan,0,nan,nan,nan,nan,nan,nan,nan,nan,nan,0,nan,1,-13.619681,67.815460,575.678345,-35.635334,225.453720,0.518908,0.280934,0.431206,0.314355,1,2.740509
1644834585092.458,148913560010,11749957491,nan,nan,nan,0,nan,nan,nan,nan,nan,nan,nan,nan,nan,0,nan,1,-13.697815,67.767731,575.538757,-35.509106,225.124771,0.519109,0.281036,0.431450,0.315436,1,2.735764
1644834585103.459,148913571113,11749968594,nan,nan,nan,0,nan,nan,nan,nan,nan,nan,nan,nan,nan,0,nan,1,-13.810623,67.689804,575.297058,-35.069866,225.101807,0.519403,0.281197,0.432298,0.315512,1,2.738831
1644834585114.459,148913582216,11749979697,nan,nan,nan,0,nan,nan,nan,nan,nan,nan,nan,nan,nan,0,nan,1,-13.922732,67.614746,575.050537,-34.605133,225.088043,0.519695,0.281347,0.433195,0.315557,1,2.733582
1644834585125.46,148913593319,11749990800,nan,nan,nan,0,nan,nan,nan,nan,nan,nan,nan,nan,nan,0,nan,1,-13.993786,67.554932,574.858093,-34.769947,225.286270,0.519883,0.281469,0.432876,0.314905,1,2.739975
1644834585136.4592,148913604422,11750001903,nan,nan,nan,0,nan,nan,nan,nan,nan,nan,nan,nan,nan,0,nan,1,-14.103475,67.464737,574.560791,-34.816189,224.798065,0.520173,0.281649,0.432787,0.316510,1,2.744736
1644834585148.459,148913615526,11750013006,nan,nan,nan,0,nan,nan,nan,nan,nan,nan,nan,nan,nan,0,nan,1,-14.216495,67.373535,574.283691,-34.828449,224.712555,0.520470,0.281841,0.432764,0.316791,1,2.741516
1644834585159.462,148913626629,11750024109,nan,nan,nan,0,nan,nan,nan,nan,nan,nan,nan,nan,nan,0,nan,1,-14.294215,67.313133,574.090088,-35.612694,224.179108,0.520675,0.281964,0.431250,0.318545,1,2.740204
1644834585169.039,148913637733,11750035213,nan,nan,nan,0,nan,nan,nan,nan,nan,nan,nan,nan,nan,0,nan,1,-14.447830,67.217270,573.827148,-37.824665,224.170853,0.521073,0.282177,0.426979,0.318572,1,2.731735
1644834585182.053,148913648836,11750046316,nan,nan,nan,0,nan,nan,nan,nan,nan,nan,nan,nan,nan,0,nan,1,-14.601997,67.119110,573.699707,-41.892429,225.124908,0.521464,0.282449,0.419127,0.315436,1,2.737869
1644834585192.052,148913659939,11750057419,nan,nan,nan,0,nan,nan,nan,nan,nan,nan,nan,nan,nan,0,nan,1,-14.696925,67.041695,573.581116,-43.309826,226.366150,0.521708,0.282658,0.416390,0.311356,1,2.736526
1644834585203.055,148913671042,11750068522,nan,nan,nan,0,nan,nan,nan,nan,nan,nan,nan,nan,nan,0,nan,1,-14.779312,66.919319,573.282043,-45.090534,227.138397,0.521932,0.282946,0.412953,0.308817,1,2.739838
1644834585215.052,148913682145,11750079625,nan,nan,nan,0,nan,nan,nan,nan,nan,nan,nan,nan,nan,0,nan,1,-14.835876,66.774475,572.763489,-44.971264,228.084137,0.522106,0.283224,0.413183,0.305709,1,2.734848
1644834585225.055,148913693248,11750090728,nan,nan,nan,0,nan,nan,nan,nan,nan,nan,nan,nan,nan,0,nan,1,-14.862285,66.700729,572.481018,-45.493397,227.478607,0.522191,0.283358,0.412175,0.307699,1,2.736832
1644834585237.052,148913704351,11750101831,nan,nan,nan,0,nan,nan,nan,nan,nan,nan,nan,nan,nan,0,nan,1,-14.895748,66.620224,572.116455,-44.774258,225.580078,0.522298,0.283484,0.413563,0.313940,1,2.737427
1644834585248.053,148913715454,11750112934,nan,nan,nan,0,nan,nan,nan,nan,nan,nan,nan,nan,nan,0,nan,1,-14.897766,66.561195,571.831299,-45.636826,224.344589,0.522321,0.283569,0.411898,0.318001,1,2.734833
1644834585259.052,148913726558,11750124038,nan,nan,nan,0,nan,nan,nan,nan,nan,nan,nan,nan,nan,0,nan,1,-14.904296,66.517677,571.629517,-45.195900,224.056534,0.522351,0.283635,0.412749,0.318947,1,2.736496
1644834585269.0571,148913737661,11750135141,nan,nan,nan,0,nan,nan,nan,nan,nan,nan,nan,nan,nan,0,nan,1,-14.906645,66.465591,571.470154,-45.731876,225.472610,0.522367,0.283747,0.411714,0.314293,1,2.731705
1644834585282.051,148913748764,11750146244,nan,nan,nan,0,nan,nan,nan,nan,nan,nan,nan,nan,nan,0,nan,1,-14.913321,66.416885,571.322021,-45.684521,225.443298,0.522394,0.283851,0.411806,0.314389,1,2.730026
1644834585292.053,148913759867,11750157347,nan,nan,nan,0,nan,nan,nan,nan,nan,nan,nan,nan,nan,0,nan,1,-14.916549,66.391747,571.267395,-45.892918,226.020859,0.522406,0.283913,0.411404,0.312491,1,2.728806
1644834585303.055,148913770970,11750168450,nan,nan,nan,0,nan,nan,nan,nan,nan,nan,nan,nan,nan,0,nan,1,-14.921169,66.340073,571.181213,-45.767033,226.749908,0.522423,0.284051,0.411647,0.310094,1,2.730164
1644834585314.9878,148913782073,11750179553,nan,nan,nan,0,nan,nan,nan,nan,nan,nan,nan,nan,nan,0,nan,1,-14.937794,66.288773,571.087830,-44.948502,227.336502,0.522471,0.284185,0.413227,0.308166,1,2.732956
1644834585324.9868,148913793177,11750190656,nan,nan,nan,0,nan,nan,nan,nan,nan,nan,nan,nan,nan,0,nan,1,-14.944345,66.252167,570.991638,-45.357307,226.634720,0.522494,0.284270,0.412438,0.310473,1,2.731323
1644834585336.987,148913804280,11750201759,nan,nan,nan,0,nan,nan,nan,nan,nan,nan,nan,nan,nan,0,nan,1,-14.974955,66.196594,570.778564,-45.383469,225.835114,0.522584,0.284371,0.412387,0.313101,1,2.723694
1644834585347.9868,148913815384,11750212863,nan,nan,nan,0,nan,nan,nan,nan,nan,nan,nan,nan,nan,0,nan,1,-15.068698,66.178246,570.651367,-52.126087,229.814560,0.522826,0.284382,0.399370,0.300021,1,2.729782
1644834585358.9858,148913826487,11750223966,nan,nan,nan,0,nan,nan,nan,nan,nan,nan,nan,nan,nan,0,nan,1,-15.207115,66.203377,570.415405,-60.945408,236.689087,0.523187,0.284205,0.382345,0.277424,1,2.731827
1644834585369.987,148913837590,11750235069,nan,nan,nan,0,nan,nan,nan,nan,nan,nan,nan,nan,nan,0,nan,1,-15.488822,66.327187,570.119263,-79.565895,251.071609,0.523908,0.283676,0.346398,0.230148,1,2.728439
1644834585381.9958,148913848693,11750246172,nan,nan,nan,0,nan,nan,nan,nan,nan,nan,nan,nan,nan,0,nan,1,-15.748591,66.460777,569.995483,-96.944695,264.431488,0.524563,0.283180,0.312848,0.186234,1,2.725174
1644834585391.9949,148913859796,11750257275,nan,nan,nan,0,nan,nan,nan,nan,nan,nan,nan,nan,nan,0,nan,1,-15.867174,66.549255,570.206970,-104.762650,270.123169,0.524844,0.282966,0.297755,0.167525,1,2.726410
1644834585404.006,148913870899,11750268378,559.976549,212.456229,2.672890,1,-80.632782,68.832008,562.404907,-107.252296,261.187378,0.689298,0.271258,0.292949,0.196897,1,2.610458,1,-15.918089,66.532219,570.169678,-108.593636,273.265259,0.524974,0.283007,0.290360,0.157197,1,2.735321
1644834585415.0059,148913882002,11750279481,557.901134,215.774453,2.660088,1,-80.636467,68.768288,562.237671,-108.203369,260.688202,0.689368,0.271404,0.291113,0.198538,1,2.585861,1,-15.911239,66.456352,569.748230,-108.762428,272.081970,0.524986,0.283096,0.290034,0.161086,1,2.734314
1644834585425.986,148913893105,11750290584,558.635015,214.812335,2.624908,1,-80.656479,68.760605,562.270996,-107.831543,261.436768,0.689407,0.271443,0.291831,0.196077,1,2.529648,1,-15.903794,66.376457,569.286438,-108.738312,271.821259,0.525000,0.283183,0.290080,0.161943,1,2.720169
1644834585436.996,148913904209,11750301688,560.168381,216.597140,2.610497,1,-80.662231,68.743248,562.238403,-107.972275,261.497345,0.689434,0.271488,0.291559,0.195878,1,2.510010,1,-15.911377,66.309937,568.849182,-107.770187,270.855713,0.525050,0.283234,0.291949,0.165117,1,2.710983
1644834585448.992,148913915312,11750312791,558.792629,212.099022,2.614136,1,-80.758957,68.667778,562.262634,-108.711159,263.046265,0.689671,0.271751,0.290133,0.190787,1,2.513779,1,-15.926515,66.270691,568.610107,-107.773636,271.587524,0.525104,0.283272,0.291943,0.162712,1,2.714493
1644834585459.995,148913926416,11750323894,556.886930,212.180811,2.618019,1,-80.802315,68.642342,562.254761,-109.146927,262.869965,0.689784,0.271833,0.289292,0.191366,1,2.516083,1,-15.946018,66.251747,568.462952,-108.366150,271.722351,0.525164,0.283277,0.290799,0.162268,1,2.719955
1644834585469.933,148913937519,11750334997,555.535984,211.994398,2.619194,1,-80.802315,68.642342,562.254761,-109.146927,262.869965,0.689784,0.271833,0.289292,0.191366,1,2.516083,1,-15.980596,66.257774,568.435974,-109.095085,271.816864,0.525252,0.283246,0.289392,0.161958,1,2.722305
1644834585482.0818,148913948622,11750346100,553.304415,212.060469,2.620499,1,-80.965088,68.633514,562.494019,-109.989738,262.692596,0.690109,0.271959,0.287665,0.191949,1,2.523010,1,-16.025726,66.265686,568.427673,-109.456398,271.960693,0.525365,0.283216,0.288694,0.161485,1,2.717987
1644834585493.1172,148913959725,11750357203,552.830658,209.225616,2.620049,1,-81.038673,68.625450,562.584412,-110.792122,263.301727,0.690263,0.272023,0.286116,0.189947,1,2.524841,1,-16.068727,66.274361,568.432556,-108.909645,272.788971,0.525473,0.283188,0.289750,0.158762,1,2.715256
1644834585504.116,148913970828,11750368306,552.671041,207.951692,2.621376,1,-81.038673,68.625450,562.584412,-110.792122,263.301727,0.690263,0.272023,0.286116,0.189947,1,2.524841,1,-16.119997,66.278084,568.432678,-108.995766,273.434875,0.525601,0.283175,0.289583,0.156639,1,2.717911
1644834585516.126,148913981931,11750379409,548.653879,205.769232,2.612648,1,-81.171227,68.573502,562.699463,-113.074318,264.130432,0.690557,0.272244,0.281710,0.187223,1,2.502991,1,-16.171328,66.281540,568.418640,-108.881149,273.712799,0.525730,0.283158,0.289805,0.155726,1,2.722305
1644834585526.112,148913993035,11750390513,551.479111,205.115265,2.607422,1,-81.242203,68.548676,562.796082,-112.165024,264.364899,0.690702,0.272366,0.283465,0.186453,1,2.496201,1,-16.216055,66.285072,568.463745,-108.265999,273.809967,0.525839,0.283163,0.290992,0.155406,1,2.718643
1644834585536.1172,148914004138,11750401616,551.147318,205.278200,2.605965,1,-81.242203,68.548676,562.796082,-112.165024,264.364899,0.690702,0.272366,0.283465,0.186453,1,2.496201,1,-16.260855,66.286652,568.561401,-108.445015,273.727356,0.525944,0.283195,0.290647,0.155678,1,2.715729
1644834585548.11,148914015241,11750412719,555.494471,205.180424,2.609146,1,-81.368263,68.473404,563.029297,-110.729317,265.286194,0.690937,0.272714,0.286237,0.183424,1,2.510025,1,-16.298763,66.277718,568.644775,-107.535095,272.855591,0.526033,0.283257,0.292403,0.158543,1,2.708267
1644834585559.108,148914026344,11750423822,561.204672,203.334975,2.610138,1,-81.411118,68.444901,563.215454,-109.081802,265.690369,0.690978,0.272886,0.289417,0.182096,1,2.506592,1,-16.300829,66.272522,568.779175,-106.101463,273.387146,0.526029,0.283326,0.295171,0.156796,1,2.713684
1644834585570.111,148914037447,11750434925,569.193420,200.433782,2.612297,1,-81.411118,68.444901,563.215454,-109.081802,265.690369,0.690978,0.272886,0.289417,0.182096,1,2.506592,1,-16.278694,66.228157,568.703674,-101.790871,274.858185,0.525979,0.283445,0.303493,0.151961,1,2.718002
1644834585582.112,148914048551,11750446028,586.939631,194.424981,2.617073,1,-81.375298,68.320236,563.044373,-102.137405,267.108337,0.690951,0.273236,0.302823,0.177435,1,2.511108,1,-16.245441,66.174355,568.586548,-99.159721,276.486938,0.525905,0.283579,0.308572,0.146607,1,2.723038
1644834585592.109,148914059654,11750457131,591.808720,194.085154,2.615410,1,-81.343269,68.221275,562.737793,-100.624390,267.809937,0.690983,0.273444,0.305744,0.175129,1,2.511322,1,-16.228594,66.111160,568.324890,-98.045509,275.957703,0.525882,0.283689,0.310723,0.148347,1,2.719498
1644834585603.11,148914070757,11750468234,593.227072,195.873553,2.618027,1,-81.354492,68.217918,562.763611,-100.131638,267.549744,0.691002,0.273466,0.306696,0.175984,1,2.520630,1,-16.237566,66.069328,568.278870,-97.772919,275.311066,0.525908,0.283810,0.311249,0.150472,1,2.715424
1644834585615.1099,148914081861,11750479338,598.426352,194.785514,2.612762,1,-81.423210,68.158119,562.811646,-98.858025,267.581726,0.691159,0.273686,0.309154,0.175879,1,2.514526,1,-16.254625,66.026627,568.304321,-96.241081,275.830780,0.525949,0.283962,0.314206,0.148764,1,2.710999
1644834585626.109,148914092964,11750490441,596.668768,193.393689,2.617363,1,-81.470894,68.129608,562.869690,-99.346489,267.328766,0.691259,0.273805,0.308211,0.176710,1,2.517914,1,-16.265980,65.996681,568.354858,-96.700966,276.789429,0.525974,0.284081,0.313319,0.145613,1,2.716812
1644834585637.11,148914104067,11750501544,594.447241,192.920065,2.617691,1,-81.488693,68.106964,562.838623,-99.905815,267.428101,0.691316,0.273868,0.307132,0.176384,1,2.519119,1,-16.275442,65.947510,568.283875,-97.340355,276.930267,0.526004,0.284218,0.312084,0.145150,1,2.716263
1644834585648.1099,148914115170,11750512647,593.475895,191.043931,2.624260,1,-81.550255,68.021454,562.710266,-100.295013,268.106049,0.691519,0.274103,0.306380,0.174155,1,2.527878,1,-16.291435,65.899612,568.195068,-97.475266,277.203583,0.526050,0.284343,0.311824,0.144251,1,2.720642
1644834585659.113,148914126273,11750523750,594.461174,190.146464,2.617920,1,-81.591591,67.953400,562.582520,-100.110893,268.893311,0.691672,0.274279,0.306736,0.171567,1,2.520935,1,-16.312683,65.848969,568.083984,-97.127754,276.871368,0.526112,0.284468,0.312495,0.145343,1,2.714905
1644834585670.1108,148914137376,11750534853,596.624079,188.391495,2.617493,1,-81.617836,67.923195,562.543030,-99.725159,268.910461,0.691753,0.274365,0.307480,0.171511,1,2.519501,1,-16.357214,65.786835,567.999939,-96.346397,277.744049,0.526230,0.284643,0.314003,0.142475,1,2.715485
1644834585681.1099,148914148479,11750545956,596.284704,187.034091,2.618080,1,-81.715202,67.812546,562.428772,-99.857330,269.114044,0.692043,0.274690,0.307225,0.170842,1,2.518127,1,-16.406590,65.725655,567.926453,-96.397354,278.228729,0.526359,0.284818,0.313905,0.140882,1,2.718033
1644834585692.111,148914159582,11750557059,595.742769,186.223716,2.618416,1,-81.787491,67.740761,562.363770,-100.027763,269.094635,0.692250,0.274904,0.306896,0.170906,1,2.516113,1,-16.447365,65.686150,567.876953,-96.519325,278.659058,0.526466,0.284930,0.313669,0.139467,1,2.720718
1644834585703.1091,148914170686,11750568163,594.626684,187.264743,2.623245,1,-81.818077,67.700027,562.308594,-100.318634,269.311981,0.692348,0.275018,0.306335,0.170191,1,2.520020,1,-16.497957,65.639664,567.757874,-96.830704,277.913849,0.526601,0.285038,0.313068,0.141917,1,2.726471
1644834585715.1091,148914181790,11750579266,592.249489,189.356670,2.621735,1,-81.924805,67.585373,562.115601,-100.507721,269.212860,0.692691,0.275325,0.305970,0.170517,1,2.517700,1,-16.544294,65.603546,567.630249,-97.924324,276.952240,0.526727,0.285109,0.310957,0.145077,1,2.725769
1644834585726.1099,148914192893,11750590369,592.798634,188.523710,2.623482,1,-81.991920,67.513214,561.982544,-100.212540,269.280334,0.692911,0.275513,0.306539,0.170295,1,2.521561,1,-16.585554,65.571144,567.527710,-97.923172,277.307098,0.526838,0.285177,0.310959,0.143911,1,2.725403
1644834585737.109,148914203996,11750601472,591.857500,189.718062,2.617493,1,-82.024170,67.479973,561.915405,-100.504379,268.985840,0.693018,0.275597,0.305976,0.171263,1,2.517914,1,-16.635281,65.541962,567.390076,-98.139114,276.996002,0.526973,0.285220,0.310542,0.144934,1,2.717072
1644834585748.11,148914215099,11750612575,591.372843,189.808309,2.617371,1,-82.123016,67.385803,561.692688,-100.699036,269.552399,0.693352,0.275823,0.305600,0.169401,1,2.515305,1,-16.691151,65.523788,567.240906,-98.205971,276.383667,0.527124,0.285223,0.310413,0.146946,1,2.719437
1644834585759.1108,148914226202,11750623678,591.893749,189.332700,2.621689,1,-82.195992,67.331215,561.546204,-100.666138,269.835876,0.693592,0.275947,0.305664,0.168469,1,2.522720,1,-16.741751,65.517494,567.131470,-97.957863,276.341400,0.527259,0.285201,0.310892,0.147085,1,2.720657
1644834585770.112,148914237305,11750634781,592.718496,187.395984,2.624405,1,-82.240974,67.311073,561.500732,-100.778603,270.022491,0.693723,0.275996,0.305447,0.167856,1,2.526672,1,-16.831047,65.527534,567.047974,-97.400352,277.136780,0.527489,0.285134,0.311968,0.144471,1,2.722137
1644834585781.111,148914248408,11750645884,590.895166,180.629620,2.623871,1,-82.379829,67.245636,561.401489,-102.092590,271.271851,0.694113,0.276174,0.302910,0.163749,1,2.532242,1,-16.933619,65.531631,566.991028,-97.070213,279.318268,0.527751,0.285096,0.312606,0.137300,1,2.715500
1644834585792.137,148914259512,11750656988,589.600410,176.133898,2.623451,1,-82.497612,67.207161,561.338684,-103.006332,272.062531,0.694436,0.276277,0.301146,0.161150,1,2.531052,1,-17.016710,65.551407,566.949219,-96.855103,280.807159,0.527962,0.285013,0.313021,0.132406,1,2.715851
1644834585803.111,148914270615,11750668091,590.549440,175.984025,2.620567,1,-82.560669,67.191513,561.317993,-103.016579,272.541626,0.694603,0.276321,0.301126,0.159575,1,2.536911,1,-17.117212,65.580017,566.926392,-96.332748,280.404022,0.528216,0.284907,0.314029,0.133731,1,2.704224
1644834585814.122,148914281718,11750679194,573.310375,185.605976,2.499809,1,-82.655212,67.185249,561.237915,-102.942978,272.588043,0.694873,0.276308,0.301268,0.159423,1,2.482025,1,-17.205545,65.620125,566.905029,-105.708282,275.478912,0.528438,0.284763,0.295930,0.149921,1,2.517593
1644834585824.11,148914292821,11750690297,566.140366,200.017253,2.553001,1,-82.760757,67.189072,561.293823,-102.768097,270.274994,0.695120,0.276316,0.301606,0.167026,1,2.640472,1,-17.263182,65.642181,566.943787,-109.751991,270.484772,0.528580,0.284704,0.288124,0.166336,1,2.465530
1644834585835.109,148914303924,11750701400,nan,nan,nan,0,nan,nan,nan,nan,nan,nan,nan,nan,nan,0,nan,1,-17.349628,65.652901,566.955994,-136.787018,261.872803,0.528796,0.284671,0.235932,0.194644,1,2.020081
1644834585847.1091,148914315028,11750712503,nan,nan,nan,0,nan,nan,nan,nan,nan,nan,nan,nan,nan,0,nan,0,nan,nan,nan,nan,nan,nan,nan,nan,nan,0,nan
1644834585857.111,148914326131,11750723606,nan,nan,nan,0,nan,nan,nan,nan,nan,nan,nan,nan,nan,0,nan,0,nan,nan,nan,nan,nan,nan,nan,nan,nan,0,nan
1644834585868.1108,148914337234,11750734709,nan,nan,nan,0,nan,nan,nan,nan,nan,nan,nan,nan,nan,0,nan,0,nan,nan,nan,nan,nan,nan,nan,nan,nan,0,nan
1644834585880.1091,148914348338,11750745813,nan,nan,nan,0,nan,nan,nan,nan,nan,nan,nan,nan,nan,0,nan,0,nan,nan,nan,nan,nan,nan,nan,nan,nan,0,nan
1644834585890.11,148914359441,11750756916,nan,nan,nan,0,nan,nan,nan,nan,nan,nan,nan,nan,nan,0,nan,0,nan,nan,nan,nan,nan,nan,nan,nan,nan,0,nan
1644834585902.11,148914370544,11750768019,nan,nan,nan,0,nan,nan,nan,nan,nan,nan,nan,nan,nan,0,nan,0,nan,nan,nan,nan,nan,nan,nan,nan,nan,0,nan
1644834585913.1091,148914381647,11750779122,nan,nan,nan,0,nan,nan,nan,nan,nan,nan,nan,nan,nan,0,nan,0,nan,nan,nan,nan,nan,nan,nan,nan,nan,0,nan
1644834585924.108,148914392750,11750790225,nan,nan,nan,0,nan,nan,nan,nan,nan,nan,nan,nan,nan,0,nan,0,nan,nan,nan,nan,nan,nan,nan,nan,nan,0,nan
1644834585935.13,148914403853,11750801328,nan,nan,nan,0,nan,nan,nan,nan,nan,nan,nan,nan,nan,0,nan,0,nan,nan,nan,nan,nan,nan,nan,nan,nan,0,nan
1644834585946.1292,148914414956,11750812431,nan,nan,nan,0,nan,nan,nan,nan,nan,nan,nan,nan,nan,0,nan,0,nan,nan,nan,nan,nan,nan,nan,nan,nan,0,nan
1644834585957.1172,148914426059,11750823534,nan,nan,nan,0,nan,nan,nan,nan,nan,nan,nan,nan,nan,0,nan,0,nan,nan,nan,nan,nan,nan,nan,nan,nan,0,nan
1644834585968.118,148914437164,11750834638,nan,nan,nan,0,nan,nan,nan,nan,nan,nan,nan,nan,nan,0,nan,0,nan,nan,nan,nan,nan,nan,nan,nan,nan,0,nan
1644834585980.115,148914448267,11750845741,nan,nan,nan,0,nan,nan,nan,nan,nan,nan,nan,nan,nan,0,nan,0,nan,nan,nan,nan,nan,nan,nan,nan,nan,0,nan
1644834585991.039,148914459370,11750856844,nan,nan,nan,0,nan,nan,nan,nan,nan,nan,nan,nan,nan,0,nan,0,nan,nan,nan,nan,nan,nan,nan,nan,nan,0,nan
1644834586002.1392,148914470472,11750867947,nan,nan,nan,0,nan,nan,nan,nan,nan,nan,nan,nan,nan,0,nan,0,nan,nan,nan,nan,nan,nan,nan,nan,nan,0,nan
1644834586014.375,148914481575,11750879050,nan,nan,nan,0,nan,nan,nan,nan,nan,nan,nan,nan,nan,0,nan,0,nan,nan,nan,nan,nan,nan,nan,nan,nan,0,nan
1644834586024.709,148914492678,11750890153,nan,nan,nan,0,nan,nan,nan,nan,nan,nan,nan,nan,nan,0,nan,0,nan,nan,nan,nan,nan,nan,nan,nan,nan,0,nan
1644834586037.013,148914503781,11750901256,nan,nan,nan,0,nan,nan,nan,nan,nan,nan,nan,nan,nan,0,nan,1,-18.585760,64.811050,566.505127,-87.690773,204.702393,0.531943,0.287295,0.330713,0.382565,1,2.372131
1644834586048.013,148914514884,11750912359,nan,nan,nan,0,nan,nan,nan,nan,nan,nan,nan,nan,nan,0,nan,1,-18.585760,64.811050,566.505127,-87.690773,204.702393,0.531943,0.287295,0.330713,0.382565,1,2.372131
1644834586058.9941,148914525989,11750923463,696.967020,399.947208,2.479027,1,-85.390160,64.381065,560.076111,-66.793686,221.920715,0.702296,0.285290,0.371055,0.325968,1,2.463043,1,-18.656235,64.774437,566.228210,-75.134499,217.466080,0.532143,0.287311,0.354953,0.340611,1,2.495010
1644834586069.993,148914537092,11750934566,710.176105,379.898572,2.628082,1,-85.361038,64.327644,559.856445,-67.717476,221.026367,0.702308,0.285386,0.369271,0.328908,1,2.535156,1,-18.693964,64.684624,565.685242,-67.083282,228.525940,0.532283,0.287403,0.370496,0.304256,1,2.721008
1644834586081.006,148914548195,11750945669,716.043148,380.137217,2.672920,1,-85.295067,64.090477,558.784424,-66.401634,221.199524,0.702558,0.285771,0.371812,0.328339,1,2.604950,1,-18.722677,64.604973,565.149231,-65.233391,228.231796,0.532400,0.287464,0.374067,0.305223,1,2.740891
1644834586091.991,148914559298,11750956772,714.030762,380.363041,2.666145,1,-85.262413,63.967716,558.235901,-66.531487,220.815979,0.702689,0.285974,0.371561,0.329599,1,2.595032,1,-18.731037,64.519814,564.613647,-66.189377,228.500763,0.532466,0.287544,0.372221,0.304339,1,2.737259
1644834586101.991,148914570401,11750967875,716.284361,377.895212,2.658958,1,-85.255051,63.924862,558.036621,-66.057083,221.052429,0.702748,0.286041,0.372477,0.328822,1,2.583008,1,-18.755648,64.404427,563.914490,-65.447769,229.515610,0.532587,0.287662,0.373653,0.301003,1,2.734909
1644834586113.991,148914581504,11750978978,718.752766,375.953490,2.653732,1,-85.294403,63.668858,557.206299,-65.555008,220.398575,0.703175,0.286586,0.373446,0.330971,1,2.569382,1,-18.792791,64.318932,563.538208,-64.617928,231.153976,0.532713,0.287805,0.375255,0.295618,1,2.738083
1644834586125.0042,148914592607,11750990081,718.722382,376.960713,2.652489,1,-85.294724,63.547523,556.809753,-65.353233,220.044357,0.703332,0.286845,0.373835,0.332136,1,2.568909,1,-18.810244,64.240746,563.151855,-64.836143,230.997543,0.532790,0.287919,0.374834,0.296132,1,2.736069
1644834586135.989,148914603710,11751001184,716.505632,375.731581,2.652206,1,-85.294724,63.547523,556.809753,-65.353233,220.044357,0.703332,0.286845,0.373835,0.332136,1,2.568909,1,-18.824352,64.119469,562.558594,-66.032242,231.620758,0.532876,0.288099,0.372525,0.294084,1,2.735504
1644834586147.9932,148914614814,11751012288,718.431444,373.052001,2.655098,1,-85.265450,63.167389,555.557251,-63.238823,221.506271,0.703752,0.287652,0.377917,0.327330,1,2.569977,1,-18.828630,63.994858,561.943298,-67.107506,231.517487,0.532939,0.288282,0.370449,0.294423,1,2.740219
1644834586157.99,148914625917,11751023391,719.121752,373.584151,2.656906,1,-85.240150,63.026737,555.082214,-63.083572,221.644775,0.703875,0.287947,0.378217,0.326875,1,2.574371,1,-18.831787,63.897503,561.471008,-66.890282,231.109161,0.532988,0.288429,0.370868,0.295765,1,2.739441
1644834586168.989,148914637020,11751034494,720.402174,375.822741,2.657112,1,-85.240150,63.026737,555.082214,-63.083572,221.644775,0.703875,0.287947,0.378217,0.326875,1,2.574371,1,-18.823380,63.781490,560.861755,-66.199371,229.974091,0.533019,0.288587,0.372202,0.299496,1,2.739853
1644834586181.325,148914648123,11751045597,715.822248,380.149752,2.661980,1,-85.075676,62.708290,553.858582,-65.498230,220.708038,0.703937,0.288562,0.373555,0.329954,1,2.587173,1,-18.791464,63.669827,560.249023,-66.255981,228.716858,0.532990,0.288729,0.372093,0.303629,1,2.736786
1644834586191.323,148914659227,11751056700,714.196930,381.379026,2.663231,1,-85.022415,62.599117,553.434998,-66.235497,220.273407,0.703968,0.288771,0.372132,0.331383,1,2.587799,1,-18.764830,63.585083,559.831665,-66.395706,228.528198,0.532959,0.288855,0.371823,0.304249,1,2.738663
1644834586202.324,148914670330,11751067803,713.970509,380.711532,2.665688,1,-85.022415,62.599117,553.434998,-66.235497,220.273407,0.703968,0.288771,0.372132,0.331383,1,2.587799,1,-18.730274,63.502518,559.489563,-66.517868,228.866653,0.532900,0.289004,0.371587,0.303136,1,2.743576
1644834586214.323,148914681433,11751078906,718.008499,378.842157,2.668236,1,-84.969879,62.436680,552.856934,-65.019608,220.677567,0.704063,0.289104,0.374479,0.330054,1,2.589066,1,-18.713013,63.427414,559.219177,-65.554893,229.410355,0.532880,0.289155,0.373446,0.301349,1,2.747406
1644834586224.332,148914692536,11751090009,721.994562,380.033237,2.669388,1,-84.938042,62.374142,552.577271,-63.426319,220.716034,0.704092,0.289210,0.377555,0.329928,1,2.589722,1,-18.682318,63.375748,558.955505,-64.997414,228.767975,0.532824,0.289229,0.374522,0.303461,1,2.749054
1644834586236.325,148914703640,11751101113,728.964729,380.605960,2.677010,1,-84.899918,62.362858,552.440857,-62.676029,220.328384,0.704048,0.289196,0.379004,0.331202,1,2.606232,1,-18.634756,63.297470,558.556763,-61.986702,228.865204,0.532738,0.289341,0.380335,0.303141,1,2.747787
1644834586247.324,148914714743,11751112216,754.420338,380.772293,2.681877,1,-84.763962,62.230473,551.586121,-53.267429,220.227341,0.704036,0.289319,0.397167,0.331534,1,2.610199,1,-18.576662,63.206974,558.071838,-57.659874,228.881897,0.532631,0.289463,0.388687,0.303086,1,2.753555
1644834586258.322,148914725846,11751123319,770.211210,378.055215,2.688110,1,-84.708534,62.156952,551.158875,-49.360500,220.707840,0.704063,0.289406,0.404709,0.329955,1,2.618042,1,-18.555592,63.101318,557.588440,-53.046337,229.779099,0.532619,0.289636,0.397594,0.300137,1,2.758179
1644834586269.327,148914736949,11751134422,777.960377,377.886754,2.692276,1,-84.720749,62.115211,551.038025,-48.295200,220.940735,0.704143,0.289503,0.406766,0.329189,1,2.617950,1,-18.593294,63.017517,557.353027,-49.930294,229.631638,0.532736,0.289829,0.403609,0.300622,1,2.766602
1644834586280.324,148914748052,11751145525,779.726658,378.401202,2.704170,1,-84.850952,61.988693,550.829041,-48.686573,220.966614,0.704564,0.289855,0.406010,0.329104,1,2.634094,1,-18.670469,62.948792,557.234314,-48.585861,229.344925,0.532943,0.290016,0.406205,0.301564,1,2.774246
1644834586291.324,148914759155,11751156628,778.149920,378.998977,2.705162,1,-84.915146,61.906193,550.600098,-49.345631,221.287308,0.704822,0.290049,0.404738,0.328050,1,2.631302,1,-18.746458,62.866257,556.987183,-48.777607,228.721146,0.533159,0.290201,0.405835,0.303615,1,2.779022
1644834586302.785,148914770258,11751167731,777.872171,380.847591,2.714790,1,-84.939377,61.852783,550.374634,-49.139252,220.477875,0.704975,0.290145,0.405137,0.330711,1,2.635559,1,-18.819893,62.761379,556.500549,-49.133839,228.593246,0.533389,0.290370,0.405147,0.304035,1,2.794022
1644834586313.7861,148914781361,11751178834,773.747492,382.036489,2.715744,1,-84.966644,61.637569,549.338684,-50.595898,219.930786,0.705462,0.290483,0.402324,0.332509,1,2.635376,1,-18.884142,62.648735,555.876770,-49.902828,228.537521,0.533608,0.290513,0.403662,0.304218,1,2.796112
1644834586324.785,148914792466,11751189938,773.173714,381.807822,2.724480,1,-85.004845,61.550564,548.925720,-50.327820,219.403107,0.705727,0.290622,0.402842,0.334244,1,2.643814,1,-18.948219,62.569824,555.426086,-50.480495,229.181152,0.533812,0.290608,0.402547,0.302103,1,2.805145
1644834586335.783,148914803569,11751201041,772.589321,381.781429,2.728409,1,-85.019958,61.509224,548.704956,-50.887341,219.560455,0.705855,0.290679,0.401762,0.333726,1,2.648834,1,-19.013205,62.499920,554.959229,-50.236317,229.037155,0.534019,0.290666,0.403019,0.302576,1,2.807983
1644834586347.784,148914814672,11751212144,774.172554,381.424481,2.735268,1,-85.075874,61.386234,548.032349,-50.400833,219.948425,0.706272,0.290841,0.402701,0.332451,1,2.657486,1,-19.072889,62.443634,554.551208,-49.868534,228.830170,0.534209,0.290700,0.403729,0.303256,1,2.813049
1644834586357.784,148914825775,11751223247,775.283661,383.286488,2.729370,1,-85.112274,61.323204,547.686340,-50.031837,219.169266,0.706507,0.290924,0.403413,0.335012,1,2.648682,1,-19.127569,62.393459,554.182068,-49.638000,228.665237,0.534382,0.290728,0.404174,0.303799,1,2.810059
1644834586368.785,148914836878,11751234350,777.045078,382.540172,2.720085,1,-85.126198,61.303162,547.607300,-49.198166,219.795074,0.706575,0.290962,0.405023,0.332955,1,2.630630,1,-19.174925,62.345272,553.841187,-49.521240,228.417816,0.534534,0.290761,0.404399,0.304612,1,2.809540
1644834586380.791,148914847981,11751245453,776.284418,381.686944,2.722664,1,-85.196831,61.159714,547.040710,-49.735012,220.069290,0.706990,0.291237,0.403986,0.332054,1,2.639038,1,-19.218760,62.296425,553.544983,-49.394833,228.576248,0.534673,0.290813,0.404643,0.304091,1,2.806290
1644834586391.784,148914859084,11751256556,777.837839,382.886875,2.731750,1,-85.236534,61.078461,546.720154,-49.651760,219.584351,0.707224,0.291393,0.404147,0.333648,1,2.651978,1,-19.260035,62.244762,553.267029,-48.639889,228.452789,0.534804,0.290882,0.406101,0.304497,1,2.811523
1644834586402.7861,148914870187,11751267659,776.626053,385.427928,2.736984,1,-85.238060,61.062790,546.653076,-50.319256,218.772308,0.707255,0.291422,0.402858,0.336317,1,2.664291,1,-19.294222,62.198639,553.007324,-48.626247,227.976379,0.534915,0.290940,0.406127,0.306063,1,2.809677
1644834586413.786,148914881291,11751278763,781.618681,389.266616,2.735909,1,-85.278824,60.934639,546.050537,-48.087872,218.146454,0.707607,0.291631,0.407166,0.338374,1,2.662094,1,-19.330969,62.143509,552.640198,-48.163704,226.655838,0.535043,0.290986,0.407020,0.310404,1,2.809723
1644834586424.7861,148914892394,11751289866,781.369829,388.271177,2.727379,1,-85.287842,60.846672,545.649780,-48.168007,218.803467,0.707795,0.291780,0.407012,0.336215,1,2.651550,1,-19.358149,62.080177,552.233826,-48.217857,226.503586,0.535150,0.291046,0.406915,0.310904,1,2.803207
1644834586435.786,148914903497,11751300969,780.643759,387.818903,2.723022,1,-85.287224,60.809139,545.445923,-48.199532,218.942978,0.707877,0.291831,0.406951,0.335756,1,2.648117,1,-19.387157,62.008923,551.767822,-48.578098,226.593384,0.535267,0.291110,0.406220,0.310609,1,2.797928
1644834586447.785,148914914600,11751312072,778.672571,389.313948,2.718414,1,-85.275291,60.680660,544.686768,-49.498165,217.681686,0.708157,0.291982,0.404444,0.339902,1,2.641922,1,-19.422409,61.942326,551.295715,-48.343094,227.096619,0.535401,0.291156,0.406674,0.308955,1,2.794907
1644834586458.783,148914925704,11751323175,776.599646,389.296210,2.716301,1,-85.264328,60.596981,544.150940,-49.806816,217.415848,0.708348,0.292065,0.403848,0.340776,1,2.638992,1,-19.455851,61.877438,550.755920,-49.152958,227.371445,0.535536,0.291170,0.405110,0.308051,1,2.793610
1644834586469.7822,148914936807,11751334278,780.227966,389.643574,2.716698,1,-85.264076,60.563606,543.919067,-49.026142,217.567581,0.708442,0.292091,0.405355,0.340277,1,2.640915,1,-19.509699,61.818367,550.221130,-47.975842,227.043610,0.535725,0.291166,0.407383,0.309129,1,2.792480
1644834586480.783,148914947910,11751345381,779.654932,391.870326,2.708527,1,-85.282776,60.454601,543.151245,-49.301399,217.193207,0.708808,0.292171,0.404824,0.341508,1,2.632278,1,-19.562115,61.773243,549.748230,-48.009777,226.288910,0.535904,0.291137,0.407317,0.311610,1,2.784775
1644834586491.782,148914959013,11751356484,781.713238,394.089013,2.704811,1,-85.301872,60.383278,542.667847,-48.768093,216.997879,0.709057,0.292230,0.405853,0.342150,1,2.635345,1,-19.628538,61.725006,549.257324,-47.432476,225.359268,0.536121,0.291112,0.408432,0.314665,1,2.774277
1644834586502.783,148914970117,11751367588,785.913076,395.163435,2.693024,1,-85.311844,60.356712,542.472412,-47.997677,216.874588,0.709164,0.292247,0.407340,0.342555,1,2.626526,1,-19.690037,61.685886,548.811462,-45.936710,224.937744,0.536321,0.291073,0.411319,0.316051,1,2.759521
1644834586514.7942,148914981220,11751378691,798.510160,394.269472,2.676514,1,-85.339058,60.248623,541.762573,-43.007771,217.533813,0.709530,0.292347,0.416973,0.340388,1,2.603821,1,-19.735262,61.646336,548.376770,-44.129429,224.731827,0.536479,0.291040,0.414808,0.316728,1,2.749207
1644834586524.799,148914992323,11751389794,808.658295,395.239949,2.667313,1,-85.377083,60.207687,541.476929,-40.535507,217.258255,0.709748,0.292377,0.421746,0.341294,1,2.595322,1,-19.802816,61.632248,548.089172,-41.125927,224.515305,0.536681,0.290975,0.420606,0.317440,1,2.739304
1644834586536.7961,148915003426,11751400897,812.338686,395.868534,2.667671,1,-85.415901,60.191429,541.398804,-40.253738,216.755661,0.709883,0.292403,0.422290,0.342946,1,2.598770,1,-19.901024,61.635357,547.923767,-39.421837,224.699188,0.536952,0.290899,0.423896,0.316835,1,2.736572
1644834586546.783,148915014529,11751412000,810.565939,397.280860,2.669899,1,-85.641014,60.149872,541.418884,-40.350052,215.989563,0.710468,0.292553,0.422104,0.345464,1,2.606583,1,-20.017115,61.669201,547.953796,-40.282074,224.749161,0.537250,0.290792,0.422235,0.316671,1,2.733215
1644834586557.7852,148915025632,11751423103,809.209528,397.052479,2.661659,1,-85.766495,60.099766,541.307983,-40.868816,215.994110,0.710844,0.292684,0.421103,0.345449,1,2.593796,1,-20.153893,61.680302,547.856201,-40.495171,224.860397,0.537614,0.290713,0.421824,0.316305,1,2.729523
1644834586569.7852,148915036735,11751434206,807.718134,398.495007,2.658722,1,-85.825783,60.066280,541.245544,-40.908421,216.485947,0.711027,0.292776,0.421026,0.343832,1,2.588608,1,-20.296223,61.690811,547.730591,-41.260338,223.637161,0.537996,0.290626,0.420347,0.320326,1,2.728836
1644834586580.7852,148915047838,11751445309,803.388948,398.005486,2.653343,1,-86.018280,59.903999,540.879761,-43.907986,217.486984,0.711688,0.293199,0.415236,0.340542,1,2.578720,1,-20.454762,61.677025,547.521912,-40.596725,222.884354,0.538428,0.290590,0.421628,0.322801,1,2.727966
1644834586590.7869,148915058942,11751456413,804.353342,398.795986,2.650482,1,-86.168289,59.800316,540.743225,-43.839970,217.177780,0.712142,0.293507,0.415367,0.341558,1,2.580429,1,-20.626328,61.660194,547.397522,-40.144371,222.792755,0.538886,0.290597,0.422501,0.323102,1,2.720535
1644834586602.787,148915070045,11751467516,793.670168,398.398322,2.651291,1,-86.271996,59.746807,540.706726,-45.560501,216.524841,0.712431,0.293679,0.412045,0.343704,1,2.588394,1,-20.864288,61.626472,547.348755,-44.188290,223.647293,0.539509,0.290691,0.414694,0.320293,1,2.714188
1644834586613.785,148915081149,11751478619,721.567926,407.376659,2.658241,1,-86.949371,59.536465,540.981140,-70.499413,212.194336,0.714103,0.294513,0.363901,0.357939,1,2.597397,1,-21.235218,61.590763,547.566833,-58.154549,223.425400,0.540452,0.290894,0.387733,0.321022,1,2.719086
1644834586624.784,148915092252,11751489722,625.290413,424.724185,2.656036,1,-87.356125,59.341999,540.593994,-96.024582,207.987793,0.715341,0.295039,0.314624,0.371766,1,2.586868,1,-21.730711,61.490166,547.234558,-84.579117,218.835983,0.541775,0.291106,0.336720,0.336108,1,2.725204
1644834586636.813,148915103355,11751500825,564.050760,435.276371,2.642349,1,-87.456535,59.305435,540.587585,-102.570839,207.640945,0.715609,0.295163,0.301987,0.372906,1,2.566528,1,-22.245409,61.427090,547.099121,-111.076782,213.832443,0.543128,0.291264,0.285566,0.352555,1,2.718170
1644834586646.786,148915114458,11751511928,490.061874,445.267028,2.625549,1,-88.017815,58.931995,539.605530,-127.046204,204.382721,0.717514,0.296086,0.254737,0.383616,1,2.536926,1,-22.638094,61.323009,546.626465,-126.524590,212.024979,0.544201,0.291435,0.255744,0.358496,1,2.714172
1644834586657.785,148915125561,11751523031,474.706306,440.419686,2.631569,1,-88.439552,58.905163,540.534424,-130.465820,205.462921,0.718228,0.296533,0.248135,0.380065,1,2.544510,1,-22.929611,61.394073,547.559326,-131.390579,213.402588,0.544858,0.291547,0.246350,0.353967,1,2.718628
1644834586668.787,148915136664,11751534134,474.533987,438.051635,2.641273,1,-88.483810,58.890724,540.577454,-130.939774,205.043243,0.718326,0.296599,0.247221,0.381445,1,2.560043,1,-23.131014,61.391407,547.869263,-131.009613,215.022980,0.545348,0.291674,0.247086,0.348641,1,2.722504
1644834586680.783,148915147768,11751545238,470.476270,437.964946,2.644554,1,-88.882896,58.758373,541.000061,-131.661346,204.742844,0.719197,0.297220,0.245828,0.382432,1,2.561005,1,-23.310814,61.392899,548.155945,-132.477493,215.367340,0.545783,0.291777,0.244252,0.347509,1,2.728104
1644834586690.785,148915158871,11751556341,468.480606,437.958670,2.642151,1,-88.949226,58.591263,540.424805,-132.353302,204.836182,0.719622,0.297585,0.244492,0.382125,1,2.560318,1,-23.448055,61.283596,547.545654,-132.862350,215.277191,0.546208,0.291917,0.243509,0.347806,1,2.723984
1644834586702.785,148915169974,11751567444,467.476716,437.637573,2.639244,1,-88.985710,58.534397,540.267883,-132.410141,205.186218,0.719787,0.297724,0.244382,0.380975,1,2.559586,1,-23.578753,61.188869,547.139709,-133.347229,215.089996,0.546594,0.292085,0.242573,0.348421,1,2.718903
1644834586713.785,148915181077,11751578547,465.267763,438.665164,2.634682,1,-89.129967,58.247818,539.561096,-133.297241,204.891327,0.720478,0.298458,0.242669,0.381944,1,2.557709,1,-23.706617,61.095909,546.755676,-133.652039,214.863846,0.546970,0.292256,0.241984,0.349164,1,2.711655
1644834586724.7861,148915192180,11751589650,465.353551,439.041370,2.627617,1,-89.216972,58.091774,539.227966,-133.074814,204.954117,0.720855,0.298878,0.243099,0.381738,1,2.545151,1,-23.835112,60.997765,546.416138,-133.828156,214.610291,0.547344,0.292463,0.241645,0.349998,1,2.710083
1644834586736.785,148915203283,11751600753,464.703183,441.887069,2.626396,1,-89.252121,58.029026,539.132629,-133.350922,204.216003,0.720990,0.299062,0.242566,0.384164,1,2.543976,1,-23.958727,60.908562,546.172913,-133.902985,213.905518,0.547694,0.292677,0.241500,0.352314,1,2.708817
1644834586746.784,148915214387,11751611856,465.023274,441.490996,2.623634,1,-89.420341,57.722252,538.702881,-133.508392,204.123917,0.721627,0.299976,0.242262,0.384467,1,2.538162,1,-24.082211,60.801651,545.946838,-133.572815,214.198425,0.548042,0.292958,0.242137,0.351352,1,2.709106
1644834586757.7852,148915225490,11751622959,464.792318,441.931075,2.630615,1,-89.505714,57.557156,538.532532,-133.520767,203.629242,0.721929,0.300491,0.242238,0.386093,1,2.549377,1,-24.184570,60.678120,545.782715,-133.685059,214.469925,0.548329,0.293322,0.241921,0.350459,1,2.711853
1644834586768.784,148915236594,11751634063,466.658092,439.801115,2.622925,1,-89.525253,57.522270,538.498962,-133.041245,204.282776,0.721996,0.300601,0.243164,0.383945,1,2.534821,1,-24.279167,60.518696,545.544678,-133.157822,214.896378,0.548605,0.293783,0.242939,0.349057,1,2.711029
1644834586780.784,148915247697,11751645166,466.192088,442.812395,2.624207,1,-89.611458,57.098930,537.887268,-133.207031,203.738754,0.722498,0.301861,0.242844,0.385733,1,2.536621,1,-24.351046,60.344658,545.246704,-133.243500,213.913589,0.548828,0.294271,0.242773,0.352288,1,2.711792
1644834586790.7869,148915258800,11751656269,467.141290,443.152660,2.621582,1,-89.633339,56.852348,537.530884,-132.877747,203.616364,0.722717,0.302597,0.243479,0.386135,1,2.537033,1,-24.402672,60.137024,544.924438,-133.060608,213.863464,0.549003,0.294869,0.243126,0.352453,1,2.706131
1644834586802.7861,148915269903,11751667372,466.495829,444.109637,2.628815,1,-89.626808,56.805359,537.463013,-132.988510,203.902298,0.722730,0.302737,0.243265,0.385195,1,2.550140,1,-24.428228,59.914871,544.594727,-133.298141,213.092285,0.549110,0.295515,0.242668,0.354987,1,2.707489
1644834586813.784,148915281006,11751678475,459.764328,442.375875,2.626907,1,-89.612755,56.380909,536.946106,-134.504669,204.181488,0.722926,0.304042,0.240338,0.384278,1,2.549835,1,-24.435270,59.667320,544.308167,-135.414185,213.692200,0.549164,0.296267,0.238583,0.353016,1,2.703979
1644834586824.8,148915292109,11751689578,455.212898,444.253331,2.628075,1,-89.592651,56.164982,536.720215,-136.002777,204.206192,0.722975,0.304722,0.237446,0.384196,1,2.550461,1,-24.434162,59.429867,544.065063,-136.371933,212.715500,0.549192,0.297001,0.236734,0.356226,1,2.705688
1644834586835.783,148915303212,11751700681,448.739719,447.655249,2.628922,1,-89.575005,56.088768,536.643982,-136.603714,203.430893,0.722963,0.304963,0.236286,0.386745,1,2.548370,1,-24.391119,59.202297,543.854980,-139.263840,211.765915,0.549106,0.297715,0.231151,0.359347,1,2.709473
1644834586846.803,148915314315,11751711784,447.687392,452.656674,2.628738,1,-89.434753,55.762287,536.246521,-137.439133,202.439194,0.722770,0.305972,0.234674,0.390005,1,2.545670,1,-24.329811,58.980942,543.623474,-138.996231,210.221680,0.548975,0.298399,0.231668,0.364423,1,2.711807
1644834586857.785,148915325419,11751722888,446.995654,453.366816,2.629112,1,-89.355064,55.630520,536.159607,-137.345749,201.748947,0.722598,0.306407,0.234854,0.392273,1,2.544250,1,-24.243948,58.774876,543.525940,-139.462845,210.551834,0.548764,0.299082,0.230767,0.363338,1,2.713974
1644834586868.784,148915336523,11751733991,448.948717,452.659500,2.630310,1,-89.319374,55.583878,536.137878,-137.236206,201.720673,0.722513,0.306565,0.235065,0.392366,1,2.547256,1,-24.152067,58.580509,543.457947,-138.518555,210.938766,0.548533,0.299736,0.232590,0.362066,1,2.713364
1644834586879.7852,148915347626,11751745094,450.372462,450.056416,2.631493,1,-89.140396,55.401543,536.033447,-136.648651,202.136551,0.722086,0.307174,0.236200,0.390999,1,2.550537,1,-24.048725,58.401978,543.388062,-138.337891,211.842758,0.548272,0.300334,0.232938,0.359095,1,2.712448
1644834586890.794,148915358729,11751756197,452.388310,449.224842,2.630554,1,-89.019279,55.313217,535.861328,-135.840134,202.482956,0.721841,0.307425,0.237760,0.389861,1,2.549057,1,-23.932739,58.230488,543.186462,-138.058685,211.918045,0.547993,0.300858,0.233477,0.358847,1,2.712051
1644834586901.785,148915369832,11751767300,454.187465,447.974020,2.622124,1,-89.003601,55.296406,535.822083,-135.559219,202.921097,0.721817,0.307470,0.238303,0.388421,1,2.534836,1,-23.816353,58.079403,543.023743,-137.368790,212.114090,0.547708,0.301327,0.234809,0.358203,1,2.709412
1644834586913.784,148915380935,11751778403,454.038649,452.786922,2.626160,1,-88.763237,55.203033,535.665100,-135.801697,201.397385,0.721247,0.307747,0.237835,0.393429,1,2.542877,1,-23.695709,57.961193,542.928528,-137.206604,211.197449,0.547404,0.301706,0.235122,0.361216,1,2.709442
1644834586923.785,148915392038,11751789506,450.765352,450.607628,2.630051,1,-88.627357,55.152740,535.574829,-136.124420,202.105133,0.720926,0.307894,0.237212,0.391102,1,2.547012,1,-23.559332,57.853088,542.823730,-138.650085,211.594650,0.547060,0.302046,0.232336,0.359910,1,2.713089
1644834586935.7852,148915403141,11751800609,451.488433,451.903403,2.637794,1,-88.596855,55.143909,535.553467,-136.002808,202.025269,0.720855,0.307918,0.237446,0.391365,1,2.564957,1,-23.446751,57.759121,542.695007,-138.381577,211.017532,0.546780,0.302328,0.232854,0.361807,1,2.710632
1644834586948.2678,148915414245,11751811713,452.592559,449.192977,2.636475,1,-88.382538,55.032394,535.317627,-135.485291,202.923523,0.720389,0.308230,0.238445,0.388413,1,2.560532,1,-23.339350,57.650333,542.535156,-138.303299,211.493576,0.546517,0.302650,0.233005,0.360242,1,2.712418
1644834586957.785,148915425348,11751822816,453.946123,452.327639,2.625267,1,-88.246613,54.949722,535.032776,-135.801056,201.940140,0.720153,0.308420,0.237836,0.391645,1,2.548264,1,-23.237946,57.529343,542.208801,-137.257187,210.887573,0.546289,0.302953,0.235025,0.362235,1,2.702271
1644834586968.7869,148915436451,11751833919,453.874011,453.688520,2.623726,1,-88.198219,54.912189,534.921021,-136.368042,201.716141,0.720073,0.308513,0.236741,0.392381,1,2.540802,1,-23.131409,57.397461,541.861877,-136.729080,210.421539,0.546049,0.303287,0.236044,0.363766,1,2.706650
1644834586980.785,148915447554,11751845022,463.617682,452.352852,2.620979,1,-87.927971,54.701511,534.395081,-133.434616,202.029480,0.719586,0.309072,0.242404,0.391351,1,2.537796,1,-23.006861,57.256687,541.528442,-134.404999,210.785400,0.545760,0.303658,0.240531,0.362570,1,2.704163
1644834586990.784,148915458657,11751856125,484.953403,454.043412,2.629822,1,-87.757591,54.588684,534.240356,-127.726357,201.108948,0.719201,0.309419,0.253424,0.394377,1,2.544006,1,-22.850182,57.129959,541.339722,-128.600861,210.848740,0.545371,0.304034,0.251736,0.362362,1,2.715637
1644834587002.786,148915469760,11751867228,501.508398,451.214129,2.632751,1,-87.676743,54.534145,534.110413,-124.582695,201.024078,0.719042,0.309566,0.259493,0.394656,1,2.547226,1,-22.659334,56.962345,540.958069,-122.811745,212.368195,0.544912,0.304483,0.262912,0.357368,1,2.718277
1644834587013.784,148915480863,11751878331,523.242331,453.457350,2.634262,1,-87.303261,54.265865,533.454041,-117.455765,200.252914,0.718335,0.310286,0.273251,0.397191,1,2.550842,1,-22.479542,56.806152,540.517822,-118.211388,212.001953,0.544489,0.304870,0.271793,0.358571,1,2.717682
1644834587023.7852,148915491966,11751889434,529.976149,452.416044,2.636795,1,-87.063118,54.069489,532.848389,-116.239189,200.986679,0.717959,0.310768,0.275600,0.394779,1,2.556503,1,-22.322002,56.611828,539.890747,-115.794502,211.796188,0.544143,0.305323,0.276459,0.359248,1,2.717087
1644834587035.792,148915503070,11751900538,530.040178,454.396248,2.637886,1,-86.993492,54.016613,532.717834,-117.104599,201.235275,0.717831,0.310909,0.273929,0.393962,1,2.561401,1,-22.166208,56.466545,539.516602,-114.894531,210.543533,0.543774,0.305698,0.278196,0.363365,1,2.714371
1644834587046.792,148915514173,11751911641,529.788952,452.802283,2.641548,1,-86.670555,53.814838,532.251160,-117.917007,202.134003,0.717172,0.311464,0.272361,0.391008,1,2.568634,1,-21.996347,56.322598,539.204468,-114.217690,210.453018,0.543361,0.306091,0.279503,0.363663,1,2.714462
1644834587057.781,148915525276,11751922744,530.098000,456.045896,2.634171,1,-86.499336,53.743183,532.236267,-117.967957,201.099518,0.716721,0.311716,0.272263,0.394408,1,2.554932,1,-21.817963,56.227821,539.168945,-114.000023,209.842865,0.542895,0.306414,0.279923,0.365668,1,2.713409
1644834587068.784,148915536379,11751933847,532.085266,455.771774,2.629601,1,-86.432190,53.716473,532.216187,-117.273354,201.077148,0.716550,0.311805,0.273604,0.394482,1,2.550583,1,-21.629412,56.126022,539.093811,-113.622299,210.004211,0.542406,0.306747,0.280652,0.365138,1,2.708618
1644834587079.792,148915547482,11751944950,536.284504,457.737350,2.625526,1,-86.167778,53.614979,532.146667,-114.914841,199.575974,0.715874,0.312146,0.278157,0.399416,1,2.541595,1,-21.436789,56.025322,539.030884,-113.714966,210.508743,0.541905,0.307081,0.280473,0.363480,1,2.709457
1644834587090.7842,148915558585,11751956053,536.068783,454.834503,2.627060,1,-85.976486,53.522541,532.001221,-114.576561,200.720688,0.715425,0.312426,0.278810,0.395653,1,2.551559,1,-21.244553,55.910999,538.866394,-114.169632,210.835922,0.541416,0.307426,0.279595,0.362404,1,2.702560
1644834587101.783,148915569688,11751967156,535.453148,456.135070,2.626831,1,-85.911789,53.489750,531.959961,-114.561508,200.738525,0.715270,0.312529,0.278839,0.395595,1,2.551636,1,-21.068251,55.795662,538.736755,-114.516884,210.158646,0.540965,0.307787,0.278925,0.364630,1,2.702026
1644834587113.796,148915580792,11751978259,533.523502,455.992109,2.631287,1,-85.654633,53.333420,531.805359,-115.174194,201.555206,0.714650,0.313034,0.277656,0.392910,1,2.560760,1,-20.907171,55.668015,538.620239,-114.945366,209.414444,0.540553,0.308196,0.278098,0.367077,1,2.701813
1644834587124.516,148915591896,11751989363,532.659416,457.096946,2.632927,1,-85.488594,53.217426,531.616760,-115.794418,201.295090,0.714287,0.313383,0.276459,0.393765,1,2.559189,1,-20.753750,55.514835,538.414612,-114.791420,209.114334,0.540170,0.308663,0.278395,0.368063,1,2.706665
1644834587135.578,148915602999,11752000466,532.358093,457.881385,2.634720,1,-85.425957,53.167000,531.536987,-115.564224,201.075226,0.714154,0.313535,0.276903,0.394488,1,2.563980,1,-20.603817,55.341705,538.193542,-115.184212,208.936478,0.539797,0.309194,0.277637,0.368648,1,2.705460
1644834587146.512,148915614102,11752011569,533.498411,459.334892,2.629730,1,-85.168221,52.961288,531.194092,-114.893944,199.764969,0.713613,0.314150,0.278197,0.398795,1,2.557999,1,-20.453419,55.151810,537.959839,-115.239174,209.509766,0.539425,0.309781,0.277531,0.366763,1,2.701462
1644834587157.5142,148915625205,11752022672,533.196802,462.157452,2.626358,1,-85.001541,52.835342,531.026245,-115.382721,198.996872,0.713239,0.314542,0.277253,0.401320,1,2.555450,1,-20.302626,54.958561,537.776367,-114.913177,208.846680,0.539046,0.310398,0.278160,0.368943,1,2.697266
1644834587169.513,148915636308,11752033775,535.599918,460.368544,2.626747,1,-84.928032,52.780815,530.937622,-115.638931,199.034470,0.713081,0.314707,0.276759,0.401196,1,2.551041,1,-20.147451,54.749138,537.530579,-113.360268,209.716156,0.538662,0.311050,0.281158,0.366085,1,2.702454
1644834587179.9631,148915647411,11752044878,534.969921,460.896760,2.631508,1,-84.619789,52.564030,530.565430,-115.994652,199.954025,0.712415,0.315353,0.276072,0.398173,1,2.556290,1,-19.961632,54.554867,537.265259,-113.344498,208.528763,0.538198,0.311643,0.281188,0.369988,1,2.706726
1644834587190.9639,148915658514,11752055981,537.610989,460.694969,2.633377,1,-84.413284,52.439983,530.392822,-114.444260,199.793015,0.711935,0.315738,0.279065,0.398703,1,2.557190,1,-19.762770,54.368191,537.072510,-113.469818,208.792068,0.537692,0.312236,0.280946,0.369122,1,2.709564
1644834587201.966,148915669617,11752067084,538.553581,462.789345,2.631294,1,-84.329033,52.399143,530.324646,-114.188049,199.773987,0.711739,0.315862,0.279560,0.398765,1,2.554321,1,-19.557745,54.198032,536.871887,-113.217400,207.749161,0.537169,0.312768,0.281434,0.372551,1,2.708267
1644834587212.9631,148915680721,11752078188,538.673258,463.823944,2.628876,1,-83.991821,52.271366,530.109985,-114.825752,199.119751,0.710925,0.316247,0.278329,0.400916,1,2.552139,1,-19.348736,54.036476,536.706299,-112.515121,207.878830,0.536633,0.313282,0.282789,0.372124,1,2.705612
1644834587223.9639,148915691824,11752089291,538.069353,463.098353,2.627342,1,-83.761101,52.190483,529.935913,-115.921791,200.312790,0.710380,0.316479,0.276213,0.396994,1,2.549576,1,-19.138437,53.895634,536.506470,-111.744965,207.053696,0.536095,0.313712,0.284276,0.374837,1,2.705109
1644834587235.964,148915702928,11752100394,535.550795,460.657865,2.629959,1,-83.675072,52.172112,529.891907,-116.230354,200.145142,0.710167,0.316530,0.275617,0.397545,1,2.555725,1,-18.911308,53.761147,536.373291,-112.795380,208.458755,0.535506,0.314143,0.282248,0.370218,1,2.704193
1644834587246.9648,148915714031,11752111497,535.420303,458.263940,2.626915,1,-83.343559,52.108131,529.760559,-115.777733,200.593643,0.709332,0.316717,0.276491,0.396071,1,2.551834,1,-18.688683,53.633892,536.259155,-113.318405,209.224075,0.534928,0.314556,0.281239,0.367702,1,2.701996
1644834587257.962,148915725134,11752122600,550.026026,458.432007,2.623665,1,-83.131981,52.083263,529.693604,-111.413521,200.336823,0.708791,0.316786,0.284916,0.396915,1,2.545456,1,-18.452593,53.516312,536.162109,-109.801605,209.395706,0.534311,0.314941,0.288028,0.367138,1,2.701874
1644834587268.9631,148915736237,11752133703,562.632694,459.913480,2.619194,1,-83.026390,52.064346,529.651611,-109.189377,200.277161,0.708525,0.316840,0.289210,0.397111,1,2.536346,1,-18.208191,53.396503,536.029846,-105.223419,208.704208,0.533676,0.315321,0.296866,0.369411,1,2.702042
1644834587279.966,148915747340,11752144806,583.647308,460.962117,2.619148,1,-82.637817,51.979664,529.404907,-102.659164,200.568634,0.707584,0.317062,0.301816,0.396153,1,2.538483,1,-17.981346,53.271259,535.841553,-100.414513,207.881012,0.533091,0.315701,0.306150,0.372117,1,2.699814
1644834587290.963,148915758443,11752155909,586.806021,461.874104,2.629555,1,-82.429420,51.907024,529.199829,-101.522888,200.023224,0.707110,0.317253,0.304010,0.397946,1,2.560013,1,-17.778162,53.124279,535.590088,-99.846375,207.964050,0.532575,0.316136,0.307246,0.371844,1,2.699097
1644834587301.9631,148915769547,11752167013,586.233730,462.147510,2.631737,1,-82.355858,51.879597,529.184631,-101.885994,199.941238,0.706919,0.317347,0.303309,0.398215,1,2.564423,1,-17.607914,52.990192,535.525146,-99.792046,207.907364,0.532130,0.316590,0.307351,0.372031,1,2.699051
1644834587313.535,148915780650,11752178116,586.180115,464.928389,2.636536,1,-82.112152,51.779728,529.196594,-101.283440,198.584259,0.706259,0.317713,0.304472,0.402676,1,2.565613,1,-17.431278,52.863007,535.505859,-100.423523,207.854309,0.531663,0.317036,0.306132,0.372205,1,2.707458
1644834587324.061,148915791753,11752189219,583.854561,461.938423,2.633278,1,-81.978142,51.713238,529.276794,-101.590752,199.465103,0.705865,0.317982,0.303879,0.399781,1,2.555283,1,-17.257759,52.732872,535.565796,-101.371056,208.489548,0.531199,0.317520,0.304303,0.370117,1,2.711273
1644834587335.0771,148915802856,11752200322,584.609127,463.020337,2.637856,1,-81.902664,51.673908,529.264893,-100.705559,199.888000,0.705667,0.318120,0.305588,0.398390,1,2.557663,1,-17.078621,52.607857,535.510803,-101.849060,207.518036,0.530729,0.317946,0.303380,0.373310,1,2.718048
1644834587347.061,148915813959,11752211425,580.336046,461.018068,2.641685,1,-81.641411,51.538231,529.216370,-102.503571,201.091095,0.704986,0.318593,0.302117,0.394436,1,2.565094,1,-16.905689,52.475082,535.452820,-102.356750,207.330170,0.530275,0.318399,0.302400,0.373928,1,2.718277
1644834587357.0781,148915825062,11752222528,583.095102,464.164692,2.643578,1,-81.497459,51.474258,529.175659,-102.066978,199.953659,0.704616,0.318810,0.302960,0.398175,1,2.566254,1,-16.745506,52.361069,535.383484,-101.304626,206.872162,0.529856,0.318781,0.304431,0.375433,1,2.720901
1644834587369.0579,148915836166,11752233631,584.176712,462.976867,2.645294,1,-81.429604,51.443920,529.197083,-102.510841,199.588577,0.704425,0.318927,0.302103,0.399375,1,2.567123,1,-16.594728,52.255737,535.402039,-100.277153,207.839523,0.529455,0.319162,0.306415,0.372253,1,2.723465
1644834587380.0608,148915847269,11752244734,585.614977,460.504460,2.644272,1,-81.219566,51.349426,529.286926,-101.797432,200.757599,0.703823,0.319301,0.303480,0.395532,1,2.565201,1,-16.440121,52.162285,535.434692,-100.214500,207.924118,0.529043,0.319507,0.306536,0.371975,1,2.723343
1644834587391.0588,148915858373,11752255838,583.869810,458.252960,2.647110,1,-81.112770,51.293446,529.409058,-102.603188,201.783340,0.703486,0.319545,0.301924,0.392160,1,2.574875,1,-16.296574,52.080311,535.542969,-100.350372,208.039963,0.528653,0.319837,0.306273,0.371595,1,2.719345
1644834587402.062,148915869476,11752266941,583.169260,459.389234,2.643570,1,-81.067612,51.275040,529.482239,-102.909180,201.842560,0.703335,0.319638,0.301334,0.391966,1,2.573624,1,-16.162390,52.012730,535.682434,-100.422401,207.404602,0.528287,0.320126,0.306134,0.373683,1,2.713516
1644834587413.059,148915880579,11752278044,588.316240,460.860980,2.651543,1,-80.938896,51.224834,529.760620,-101.224983,200.906342,0.702875,0.319917,0.304585,0.395043,1,2.586182,1,-16.044540,51.946072,535.843018,-99.329361,207.594604,0.527962,0.320419,0.308244,0.373059,1,2.716904
1644834587424.06,148915891682,11752289147,588.544464,459.367579,2.654510,1,-80.845596,51.187500,529.868713,-100.567375,200.951569,0.702580,0.320089,0.305854,0.394894,1,2.586868,1,-15.916265,51.870476,535.939758,-99.863823,208.306564,0.527614,0.320721,0.307213,0.370718,1,2.722153
1644834587435.06,148915902785,11752300250,586.512594,456.275171,2.663635,1,-80.790787,51.164085,529.851807,-100.898125,201.641861,0.702440,0.320168,0.305216,0.392625,1,2.598694,1,-15.787228,51.778667,535.888367,-100.629440,209.184250,0.527277,0.321030,0.305735,0.367833,1,2.728577
1644834587447.0588,148915913888,11752311353,584.888334,454.995936,2.664810,1,-80.606102,51.086918,529.729797,-101.007507,202.333328,0.701994,0.320405,0.305005,0.390352,1,2.597214,1,-15.660151,51.688461,535.793030,-101.396484,209.141418,0.526947,0.321319,0.304254,0.367974,1,2.732407
1644834587457.061,148915924991,11752322456,586.860094,454.065961,2.662193,1,-80.487206,51.038261,529.586548,-100.991783,202.983566,0.701733,0.320531,0.305035,0.388215,1,2.590225,1,-15.550414,51.590752,535.627319,-100.348312,208.962738,0.526670,0.321609,0.306277,0.368561,1,2.734161
1644834587469.06,148915936094,11752333559,589.821138,454.389524,2.659775,1,-80.431030,51.016315,529.541504,-99.780174,202.359879,0.701601,0.320595,0.307374,0.390265,1,2.585785,1,-15.437531,51.487625,535.516968,-99.962143,209.422333,0.526379,0.321938,0.307023,0.367051,1,2.733765
1644834587480.061,148915947198,11752344663,591.979523,453.986049,2.657951,1,-80.250511,50.943062,529.380920,-100.121269,201.875427,0.701181,0.320804,0.306716,0.391858,1,2.586441,1,-15.334934,51.387833,535.397217,-98.456406,210.111374,0.526116,0.322252,0.309930,0.364786,1,2.729462
1644834587490.061,148915958301,11752355766,589.599066,456.185246,2.658379,1,-80.151062,50.903290,529.350769,-100.545303,201.435699,0.700926,0.320938,0.305897,0.393303,1,2.588181,1,-15.213470,51.299156,535.349731,-99.316864,209.436050,0.525798,0.322552,0.308269,0.367006,1,2.728577
1644834587502.06,148915969405,11752366869,588.067074,455.497777,2.654976,1,-80.096008,50.874374,529.296265,-101.564926,202.217972,0.700801,0.321023,0.303929,0.390732,1,2.583008,1,-15.102554,51.198685,535.220703,-99.123886,209.002335,0.525514,0.322866,0.308641,0.368431,1,2.726944
1644834587513.0579,148915980508,11752377972,584.754181,454.181045,2.657349,1,-79.904564,50.764301,529.095398,-102.349190,203.060486,0.700368,0.321351,0.302415,0.387962,1,2.588562,1,-14.979304,51.092091,535.073242,-100.127174,208.827454,0.525198,0.323195,0.306704,0.369006,1,2.726135
1644834587524.06,148915991611,11752389075,583.050871,452.772760,2.659126,1,-79.786720,50.691219,528.921875,-102.714249,203.480042,0.700122,0.321555,0.301710,0.386583,1,2.589279,1,-14.860859,50.977764,534.871155,-100.681221,209.121964,0.524899,0.323534,0.305635,0.368038,1,2.728973
1644834587535.0598,148916002714,11752400178,584.850998,455.251586,2.660385,1,-79.729454,50.659653,528.855225,-102.120071,202.647797,0.699995,0.321646,0.302857,0.389319,1,2.590073,1,-14.748590,50.874702,534.717041,-100.304047,208.697311,0.524613,0.323849,0.306363,0.369434,1,2.730698
1644834587547.06,148916013817,11752411281,584.472399,456.474924,2.656944,1,-79.560806,50.567703,528.698364,-101.603516,201.841232,0.699605,0.321924,0.303854,0.391970,1,2.580994,1,-14.629875,50.775684,534.599487,-101.024918,208.883621,0.524306,0.324162,0.304971,0.368822,1,2.732895
1644834587557.06,148916024920,11752422384,587.079649,456.067514,2.655083,1,-79.459358,50.517090,528.633423,-100.941093,202.102570,0.699359,0.322085,0.305133,0.391111,1,2.579575,1,-14.525538,50.686756,534.515564,-100.280525,208.828873,0.524035,0.324450,0.306408,0.369001,1,2.730591
1644834587569.0588,148916036024,11752433488,584.539204,455.635178,2.655655,1,-79.410454,50.493095,528.618835,-101.457550,202.394424,0.699233,0.322167,0.304136,0.390152,1,2.576324,1,-14.406635,50.611004,534.468872,-101.134819,208.756210,0.523723,0.324705,0.304759,0.369240,1,2.734985
1644834587580.06,148916047127,11752444591,585.811844,455.191433,2.656898,1,-79.246750,50.429550,528.592163,-102.308014,202.788376,0.698803,0.322388,0.302494,0.388857,1,2.579483,1,-14.305860,50.538876,534.434509,-99.597672,208.587250,0.523458,0.324951,0.307727,0.369796,1,2.734314
1644834587590.06,148916058230,11752455694,589.084826,456.408638,2.661743,1,-79.163315,50.411377,528.621887,-101.443748,202.030823,0.698567,0.322465,0.304163,0.391347,1,2.582703,1,-14.208252,50.488022,534.451172,-98.695877,208.727585,0.523197,0.325138,0.309467,0.369334,1,2.740784
1644834587602.0588,148916069333,11752466797,589.390812,456.447816,2.661110,1,-79.126526,50.406479,528.664001,-101.638954,202.201630,0.698451,0.322497,0.303786,0.390785,1,2.585068,1,-14.113126,50.447838,534.522827,-98.335564,208.536926,0.522939,0.325306,0.310163,0.369961,1,2.737152
1644834587613.059,148916080436,11752477900,592.809734,457.340974,2.660843,1,-79.025146,50.406193,528.769653,-99.881615,202.016312,0.698135,0.322536,0.307178,0.391394,1,2.584656,1,-14.016149,50.411121,534.579773,-98.248116,208.269379,0.522678,0.325457,0.310332,0.370841,1,2.737030
1644834587624.0671,148916091539,11752489003,591.208935,457.037169,2.663963,1,-78.953682,50.394882,528.855591,-100.405212,202.685165,0.697908,0.322607,0.306168,0.389196,1,2.590118,1,-13.916577,50.371986,534.655945,-98.588303,207.754623,0.522408,0.325623,0.309675,0.372533,1,2.737808
1644834587635.057,148916102643,11752500106,592.526064,458.071411,2.666985,1,-78.909561,50.388538,528.861389,-100.086349,202.533768,0.697787,0.322633,0.306783,0.389694,1,2.589722,1,-13.820469,50.323547,534.653687,-98.196457,207.381577,0.522153,0.325795,0.310432,0.373759,1,2.744247
1644834587646.057,148916113746,11752511209,592.281675,455.807734,2.669548,1,-78.760056,50.347584,528.839722,-100.510918,203.218933,0.697393,0.322774,0.305963,0.387442,1,2.586731,1,-13.722662,50.265186,534.624634,-97.903748,207.844208,0.521895,0.325994,0.310997,0.372238,1,2.752365
1644834587657.0671,148916124850,11752522313,590.182028,457.759631,2.666939,1,-78.658348,50.327515,528.776367,-100.932938,202.645493,0.697145,0.322826,0.305149,0.389326,1,2.581299,1,-13.606760,50.204021,534.544128,-98.614670,207.427933,0.521593,0.326185,0.309624,0.373606,1,2.752579
1644834587669.059,148916135953,11752533416,591.756163,455.849272,2.665245,1,-78.600952,50.311485,528.715088,-100.568787,202.430496,0.697015,0.322864,0.305852,0.390033,1,2.581894,1,-13.496597,50.121815,534.405090,-98.129448,208.611588,0.521309,0.326432,0.310561,0.369716,1,2.748596
1644834587680.068,148916147056,11752544519,591.702118,459.324342,2.661522,1,-78.424812,50.266827,528.528015,-100.084770,201.270325,0.696615,0.322962,0.306786,0.393847,1,2.580338,1,-13.378387,50.052433,534.267761,-98.642632,208.009766,0.521004,0.326635,0.309570,0.371694,1,2.742706
1644834587691.0579,148916158159,11752555622,592.798920,458.216071,2.661850,1,-78.302261,50.228420,528.356140,-99.976112,201.010712,0.696354,0.323043,0.306996,0.394700,1,2.582748,1,-13.265537,49.961987,534.072327,-98.159454,208.831299,0.520718,0.326892,0.310503,0.368994,1,2.740952
1644834587702.037,148916169262,11752566725,591.345463,458.922046,2.663605,1,-78.239723,50.207008,528.275269,-100.330582,201.147522,0.696218,0.323093,0.306312,0.394250,1,2.584900,1,-13.149208,49.884533,533.892029,-98.589294,208.336578,0.520420,0.327109,0.309673,0.370620,1,2.742310
1644834587713.1392,148916180365,11752577828,588.444986,458.787256,2.663155,1,-78.046326,50.144020,528.045532,-100.649109,201.501266,0.695788,0.323243,0.305697,0.393088,1,2.588120,1,-13.028463,49.804462,533.725159,-99.835785,208.051132,0.520110,0.327340,0.307267,0.371558,1,2.738190
1644834587723.9639,148916191468,11752588931,590.042496,458.715230,2.660263,1,-77.933121,50.110538,527.933167,-100.027359,201.791443,0.695528,0.323327,0.306897,0.392134,1,2.582230,1,-12.917489,49.736134,533.591125,-99.595543,207.797424,0.519823,0.327540,0.307731,0.372392,1,2.738297
1644834587734.967,148916202571,11752600034,588.863096,457.417256,2.657120,1,-77.878685,50.101498,527.903198,-100.222694,202.050751,0.695393,0.323350,0.306520,0.391281,1,2.577637,1,-12.800215,49.681473,533.515015,-100.036591,208.196274,0.519516,0.327710,0.306879,0.371081,1,2.736603
1644834587839.094,148916213675,11752611138,589.833841,455.092281,2.657593,1,-77.703728,50.081318,527.839539,-101.229202,202.551636,0.694946,0.323403,0.304577,0.389635,1,2.580460,1,-12.699536,49.631290,533.455811,-98.506264,208.874252,0.519252,0.327870,0.309833,0.368852,1,2.734726
1644834587840.099,148916224778,11752622241,590.792713,456.575203,2.656975,1,-77.593300,50.082283,527.838684,-101.195007,202.641388,0.694648,0.323401,0.304643,0.389340,1,2.582321,1,-12.566962,49.603157,533.437012,-98.023079,208.032623,0.518899,0.327966,0.310766,0.371619,1,2.731628
1644834587841.096,148916235882,11752633344,605.845928,459.760612,2.655243,1,-77.506104,50.079327,527.770752,-98.152565,202.221878,0.694440,0.323389,0.310516,0.390719,1,2.581696,1,-12.415762,49.569332,533.282654,-92.943047,206.837006,0.518506,0.328038,0.320573,0.375549,1,2.728790
1644834587842.0989,148916246985,11752644447,633.259792,462.155807,2.660927,1,-77.203201,50.070705,527.406372,-88.720428,201.507675,0.693766,0.323300,0.328725,0.393066,1,2.588745,1,-12.221592,49.530270,533.022156,-87.583145,206.336746,0.518004,0.328093,0.330921,0.377193,1,2.733109
1644834587842.0989,148916258088,11752655550,650.899858,461.402482,2.660347,1,-77.027351,50.075024,527.241577,-83.764175,200.959457,0.693356,0.323230,0.338293,0.394868,1,2.592392,1,-12.042808,49.493813,532.819885,-83.021088,207.266907,0.517539,0.328159,0.339728,0.374136,1,2.728302
1644834587843.106,148916269191,11752666653,653.847342,458.667094,2.662315,1,-76.957062,50.086998,527.265625,-83.947975,201.061218,0.693156,0.323196,0.337938,0.394534,1,2.591873,1,-11.893099,49.466175,532.845215,-81.246918,208.552094,0.517138,0.328268,0.343153,0.369911,1,2.732758
1644834587845.0962,148916280294,11752677756,654.915848,457.347268,2.658813,1,-76.807022,50.137974,527.571716,-83.128433,201.695831,0.692630,0.323121,0.339520,0.392448,1,2.583221,1,-11.762960,49.458740,533.025085,-81.489891,208.586685,0.516780,0.328355,0.342684,0.369797,1,2.734406
1644834587845.0962,148916291397,11752688859,656.950378,457.603061,2.658691,1,-76.701683,50.147312,527.637817,-83.032791,202.027634,0.692319,0.323111,0.339705,0.391357,1,2.579117,1,-11.636718,49.423695,533.079651,-80.487755,208.125198,0.516441,0.328500,0.344618,0.371314,1,2.738266
1644834587846.121,148916302501,11752699963,655.634251,459.915894,2.660110,1,-76.626396,50.140129,527.607666,-83.065979,202.082352,0.692128,0.323128,0.339641,0.391177,1,2.586319,1,-11.491698,49.378170,533.001587,-81.164726,206.897766,0.516058,0.328638,0.343311,0.375349,1,2.733902
1644834587847.096,148916313604,11752711066,653.786201,459.947008,2.658630,1,-76.370377,50.100914,527.425659,-83.653015,202.350677,0.691508,0.323210,0.338508,0.390295,1,2.586914,1,-11.339304,49.306263,532.863647,-81.574852,206.613663,0.515660,0.328851,0.342520,0.376283,1,2.730347
1644834587857.094,148916324707,11752722169,650.066586,458.491355,2.659409,1,-76.234146,50.079884,527.417725,-84.613808,203.138824,0.691143,0.323285,0.336653,0.387705,1,2.587143,1,-11.171632,49.243019,532.833008,-82.621109,206.563614,0.515215,0.329068,0.340500,0.376447,1,2.731674
1644834587868.0962,148916335810,11752733272,650.638046,456.560576,2.658592,1,-76.152260,50.071159,527.418274,-83.689445,203.172653,0.690922,0.323318,0.338437,0.387594,1,2.582199,1,-11.000082,49.177319,532.812317,-83.237083,207.508743,0.514758,0.329298,0.339311,0.373341,1,2.734985
1644834587880.093,148916346913,11752744375,654.857082,456.904685,2.660622,1,-75.923180,50.049084,527.423035,-82.909271,202.779892,0.690302,0.323402,0.339943,0.388885,1,2.589203,1,-10.843457,49.122303,532.793091,-81.740738,207.727051,0.514342,0.329489,0.342199,0.372623,1,2.732040
1644834587891.094,148916358016,11752755478,658.211918,457.551581,2.659271,1,-75.778435,50.034706,527.338501,-81.569221,201.859848,0.689944,0.323427,0.342530,0.391909,1,2.590775,1,-10.686811,49.063271,532.676880,-81.270569,208.319077,0.513930,0.329664,0.343107,0.370677,1,2.727768
1644834587902.093,148916369120,11752766581,659.632788,456.601954,2.659187,1,-75.696846,50.024666,527.284302,-81.749092,202.109299,0.689744,0.323446,0.342183,0.391089,1,2.589706,1,-10.541806,49.004280,532.550720,-80.324028,208.551086,0.513550,0.329834,0.344934,0.369915,1,2.728668
1644834587913.093,148916380223,11752777684,659.839039,457.119352,2.659821,1,-75.466179,49.997307,527.090149,-81.691101,201.833130,0.689196,0.323481,0.342295,0.391997,1,2.587082,1,-10.405527,48.952484,532.405151,-80.270714,208.564941,0.513194,0.329973,0.345037,0.369869,1,2.732559
1644834587924.093,148916391327,11752788788,657.257767,458.952373,2.661301,1,-75.335640,49.981861,526.921814,-82.457077,201.522232,0.688908,0.323481,0.340816,0.393019,1,2.586563,1,-10.274489,48.906635,532.198669,-80.897568,207.946472,0.512855,0.330071,0.343827,0.371902,1,2.736038
1644834587935.0942,148916402430,11752799891,657.799559,461.598212,2.662010,1,-75.266624,49.975819,526.811218,-82.762978,201.472763,0.688764,0.323466,0.340226,0.393181,1,2.588440,1,-10.163308,48.872757,531.972107,-80.299324,206.654343,0.512569,0.330119,0.344982,0.376149,1,2.735580
1644834587946.094,148916413533,11752810994,654.744558,461.259824,2.662575,1,-75.067116,49.959366,526.494568,-84.018768,201.634460,0.688347,0.323419,0.337802,0.392650,1,2.587158,1,-10.054659,48.832726,531.751160,-80.692001,206.664261,0.512290,0.330191,0.344224,0.376117,1,2.737991
1644834587957.093,148916424636,11752822097,655.351524,458.945507,2.662804,1,-74.954918,49.944618,526.297852,-84.248810,202.718262,0.688119,0.323406,0.337357,0.389087,1,2.586075,1,-9.953087,48.798119,531.514893,-80.134415,206.753891,0.512030,0.330238,0.345300,0.375822,1,2.739532
1644834587968.095,148916435739,11752833200,655.885677,459.110051,2.665443,1,-74.884972,49.930225,526.162537,-83.924332,202.206894,0.687982,0.323413,0.337984,0.390768,1,2.587112,1,-9.849085,48.746994,531.247498,-80.170670,207.181824,0.511765,0.330334,0.345230,0.374415,1,2.743774
1644834587980.094,148916446842,11752844303,658.359232,462.659776,2.665100,1,-74.690643,49.881683,525.793823,-81.850555,201.787460,0.687598,0.323464,0.341987,0.392147,1,2.582458,1,-9.731011,48.703907,530.991699,-80.909744,205.801392,0.511462,0.330406,0.343804,0.378953,1,2.747742
1644834587990.095,148916457945,11752855406,660.044403,464.923024,2.664238,1,-74.574425,49.853565,525.632812,-81.054817,201.039108,0.687345,0.323511,0.343524,0.394607,1,2.578156,1,-9.617908,48.644608,530.799805,-80.796211,205.402176,0.511168,0.330557,0.344023,0.380265,1,2.750320
1644834588002.094,148916469047,11752866509,659.195137,464.080220,2.663475,1,-74.503616,49.834625,525.544800,-81.141594,201.220993,0.687187,0.323550,0.343356,0.394009,1,2.580276,1,-9.492961,48.577103,530.615723,-81.167664,205.647614,0.510843,0.330739,0.343306,0.379458,1,2.746674
1644834588013.093,148916480151,11752877613,658.457479,461.317420,2.662590,1,-74.278763,49.780529,525.278870,-82.632545,201.534210,0.686679,0.323658,0.340478,0.392979,1,2.582855,1,-9.373654,48.496284,530.426208,-80.074745,206.735275,0.510533,0.330968,0.345416,0.375883,1,2.742325
1644834588024.093,148916491255,11752888716,663.513107,461.705357,2.668480,1,-74.135757,49.747860,525.153931,-81.665352,201.459274,0.686340,0.323735,0.342345,0.393226,1,2.594315,1,-9.225481,48.421101,530.272217,-78.314034,206.613525,0.510143,0.331188,0.348815,0.376283,1,2.742645
1644834588035.093,148916502358,11752899819,677.359486,463.416588,2.667694,1,-74.031174,49.731922,525.033875,-78.927032,201.512405,0.686102,0.323752,0.347631,0.393051,1,2.589615,1,-9.038623,48.345325,530.022522,-73.581055,205.692734,0.509654,0.331381,0.357952,0.379310,1,2.745773
1644834588046.093,148916513461,11752910922,703.898592,465.904051,2.666794,1,-73.660278,49.673325,524.534973,-69.981087,201.154510,0.685286,0.323798,0.364901,0.394227,1,2.585739,1,-8.824704,48.258427,529.676880,-68.206970,204.789398,0.509095,0.331582,0.368326,0.382279,1,2.747849
1644834588057.094,148916524564,11752922025,718.768387,464.493871,2.659813,1,-73.468056,49.650978,524.322998,-65.945763,201.916733,0.684844,0.323809,0.372692,0.391722,1,2.579803,1,-8.632885,48.182117,529.412659,-64.218803,204.742142,0.508592,0.331772,0.376025,0.382435,1,2.739822
1644834588068.092,148916535667,11752933128,722.102308,463.921255,2.661713,1,-73.398216,49.655907,524.362366,-65.097466,201.618393,0.684640,0.323806,0.374329,0.392703,1,2.584061,1,-8.480882,48.138515,529.475464,-63.268181,205.330872,0.508182,0.331951,0.377861,0.380500,1,2.739365
1644834588080.094,148916546770,11752944231,724.351101,461.902660,2.661545,1,-73.241341,49.703312,524.764038,-64.203506,201.809845,0.684061,0.323775,0.376055,0.392073,1,2.589706,1,-8.352896,48.124359,529.709106,-62.948723,206.162918,0.507828,0.332079,0.378477,0.377765,1,2.733383
1644834588090.094,148916557873,11752955334,726.700573,462.328237,2.670280,1,-73.140572,49.725441,524.890747,-63.498539,201.287766,0.683739,0.323740,0.377416,0.393789,1,2.598038,1,-8.218148,48.102406,529.830322,-62.385948,206.469208,0.507461,0.332199,0.379564,0.376758,1,2.742523
1644834588102.095,148916568977,11752966438,727.214527,463.214225,2.673927,1,-73.066872,49.725159,524.857910,-63.379082,200.679398,0.683552,0.323731,0.377647,0.395789,1,2.602371,1,-8.081256,48.065823,529.747925,-62.228058,206.628342,0.507098,0.332305,0.379869,0.376235,1,2.745483
1644834588113.093,148916580080,11752977541,727.709112,464.342630,2.682480,1,-72.837120,49.708961,524.679321,-63.064240,201.320465,0.682995,0.323731,0.378254,0.393682,1,2.609238,1,-7.941497,48.031338,529.612061,-62.276016,205.415131,0.506728,0.332387,0.379776,0.380223,1,2.755722
1644834588124.093,148916591183,11752988644,725.001440,465.423077,2.685768,1,-72.710175,49.692265,524.578186,-63.768734,201.364029,0.682689,0.323759,0.376894,0.393539,1,2.619217,1,-7.800691,47.988789,529.475159,-63.032532,204.823730,0.506355,0.332497,0.378316,0.382167,1,2.752319
1644834588135.094,148916602286,11752999747,726.709757,465.876389,2.685875,1,-72.634239,49.680172,524.512390,-63.113644,201.878448,0.682507,0.323781,0.378159,0.391848,1,2.615875,1,-7.669950,47.943703,529.333618,-62.765869,204.079453,0.506010,0.332614,0.378830,0.384613,1,2.755875
1644834588146.094,148916613389,11753010850,723.506069,467.297870,2.684303,1,-72.404205,49.627693,524.346680,-64.510658,200.662872,0.681945,0.323917,0.375462,0.395843,1,2.613312,1,-7.536039,47.886253,529.208130,-63.097507,204.574249,0.505655,0.332781,0.378190,0.382987,1,2.755295
1644834588157.093,148916624493,11753021953,725.845814,468.867677,2.681725,1,-72.291763,49.601875,524.246887,-63.868504,199.778046,0.681677,0.323978,0.376702,0.398752,1,2.601044,1,-7.422650,47.822701,529.077332,-62.477165,204.663132,0.505356,0.332968,0.379388,0.382694,1,2.762405
1644834588168.563,148916635596,11753033056,723.867588,467.620111,2.682167,1,-72.234718,49.585121,524.252808,-64.316284,199.936096,0.681520,0.324041,0.375837,0.398232,1,2.598999,1,-7.303392,47.766151,529.072998,-63.096813,205.137650,0.505036,0.333171,0.378192,0.381135,1,2.765335
1644834588179.568,148916646699,11753044159,727.215643,469.112080,2.686501,1,-72.098190,49.548088,524.342773,-62.718163,199.696060,0.681116,0.324208,0.378922,0.399021,1,2.606537,1,-7.199551,47.722103,529.115051,-62.888390,204.621185,0.504756,0.333344,0.378594,0.382832,1,2.766464
1644834588190.5688,148916657803,11753055263,724.992342,467.067558,2.687050,1,-72.023361,49.525555,524.460022,-63.271275,200.565506,0.680869,0.324331,0.377855,0.396163,1,2.610138,1,-7.093773,47.683281,529.230347,-63.534931,204.788437,0.504468,0.333522,0.377346,0.382283,1,2.763962
1644834588201.569,148916668906,11753066366,725.653067,468.107450,2.685028,1,-71.975960,49.514599,524.477173,-63.313610,200.525070,0.680734,0.324378,0.377773,0.396296,1,2.609207,1,-7.000547,47.643272,529.250427,-63.136074,204.301590,0.504217,0.333673,0.378116,0.383883,1,2.760849
1644834588213.562,148916680009,11753077469,723.871107,465.653712,2.684097,1,-71.832535,49.488739,524.454102,-63.945133,201.506592,0.680354,0.324465,0.376554,0.393070,1,2.610031,1,-6.906805,47.597412,529.223389,-63.466064,204.564224,0.503966,0.333830,0.377479,0.383020,1,2.758163
1644834588223.564,148916691112,11753088572,726.689014,467.851299,2.682487,1,-71.748878,49.477161,524.360168,-64.043915,200.741150,0.680161,0.324476,0.376363,0.395586,1,2.604584,1,-6.830815,47.551842,529.106323,-61.846779,204.215393,0.503766,0.333957,0.380605,0.384166,1,2.760391
1644834588234.567,148916702215,11753099675,726.878242,467.452097,2.687035,1,-71.698914,49.472797,524.324341,-63.878487,200.679672,0.680039,0.324480,0.376682,0.395788,1,2.612610,1,-6.751045,47.509418,529.028687,-61.910114,204.479279,0.503555,0.334085,0.380482,0.383299,1,2.761459
1644834588246.5789,148916713318,11753110778,726.856842,466.514468,2.684364,1,-71.561165,49.463703,524.243469,-63.612656,200.398926,0.679695,0.324488,0.377196,0.396711,1,2.605408,1,-6.665709,47.466618,528.964417,-62.187492,205.235443,0.503328,0.334219,0.379947,0.380813,1,2.763321
1644834588257.561,148916724421,11753121881,727.055769,464.520532,2.681351,1,-71.499947,49.470898,524.300720,-62.828449,200.720200,0.679507,0.324482,0.378710,0.395655,1,2.603302,1,-6.578773,47.446182,529.017456,-62.864353,205.925186,0.503092,0.334310,0.378640,0.378546,1,2.759399
1644834588268.2532,148916735524,11753132984,726.116838,464.176530,2.678703,1,-71.461250,49.478542,524.346680,-63.309311,200.799454,0.679385,0.324471,0.377781,0.395394,1,2.600525,1,-6.492382,47.433266,529.090576,-62.890133,206.020325,0.502858,0.334381,0.378590,0.378233,1,2.756882
1644834588279.5032,148916746629,11753144088,728.084621,467.158556,2.676956,1,-71.350937,49.510674,524.477478,-62.916531,200.238541,0.679036,0.324401,0.378539,0.397238,1,2.596527,1,-6.413438,47.430019,529.160645,-62.221115,205.069229,0.502643,0.334417,0.379882,0.381360,1,2.757385
1644834588290.489,148916757732,11753155191,726.454840,467.646164,2.681549,1,-71.279106,49.527031,524.540771,-63.303032,200.791931,0.678818,0.324365,0.377793,0.395419,1,2.603256,1,-6.320374,47.424198,529.218201,-62.714054,204.268600,0.502392,0.334457,0.378930,0.383991,1,2.759842
1644834588301.23,148916768835,11753166294,727.674866,466.609293,2.684540,1,-71.231651,49.533062,524.533142,-62.605118,200.773758,0.678692,0.324341,0.379141,0.395479,1,2.606781,1,-6.227593,47.401405,529.189270,-62.753658,204.812576,0.502143,0.334531,0.378854,0.382203,1,2.762299
1644834588312.839,148916779938,11753177397,728.700371,466.028631,2.685188,1,-71.081291,49.535278,524.456848,-62.158302,201.180435,0.678311,0.324309,0.380003,0.394142,1,2.611115,1,-6.134423,47.380871,529.126770,-62.647114,204.700287,0.501895,0.334586,0.379060,0.382572,1,2.759262
1644834588323.601,148916791041,11753188500,729.444723,467.146879,2.679108,1,-70.986328,49.526188,524.338684,-61.818443,200.826874,0.678097,0.324303,0.380659,0.395304,1,2.606949,1,-6.045984,47.342819,528.980713,-62.585346,204.486816,0.501662,0.334677,0.379179,0.383274,1,2.751266
1644834588334.5999,148916802144,11753199603,730.604553,468.520904,2.677818,1,-70.935120,49.517944,524.276550,-61.643551,200.816422,0.677981,0.324312,0.380997,0.395339,1,2.604691,1,-5.965473,47.305405,528.848999,-62.134377,203.800568,0.501450,0.334770,0.380049,0.385530,1,2.750946
1644834588346.599,148916813247,11753210706,729.462719,470.422214,2.676346,1,-70.785538,49.498398,524.117310,-62.020786,199.678192,0.677633,0.324330,0.380269,0.399080,1,2.599350,1,-5.886429,47.254055,528.735596,-62.373249,203.974747,0.501241,0.334919,0.379588,0.384957,1,2.753342
1644834588356.599,148916824350,11753221809,729.220505,468.972534,2.677666,1,-70.699112,49.476818,524.018066,-62.401245,199.732773,0.677434,0.324376,0.379534,0.398901,1,2.597839,1,-5.804173,47.195629,528.610535,-62.123508,204.655258,0.501024,0.335089,0.380070,0.382720,1,2.757492
1644834588368.5999,148916835454,11753232913,729.679871,471.234888,2.675674,1,-70.643082,49.462017,523.936462,-62.649960,198.957275,0.677312,0.324402,0.379054,0.401450,1,2.594208,1,-5.714464,47.133991,528.445862,-61.626907,204.283615,0.500787,0.335259,0.381029,0.383942,1,2.757141
1644834588379.602,148916846557,11753244016,737.825632,469.169462,2.670082,1,-70.416763,49.406609,523.687927,-60.545258,200.430725,0.676788,0.324521,0.383117,0.396606,1,2.589218,1,-5.586787,47.078506,528.267517,-59.336308,203.857422,0.500449,0.335403,0.385451,0.385343,1,2.750946
1644834588390.5999,148916857660,11753255119,752.641525,472.440183,2.674004,1,-70.287979,49.400608,523.695496,-56.475269,199.878937,0.676435,0.324547,0.390974,0.398420,1,2.595993,1,-5.440746,47.047615,528.249817,-55.411877,202.750824,0.500057,0.335510,0.393027,0.388980,1,2.752014
1644834588400.5999,148916868763,11753266222,758.757992,468.963057,2.665672,1,-70.243065,49.392807,523.708984,-56.003574,201.144119,0.676308,0.324581,0.391885,0.394261,1,2.581085,1,-5.283984,47.013088,528.253479,-52.583248,203.248703,0.499635,0.335638,0.398488,0.387344,1,2.750259
1644834588412.602,148916879867,11753277325,772.803783,469.793272,2.670952,1,-70.022263,49.416531,523.887878,-51.141628,199.964462,0.675642,0.324559,0.401271,0.398139,1,2.590698,1,-5.166242,46.983974,528.332642,-49.866302,204.007401,0.499316,0.335769,0.403733,0.384850,1,2.751205
1644834588423.599,148916890970,11753288428,774.370995,468.687952,2.663185,1,-69.874794,49.409725,523.753967,-50.633682,199.752823,0.675290,0.324540,0.402252,0.398835,1,2.577530,1,-5.054070,46.939644,528.192383,-49.528652,204.779480,0.499018,0.335885,0.404385,0.382312,1,2.748840
1644834588434.598,148916902073,11753299531,775.966930,469.070560,2.664192,1,-69.874794,49.409725,523.753967,-50.633682,199.752823,0.675290,0.324540,0.402252,0.398835,1,2.577530,1,-4.949648,46.899063,528.061096,-48.667507,204.585510,0.498740,0.335990,0.406047,0.382950,1,2.750854
1644834588445.6,148916913176,11753310634,773.039188,470.634198,2.659935,1,-69.623772,49.400124,523.451111,-51.353279,199.340240,0.674716,0.324475,0.400862,0.400191,1,2.571930,1,-4.829659,46.862080,527.883789,-49.527649,204.205261,0.498422,0.336069,0.404387,0.384200,1,2.747940
1644834588456.5989,148916924280,11753321738,772.674465,469.127333,2.662415,1,-69.497681,49.401264,523.367859,-52.106255,199.854080,0.674403,0.324444,0.399409,0.398502,1,2.571442,1,-4.734736,46.824451,527.792297,-48.971470,204.455429,0.498168,0.336176,0.405461,0.383377,1,2.753387
1644834588467.598,148916935383,11753332841,772.273035,468.616372,2.659180,1,-69.497681,49.401264,523.367859,-52.106255,199.854080,0.674403,0.324444,0.399409,0.398502,1,2.571442,1,-4.643976,46.803230,527.805115,-49.188072,204.714523,0.497923,0.336258,0.405042,0.382525,1,2.746918
1644834588479.5981,148916946486,11753343944,775.773325,466.867822,2.662209,1,-69.358353,49.412498,523.410217,-50.945568,200.193970,0.674008,0.324420,0.401649,0.397385,1,2.573837,1,-4.572298,46.775261,527.815491,-48.460060,205.261246,0.497730,0.336362,0.406448,0.380728,1,2.750580
1644834588489.5989,148916957589,11753355047,774.389963,468.006223,2.657768,1,-69.287132,49.407856,523.435669,-51.570297,200.577667,0.673805,0.324446,0.400443,0.396123,1,2.570786,1,-4.500968,46.756054,527.825684,-48.581768,204.300308,0.497538,0.336436,0.406213,0.383887,1,2.744751
1644834588500.601,148916968692,11753366150,775.741453,469.369966,2.661186,1,-69.287132,49.407856,523.435669,-51.570297,200.577667,0.673805,0.324446,0.400443,0.396123,1,2.570786,1,-4.448315,46.723747,527.773193,-47.852512,203.608841,0.497398,0.336536,0.407621,0.386160,1,2.751587
1644834588512.5989,148916979795,11753377253,773.283234,468.959534,2.660187,1,-69.190132,49.350941,523.449951,-52.733318,201.714264,0.673537,0.324659,0.398198,0.392387,1,2.568741,1,-4.404797,46.688168,527.769348,-48.015915,202.680344,0.497281,0.336663,0.407305,0.389212,1,2.751633
1644834588523.5989,148916990898,11753388356,774.147005,467.731816,2.672096,1,-69.144363,49.304333,523.398315,-52.391830,201.793823,0.673431,0.324811,0.398857,0.392126,1,2.588730,1,-4.371069,46.638462,527.714539,-47.891338,203.223312,0.497191,0.336825,0.407546,0.387427,1,2.755463
1644834588534.5981,148917002001,11753399459,772.412882,466.435772,2.671257,1,-69.144363,49.304333,523.398315,-52.391830,201.793823,0.673431,0.324811,0.398857,0.392126,1,2.588730,1,-4.332585,46.584660,527.672424,-48.827053,203.880447,0.497089,0.337005,0.405739,0.385267,1,2.753784
1644834588545.5981,148917013106,11753410563,770.626116,466.233569,2.664803,1,-69.081154,49.198093,523.197083,-52.768986,201.217300,0.673333,0.325128,0.398129,0.394021,1,2.577408,1,-4.299530,46.522320,527.559570,-49.413982,204.559494,0.497003,0.337194,0.404606,0.383035,1,2.752197
1644834588556.5989,148917024209,11753421666,769.819193,466.830951,2.656609,1,-69.055702,49.137493,523.155518,-52.429031,201.275879,0.673279,0.325334,0.398786,0.393828,1,2.565628,1,-4.272724,46.470036,527.516846,-50.189331,204.198029,0.496932,0.337369,0.403109,0.384223,1,2.747589
1644834588567.5981,148917035312,11753432769,771.709499,467.630839,2.656433,1,-69.055702,49.137493,523.155518,-52.429031,201.275879,0.673279,0.325334,0.398786,0.393828,1,2.565628,1,-4.263552,46.417374,527.460754,-49.169350,203.792450,0.496909,0.337540,0.405078,0.385556,1,2.747238
1644834588578.5962,148917046415,11753443872,776.613064,468.263733,2.663048,1,-69.051811,49.050510,523.191406,-50.662804,201.434341,0.673257,0.325662,0.402195,0.393308,1,2.576721,1,-4.253185,46.376553,527.477356,-48.289726,203.313095,0.496881,0.337692,0.406777,0.387132,1,2.749374
1644834588589.5989,148917057518,11753454975,776.683645,466.735464,2.660538,1,-69.036873,49.004547,523.165039,-50.840137,201.437317,0.673226,0.325819,0.401853,0.393298,1,2.573074,1,-4.240312,46.331390,527.452637,-48.074284,204.084991,0.496848,0.337847,0.407192,0.384595,1,2.748001
1644834588600.6,148917068621,11753466078,776.460915,467.319167,2.658913,1,-69.036873,49.004547,523.165039,-50.840137,201.437317,0.673226,0.325819,0.401853,0.393298,1,2.573074,1,-4.227250,46.293728,527.339539,-48.194485,203.789062,0.496815,0.337947,0.406960,0.385568,1,2.744751
1644834588612.601,148917079724,11753477181,775.419703,466.205388,2.654579,1,-68.977341,48.945152,522.838501,-50.899784,202.418396,0.673182,0.325924,0.401738,0.390073,1,2.569901,1,-4.215357,46.261665,527.162659,-48.696648,203.372681,0.496787,0.338006,0.405991,0.386936,1,2.739258
1644834588623.599,148917090827,11753488284,775.744600,467.106718,2.658005,1,-68.945122,48.922596,522.605042,-50.773491,202.270203,0.673178,0.325927,0.401982,0.390560,1,2.574265,1,-4.210535,46.235313,526.953857,-48.647629,203.063873,0.496779,0.338035,0.406086,0.387951,1,2.741745
1644834588633.599,148917101931,11753499388,774.625254,466.794884,2.658371,1,-68.945122,48.922596,522.605042,-50.773491,202.270203,0.673178,0.325927,0.401982,0.390560,1,2.574265,1,-4.197879,46.219921,526.791077,-49.251614,203.221985,0.496748,0.338040,0.404920,0.387431,1,2.742477
1644834588645.6,148917113034,11753510491,770.342474,467.677724,2.655609,1,-68.870857,48.923328,522.299377,-52.344437,201.720383,0.673085,0.325821,0.398949,0.392367,1,2.566010,1,-4.179095,46.204124,526.625488,-49.991604,203.324173,0.496701,0.338044,0.403491,0.387096,1,2.745209
1644834588656.5981,148917124137,11753521594,771.868343,469.068933,2.654587,1,-68.841438,48.942715,522.248291,-52.187859,201.379761,0.673023,0.325733,0.399251,0.393487,1,2.559418,1,-4.164927,46.202065,526.577515,-49.324844,202.959396,0.496663,0.338037,0.404778,0.388295,1,2.749756
1644834588667.5989,148917135240,11753532697,772.488184,468.309903,2.654396,1,-68.841438,48.942715,522.248291,-52.187859,201.379761,0.673023,0.325733,0.399251,0.393487,1,2.559418,1,-4.144000,46.192055,526.597229,-48.990360,203.344254,0.496607,0.338079,0.405424,0.387030,1,2.749374
1644834588679.599,148917146344,11753543800,776.521368,469.980955,2.663979,1,-68.774277,48.961456,522.302612,-50.644295,200.934006,0.672820,0.325685,0.402231,0.394952,1,2.571732,1,-4.102302,46.184120,526.621643,-48.357693,202.942719,0.496493,0.338116,0.406645,0.388349,1,2.756226
1644834588689.6,148917157447,11753554903,792.201290,469.050121,2.661888,1,-68.700821,48.974018,522.469971,-46.506577,201.036377,0.672559,0.325698,0.410219,0.394616,1,2.572937,1,-4.024408,46.172119,526.751831,-44.034779,203.312317,0.496281,0.338202,0.414991,0.387135,1,2.750839
1644834588700.611,148917168550,11753566006,806.997070,471.591568,2.670502,1,-68.658554,48.971733,522.426514,-44.275719,200.275436,0.672460,0.325692,0.414526,0.397117,1,2.588516,1,-3.922445,46.143440,526.706726,-38.282101,202.784637,0.496006,0.338292,0.426096,0.388869,1,2.752487
1644834588712.5981,148917179653,11753577109,831.159496,472.814101,2.672150,1,-68.484100,48.950008,522.354431,-36.540558,200.014526,0.672010,0.325748,0.429458,0.397974,1,2.595383,1,-3.812111,46.106045,526.642822,-32.979603,202.425659,0.495710,0.338408,0.436333,0.390049,1,2.748917
1644834588723.5989,148917190757,11753588213,836.266251,473.817766,2.668488,1,-68.366196,48.920616,522.158203,-34.327869,199.959091,0.671759,0.325790,0.433730,0.398157,1,2.592987,1,-3.720425,46.055965,526.432495,-32.436790,201.972198,0.495467,0.338524,0.437381,0.391540,1,2.743988
1644834588734.6,148917201860,11753599316,836.107521,474.198246,2.668312,1,-68.332726,48.921131,522.202393,-33.757740,199.958466,0.671652,0.325804,0.434831,0.398159,1,2.592224,1,-3.643281,46.031673,526.506653,-33.092548,201.779907,0.495257,0.338636,0.436115,0.392172,1,2.744400
1644834588745.5981,148917212963,11753610419,837.444448,473.871195,2.664673,1,-68.256226,48.936451,522.373047,-33.971466,200.041061,0.671382,0.325808,0.434418,0.397887,1,2.589249,1,-3.590883,46.014465,526.616882,-32.157452,201.863159,0.495114,0.338733,0.437920,0.391898,1,2.740097
1644834588756.5989,148917224066,11753621522,839.054890,474.256021,2.665024,1,-68.204529,48.956017,522.510498,-33.798237,200.371567,0.671192,0.325784,0.434752,0.396801,1,2.583740,1,-3.532156,46.004715,526.740356,-31.461676,201.337509,0.494953,0.338808,0.439263,0.393626,1,2.746307
1644834588767.597,148917235169,11753632625,839.828253,474.317014,2.667236,1,-68.166924,48.960255,522.503540,-34.292408,200.543930,0.671092,0.325767,0.433798,0.396234,1,2.587265,1,-3.473191,45.984566,526.717224,-30.550226,201.134232,0.494794,0.338874,0.441023,0.394294,1,2.747208
1644834588778.606,148917246272,11753643728,839.052858,474.298239,2.667854,1,-68.059662,48.969063,522.430176,-34.032959,200.064041,0.670825,0.325712,0.434299,0.397812,1,2.586349,1,-3.401880,45.958122,526.655884,-31.228069,201.623642,0.494603,0.338951,0.439714,0.392685,1,2.749359
1644834588789.597,148917257375,11753654831,839.962149,475.602454,2.667801,1,-67.990685,48.976913,522.382324,-33.276070,199.060669,0.670654,0.325668,0.435760,0.401110,1,2.589813,1,-3.331017,45.941406,526.598267,-31.494350,201.965744,0.494413,0.338994,0.439200,0.391561,1,2.745789
1644834588800.605,148917268478,11753665934,840.509548,476.545304,2.666321,1,-67.957649,48.985657,522.400208,-33.070824,198.859528,0.670558,0.325643,0.436157,0.401771,1,2.588669,1,-3.270782,45.935379,526.619629,-31.404222,201.688782,0.494250,0.339023,0.439374,0.392471,1,2.743973
1644834588812.5999,148917279583,11753677038,842.076759,479.217339,2.660950,1,-67.897003,49.027821,522.499817,-32.028099,197.685989,0.670357,0.325525,0.438170,0.405628,1,2.582230,1,-3.208713,45.940849,526.681274,-31.601286,201.507492,0.494081,0.339024,0.438994,0.393067,1,2.739670
1644834588823.181,148917290686,11753688141,841.966152,478.974617,2.665443,1,-67.843811,49.048546,522.553284,-31.728207,197.929855,0.670192,0.325468,0.438749,0.404827,1,2.592957,1,-3.154652,45.941341,526.723877,-31.960867,201.386673,0.493934,0.339036,0.438299,0.393464,1,2.737930
1644834588834.537,148917301789,11753699244,842.273312,478.077650,2.667725,1,-67.814301,49.058868,522.572327,-31.491442,198.104050,0.670105,0.325438,0.439206,0.404254,1,2.595413,1,-3.100410,45.936062,526.749512,-32.031883,201.667282,0.493788,0.339064,0.438162,0.392542,1,2.740036
1644834588845.054,148917312892,11753710347,843.041697,476.173729,2.669716,1,-67.726875,49.075466,522.616577,-31.464016,198.581940,0.669851,0.325394,0.439259,0.402683,1,2.595856,1,-3.048315,45.925060,526.769958,-31.644720,202.154785,0.493647,0.339111,0.438910,0.390939,1,2.743576
1644834588856.613,148917323995,11753721450,843.912249,477.808571,2.666939,1,-67.669624,49.082909,522.646790,-32.059978,198.347672,0.669684,0.325378,0.438108,0.403453,1,2.589355,1,-2.991592,45.913734,526.790833,-30.579018,201.560089,0.493493,0.339159,0.440967,0.392894,1,2.744522
1644834588867.747,148917335098,11753732553,844.746265,476.262742,2.663300,1,-67.634392,49.083012,522.671570,-31.896538,198.722519,0.669579,0.325387,0.438424,0.402221,1,2.585541,1,-2.926951,45.885479,526.825562,-30.292439,201.969055,0.493319,0.339273,0.441520,0.391550,1,2.741058
1644834588878.802,148917346201,11753743656,844.980927,476.187909,2.666168,1,-67.527176,49.061996,522.673096,-31.648460,199.235519,0.669287,0.325466,0.438903,0.400535,1,2.597183,1,-2.845805,45.851124,526.815491,-30.413906,201.493988,0.493100,0.339394,0.441286,0.393111,1,2.735153
1644834588889.7979,148917357304,11753754759,851.930437,474.145049,2.669411,1,-67.435127,49.049198,522.724243,-29.812393,199.955627,0.669018,0.325531,0.442447,0.398168,1,2.605789,1,-2.745986,45.801693,526.855591,-28.500090,201.809662,0.492830,0.339586,0.444980,0.392074,1,2.733032
1644834588900.801,148917368408,11753765863,862.303104,475.551599,2.667747,1,-67.349754,49.030552,522.642151,-27.568495,199.264023,0.668815,0.325572,0.446779,0.400441,1,2.604797,1,-2.602485,45.734135,526.695496,-25.147070,201.788132,0.492446,0.339781,0.451453,0.392145,1,2.730698
1644834588911.798,148917379511,11753776966,882.199059,475.769824,2.668289,1,-67.058029,48.975327,522.247131,-21.653519,199.650513,0.668158,0.325641,0.458198,0.399171,1,2.602951,1,-2.451205,45.653984,526.399597,-20.326561,201.290985,0.492041,0.339980,0.460760,0.393779,1,2.733627
1644834588922.7969,148917390614,11753788069,894.460173,474.629545,2.663628,1,-66.894844,48.956963,522.040222,-18.544184,200.079620,0.667785,0.325640,0.464200,0.397761,1,2.595459,1,-2.320956,45.596039,526.162231,-16.820024,201.440063,0.491692,0.340116,0.467529,0.393289,1,2.731796
1644834588933.796,148917401718,11753799172,899.376154,473.369318,2.661476,1,-66.827095,48.959831,522.009033,-17.443310,200.338058,0.667611,0.325620,0.466326,0.396911,1,2.594849,1,-2.220579,45.558361,526.092529,-15.268309,201.820648,0.491422,0.340232,0.470525,0.392038,1,2.728104
1644834588945.7979,148917412821,11753810275,903.074512,471.665776,2.657768,1,-66.736305,49.016022,522.269043,-15.691302,200.303986,0.667272,0.325506,0.469708,0.397023,1,2.588394,1,-2.131846,45.545784,526.262695,-15.024743,202.718475,0.491181,0.340331,0.470995,0.389087,1,2.727142
1644834588956.798,148917423924,11753821378,901.594448,471.424377,2.661194,1,-66.661156,49.047031,522.392883,-15.742242,200.407730,0.667024,0.325437,0.469609,0.396682,1,2.592194,1,-2.041078,45.541809,526.369873,-15.772384,202.737122,0.490934,0.340381,0.469551,0.389025,1,2.730194
1644834588967.797,148917435027,11753832481,900.564108,470.636004,2.664093,1,-66.616241,49.067894,522.449768,-16.126551,200.555573,0.666882,0.325381,0.468868,0.396196,1,2.598297,1,-1.952610,45.540127,526.456848,-15.944036,202.988998,0.490694,0.340415,0.469220,0.388197,1,2.729889
1644834588978.7979,148917446130,11753843584,897.949333,470.051014,2.669754,1,-66.475899,49.097168,522.530090,-17.390631,201.020523,0.666471,0.325305,0.466427,0.394668,1,2.609756,1,-1.860209,45.540810,526.495667,-16.090855,202.820679,0.490444,0.340426,0.468937,0.388751,1,2.729752
1644834588989.802,148917457234,11753854688,898.357773,470.812136,2.667061,1,-66.385330,49.134670,522.595154,-17.312435,200.812088,0.666201,0.325192,0.466578,0.395353,1,2.605453,1,-1.765147,45.539791,526.548096,-15.948668,202.643219,0.490187,0.340447,0.469211,0.389334,1,2.728668
1644834589000.797,148917468337,11753865791,900.245590,472.716129,2.664093,1,-66.329941,49.155945,522.670166,-16.516117,200.426605,0.666024,0.325142,0.468116,0.396620,1,2.599518,1,-1.663462,45.546444,526.659607,-15.726363,202.063263,0.489911,0.340460,0.469640,0.391240,1,2.728668
1644834589012.797,148917479440,11753876894,902.292538,473.069715,2.660965,1,-66.185204,49.205059,522.817505,-15.838708,200.728806,0.665578,0.325016,0.469423,0.395627,1,2.591431,1,-1.558424,45.546638,526.745728,-15.299264,201.581772,0.489627,0.340487,0.470465,0.392823,1,2.730499
1644834589022.798,148917490543,11753887997,902.588768,472.428775,2.658531,1,-66.088036,49.228920,522.957092,-15.472726,200.389130,0.665265,0.324979,0.470130,0.396743,1,2.592407,1,-1.444180,45.539211,526.872864,-15.505409,202.246460,0.489318,0.340555,0.470067,0.390638,1,2.724655
1644834589033.798,148917501646,11753899100,902.374277,473.200089,2.662170,1,-66.022980,49.241558,523.028625,-16.058243,200.491302,0.665063,0.324959,0.469000,0.396407,1,2.593445,1,-1.330258,45.529663,526.972168,-15.035622,201.753174,0.489010,0.340622,0.470974,0.392259,1,2.730896
1644834589045.798,148917512749,11753910203,903.138628,473.399144,2.657272,1,-65.875153,49.268291,523.240234,-16.276817,200.449524,0.664588,0.324937,0.468578,0.396545,1,2.586929,1,-1.218182,45.509277,527.102356,-14.404639,201.694016,0.488707,0.340738,0.472192,0.392454,1,2.727615
1644834589056.798,148917523852,11753921306,903.872538,473.165667,2.660194,1,-65.767036,49.275543,523.328552,-16.580757,200.884766,0.664263,0.324942,0.467991,0.395114,1,2.591125,1,-1.102139,45.478165,527.178406,-13.704670,201.377182,0.488394,0.340875,0.473543,0.393495,1,2.729263
1644834589067.7979,148917534956,11753932409,904.289675,471.255881,2.659279,1,-65.701561,49.277992,523.388062,-16.005726,200.902359,0.664065,0.324955,0.469101,0.395056,1,2.589951,1,-0.983941,45.433758,527.259705,-14.054629,202.327942,0.488075,0.341061,0.472868,0.390370,1,2.728607
1644834589078.796,148917546060,11753943513,907.013683,471.200091,2.661209,1,-65.553993,49.291668,523.564514,-14.564092,200.692810,0.663603,0.324968,0.471884,0.395745,1,2.593231,1,-0.862962,45.397636,527.365784,-14.026434,202.565735,0.487748,0.341226,0.472922,0.389589,1,2.729187
1644834589089.797,148917557163,11753954616,907.489185,469.787139,2.656326,1,-65.442024,49.299271,523.648560,-14.039973,200.816971,0.663270,0.324971,0.472896,0.395337,1,2.586670,1,-0.739598,45.357700,527.436890,-14.293963,203.157990,0.487416,0.341393,0.472405,0.387642,1,2.725983
1644834589100.7979,148917568266,11753965719,905.935078,471.219724,2.655350,1,-65.369171,49.307701,523.723206,-14.449328,201.177887,0.663047,0.324967,0.472106,0.394150,1,2.584717,1,-0.608463,45.335171,527.540100,-14.723189,202.070724,0.487062,0.341508,0.471577,0.391216,1,2.725983
1644834589111.797,148917579369,11753976822,904.696169,470.156193,2.651917,1,-65.184937,49.321960,523.822754,-14.536769,201.721603,0.662512,0.324952,0.471937,0.392363,1,2.581497,1,-0.470228,45.304585,527.590576,-15.304230,202.066284,0.486689,0.341636,0.470455,0.391230,1,2.722336
1644834589122.7988,148917590472,11753987925,904.318399,470.494151,2.660873,1,-65.059189,49.337204,523.936035,-15.007863,201.941910,0.662131,0.324938,0.471027,0.391639,1,2.595016,1,-0.334766,45.279175,527.685486,-15.036961,201.674591,0.486324,0.341758,0.470971,0.392518,1,2.726730
1644834589134.798,148917601575,11753999028,902.902050,468.259478,2.658424,1,-64.969620,49.346199,523.977478,-15.632648,201.979736,0.661874,0.324921,0.469821,0.391515,1,2.599792,1,-0.192640,45.239960,527.730530,-15.176413,202.769836,0.485942,0.341915,0.470702,0.388918,1,2.717056
1644834589145.801,148917612678,11754010131,902.160330,467.851084,2.660889,1,-64.758209,49.361328,524.039551,-15.922568,201.407196,0.661278,0.324891,0.469261,0.393397,1,2.603134,1,-0.049749,45.198380,527.752808,-15.286722,203.549438,0.485557,0.342073,0.470489,0.386355,1,2.718643
1644834589155.7988,148917623781,11754021234,902.098904,469.621110,2.658257,1,-64.613564,49.370907,524.094910,-16.276958,201.595657,0.660866,0.324877,0.468577,0.392777,1,2.595139,1,0.099941,45.167507,527.787659,-14.965501,202.463531,0.485154,0.342197,0.471109,0.389925,1,2.721375
1644834589167.663,148917634885,11754032338,903.898401,470.620072,2.663200,1,-64.514214,49.375469,524.121948,-15.938966,201.457016,0.660587,0.324871,0.469230,0.393233,1,2.601852,1,0.246875,45.128273,527.806641,-14.332512,202.095657,0.484758,0.342346,0.472331,0.391134,1,2.724548
1644834589178.649,148917645988,11754043441,903.965721,471.556878,2.657204,1,-64.303970,49.396973,524.232727,-16.381151,202.344681,0.659979,0.324835,0.468376,0.390315,1,2.596497,1,0.393775,45.099667,527.862183,-13.853992,200.732986,0.484363,0.342468,0.473255,0.395613,1,2.717911
1644834589189.6702,148917657091,11754054544,904.037905,470.105857,2.652206,1,-64.164543,49.415821,524.252747,-16.252668,202.513504,0.659593,0.324776,0.468624,0.389760,1,2.597275,1,0.534572,45.057774,527.862366,-13.943500,201.299866,0.483984,0.342621,0.473082,0.393750,1,2.707138
1644834589200.65,148917668195,11754065647,903.234844,470.933604,2.646469,1,-64.069824,49.430229,524.258240,-16.354189,202.647812,0.659334,0.324727,0.468428,0.389319,1,2.586029,1,0.677331,45.026470,527.848633,-14.275315,200.745834,0.483599,0.342731,0.472441,0.395571,1,2.706909
1644834589212.6511,148917679298,11754076750,903.814888,469.163328,2.646988,1,-63.873535,49.467537,524.265503,-15.820164,202.828201,0.658798,0.324597,0.469459,0.388726,1,2.585251,1,0.813560,44.988113,527.833557,-14.496328,201.463074,0.483233,0.342866,0.472015,0.393213,1,2.708725
1644834589222.6492,148917690401,11754087853,902.048979,469.458264,2.643463,1,-63.757240,49.483665,524.265808,-16.416239,202.482773,0.658481,0.324541,0.468308,0.389861,1,2.580399,1,0.933141,44.951668,527.814026,-14.853104,201.658905,0.482910,0.342993,0.471326,0.392569,1,2.706528
1644834589234.649,148917701504,11754098956,904.383001,467.060763,2.643150,1,-63.678234,49.489399,524.228577,-16.271978,202.535660,0.658279,0.324508,0.468587,0.389687,1,2.584503,1,1.032938,44.901630,527.738953,-13.737956,202.821655,0.482642,0.343151,0.473479,0.388747,1,2.701797
1644834589245.648,148917712607,11754110059,903.976650,469.008118,2.644371,1,-63.513634,49.504833,524.211731,-16.991791,201.271744,0.657837,0.324449,0.467197,0.393842,1,2.587204,1,1.131585,44.858009,527.707642,-13.237416,203.098175,0.482376,0.343300,0.474445,0.387838,1,2.701538
1644834589255.651,148917723711,11754121163,903.345566,468.783420,2.640350,1,-63.395691,49.511387,524.228394,-16.918985,201.669754,0.657511,0.324433,0.467338,0.392534,1,2.576797,1,1.252214,44.817337,527.704590,-13.650773,202.814178,0.482051,0.343447,0.473647,0.388772,1,2.703903
1644834589267.649,148917734814,11754132266,900.175838,471.563298,2.636925,1,-63.314178,49.523308,524.315552,-17.419333,201.623291,0.657261,0.324421,0.466372,0.392686,1,2.574463,1,1.392043,44.795578,527.814758,-14.860774,201.451126,0.481675,0.343560,0.471311,0.393252,1,2.699387
1644834589278.6492,148917745917,11754143369,899.977312,472.500032,2.633461,1,-63.120300,49.535042,524.426575,-17.372778,201.955490,0.656698,0.324420,0.466462,0.391594,1,2.572952,1,1.532970,44.762280,527.872070,-15.014445,200.643967,0.481296,0.343700,0.471015,0.395906,1,2.693970
1644834589289.65,148917757020,11754154472,899.905386,471.987909,2.639748,1,-62.981865,49.540237,524.461731,-17.175428,201.620560,0.656310,0.324415,0.466843,0.392695,1,2.586014,1,1.673529,44.717381,527.886536,-15.250595,201.238556,0.480918,0.343867,0.470559,0.393951,1,2.693481
1644834589300.649,148917768123,11754165575,900.380945,470.928097,2.639023,1,-62.876911,49.542843,524.468201,-17.011948,201.685532,0.656023,0.324409,0.467158,0.392482,1,2.586456,1,1.815297,44.671009,527.872620,-15.157448,201.710922,0.480536,0.344032,0.470738,0.392398,1,2.691589
1644834589311.465,148917779226,11754176678,897.172766,469.689935,2.637024,1,-62.666985,49.563087,524.525696,-17.788713,202.148712,0.655434,0.324359,0.465659,0.390959,1,2.582169,1,1.962348,44.638573,527.890686,-16.111788,201.875519,0.480141,0.344156,0.468896,0.391857,1,2.691879
1644834589322.467,148917790329,11754187781,898.148174,471.069163,2.629829,1,-62.544056,49.598572,524.551086,-17.833939,201.426254,0.655092,0.324241,0.465572,0.393334,1,2.574997,1,2.087585,44.630463,527.897583,-15.540227,201.898666,0.479803,0.344189,0.469999,0.391781,1,2.684662
1644834589334.464,148917801433,11754198884,899.071827,471.751732,2.629364,1,-62.471329,49.632042,524.606384,-17.705818,200.967514,0.654876,0.324140,0.465819,0.394842,1,2.573608,1,2.200217,44.633652,527.961304,-15.169982,202.011307,0.479501,0.344198,0.470714,0.391411,1,2.685120
1644834589345.471,148917812537,11754209988,899.177113,469.448823,2.631630,1,-62.356579,49.704334,524.810364,-17.607805,201.900040,0.654498,0.323951,0.466008,0.391777,1,2.577591,1,2.298776,44.650208,528.091675,-15.211167,202.246429,0.479237,0.344180,0.470635,0.390638,1,2.685669
1644834589356.477,148917823640,11754221091,898.545513,469.262302,2.636063,1,-62.284935,49.741451,524.953918,-17.846970,202.605759,0.654257,0.323867,0.465546,0.389457,1,2.583832,1,2.379737,44.659225,528.225159,-15.312803,201.635330,0.479020,0.344189,0.470439,0.392647,1,2.688293
1644834589367.472,148917834743,11754232194,897.303457,467.515111,2.639610,1,-62.233585,49.758068,525.005249,-18.069546,203.337067,0.654101,0.323826,0.465117,0.387053,1,2.588303,1,2.457809,44.649292,528.288147,-15.760420,201.789902,0.478811,0.344245,0.469574,0.392139,1,2.690918
1644834589378.471,148917845846,11754243297,897.384081,466.852927,2.639809,1,-62.122894,49.787872,525.060669,-17.847488,202.862808,0.653783,0.323739,0.465545,0.388612,1,2.586731,1,2.537837,44.621193,528.315674,-15.938984,202.599945,0.478596,0.344355,0.469230,0.389476,1,2.692886
1644834589389.4639,148917856949,11754254400,907.781267,464.350283,2.640236,1,-62.028019,49.805119,525.150940,-15.561215,203.370483,0.653496,0.323709,0.469959,0.386943,1,2.585754,1,2.642781,44.596920,528.392822,-12.615072,203.361191,0.478315,0.344467,0.475646,0.386974,1,2.694717
1644834589400.472,148917868052,11754265503,926.321497,465.566808,2.633598,1,-61.922321,49.816269,525.223816,-11.871718,203.797684,0.653186,0.323695,0.477082,0.385539,1,2.575943,1,2.795767,44.576820,528.476685,-6.300571,202.317108,0.477904,0.344567,0.487837,0.390406,1,2.691254
1644834589412.136,148917879155,11754276606,954.539824,469.913274,2.631706,1,-61.643852,49.813095,525.081726,-3.534813,203.259521,0.652476,0.323662,0.493176,0.387308,1,2.577301,1,2.975033,44.545670,528.343811,0.588653,200.651428,0.477420,0.344641,0.501136,0.395881,1,2.686111
1644834589423.032,148917890258,11754287709,966.321888,473.281091,2.630241,1,-61.475185,49.815460,525.030823,0.270278,202.204773,0.652035,0.323639,0.500522,0.390775,1,2.578171,1,3.124051,44.513950,528.267212,3.140946,199.998581,0.477018,0.344734,0.506064,0.398027,1,2.682312
1644834589434.013,148917901362,11754298813,968.603840,471.680439,2.630676,1,-61.352570,49.809528,524.916626,0.917033,201.565765,0.651738,0.323623,0.501770,0.392876,1,2.582108,1,3.273019,44.456909,528.071167,3.725472,201.449219,0.476614,0.344882,0.507192,0.393259,1,2.679245
1644834589445.01,148917912465,11754309916,971.701984,470.946515,2.633888,1,-61.166004,49.815464,524.979675,2.292839,201.680069,0.651212,0.323626,0.504426,0.392500,1,2.587708,1,3.411668,44.420376,528.097595,4.021342,201.707047,0.476241,0.345023,0.507763,0.392411,1,2.680069
1644834589456.011,148917923569,11754321019,970.270100,469.607341,2.630493,1,-61.037804,49.815193,524.975830,1.530511,202.274918,0.650866,0.323627,0.502955,0.390545,1,2.582153,1,3.527870,44.388336,528.074280,4.011117,201.791229,0.475928,0.345133,0.507743,0.392134,1,2.678833
1644834589468.011,148917934672,11754332122,971.258354,471.347487,2.632774,1,-60.949272,49.824352,525.051147,1.676394,201.832672,0.650602,0.323621,0.503236,0.391998,1,2.583603,1,3.670803,44.356251,528.166260,4.398503,201.351120,0.475545,0.345278,0.508491,0.393581,1,2.681946
1644834589478.014,148917945775,11754343225,967.071991,470.309097,2.632965,1,-60.777115,49.837818,525.152100,-0.492653,201.754898,0.650103,0.323610,0.499049,0.392254,1,2.583069,1,3.801391,44.320435,528.224365,4.308666,201.955414,0.475195,0.345426,0.508318,0.391595,1,2.682861
1644834589489.012,148917956878,11754354328,968.235626,471.083361,2.636200,1,-60.684471,49.848408,525.199341,0.390928,201.161148,0.649837,0.323590,0.500755,0.394206,1,2.592377,1,3.896374,44.288311,528.255798,4.052919,202.156616,0.474940,0.345552,0.507824,0.390933,1,2.680023
1644834589501.014,148917967981,11754365431,967.465439,471.301156,2.637703,1,-60.610710,49.849110,525.185120,0.850730,201.289261,0.649641,0.323583,0.501642,0.393784,1,2.600342,1,3.996665,44.246246,528.218567,3.177514,201.918045,0.474670,0.345693,0.506134,0.391718,1,2.675064
1644834589512.011,148917979084,11754376534,966.163158,471.193761,2.632774,1,-60.488075,49.855644,525.151550,1.052461,200.950775,0.649319,0.323550,0.502032,0.394897,1,2.596039,1,4.091674,44.191303,528.177673,2.273113,202.310989,0.474414,0.345879,0.504388,0.390426,1,2.669510
1644834589523.011,148917990188,11754387638,967.718296,470.332825,2.635872,1,-60.414593,49.863995,525.195740,1.218607,201.302109,0.649106,0.323536,0.502352,0.393742,1,2.592224,1,4.157369,44.152847,528.207275,2.946129,202.396164,0.474238,0.346027,0.505687,0.390146,1,2.679520
1644834589534.012,148918001291,11754398741,967.105579,469.430315,2.634674,1,-60.355038,49.873917,525.244141,0.649140,201.399765,0.648929,0.323518,0.501253,0.393421,1,2.585083,1,4.247840,44.108383,528.263184,3.185000,202.756088,0.473996,0.346205,0.506149,0.388963,1,2.684265
1644834589545.012,148918012394,11754409844,969.899712,470.956135,2.634781,1,-60.224079,49.881969,525.182556,1.668622,201.343491,0.648593,0.323469,0.503221,0.393606,1,2.583694,1,4.341724,44.057514,528.198364,3.673175,202.038727,0.473742,0.346369,0.507091,0.391321,1,2.685867
1644834589556.011,148918023497,11754420947,969.189491,472.134250,2.631592,1,-60.121502,49.888611,525.179871,1.392147,201.505859,0.648316,0.323446,0.502688,0.393072,1,2.581390,1,4.432911,44.025059,528.182068,3.566345,201.279022,0.473497,0.346482,0.506885,0.393818,1,2.681793
1644834589567.0112,148918034600,11754432050,971.150150,472.716665,2.630737,1,-60.032444,49.897911,525.211365,1.532758,201.877472,0.648064,0.323425,0.502959,0.391851,1,2.583694,1,4.551463,43.990841,528.204346,4.483696,200.612106,0.473178,0.346614,0.508656,0.396010,1,2.677780
1644834589579.012,148918045703,11754443153,974.812946,474.457312,2.633278,1,-59.858105,49.917515,525.344055,1.976837,201.578796,0.647550,0.323402,0.503816,0.392833,1,2.587830,1,4.682109,43.968906,528.285278,6.016021,200.028214,0.472829,0.346718,0.511614,0.397929,1,2.678726
1644834589590.018,148918056807,11754454256,974.304028,473.000640,2.631790,1,-59.734608,49.924290,525.389709,1.987143,201.592010,0.647202,0.323395,0.503836,0.392789,1,2.589172,1,4.798064,43.938606,528.309937,5.731157,200.753555,0.472517,0.346836,0.511064,0.395545,1,2.674408
1644834589601.01,148918067910,11754465359,973.121796,471.084613,2.631683,1,-59.635384,49.933483,525.474487,1.901403,201.547653,0.646906,0.323393,0.503671,0.392935,1,2.588181,1,4.950294,43.904446,528.410278,5.178904,201.769424,0.472110,0.346991,0.509998,0.392206,1,2.675186
1644834589612.012,148918079014,11754476463,972.072659,469.363850,2.636063,1,-59.484665,49.964500,525.725098,2.454808,201.412247,0.646421,0.323370,0.504739,0.393380,1,2.596756,1,5.095094,43.871792,528.589417,4.059448,202.777313,0.471726,0.347163,0.507837,0.388893,1,2.675369
1644834589623.012,148918090117,11754487566,973.356056,469.002199,2.636879,1,-59.381737,49.973930,525.810120,2.661107,201.943375,0.646116,0.323367,0.505137,0.391634,1,2.599136,1,5.191152,43.852718,528.652832,4.545604,202.429581,0.471469,0.347252,0.508775,0.390036,1,2.674622
1644834589634.01,148918101220,11754498669,973.646049,468.609506,2.630867,1,-59.300091,49.978058,525.796875,2.289763,202.168350,0.645899,0.323348,0.504420,0.390895,1,2.594299,1,5.291312,43.812347,528.616272,5.073480,202.403717,0.471199,0.347387,0.509794,0.390121,1,2.667435
1644834589645.009,148918112323,11754509772,975.112953,467.907751,2.630333,1,-59.174034,49.990818,525.811646,2.824340,202.948349,0.645553,0.323309,0.505452,0.388331,1,2.593292,1,5.383043,43.787449,528.610901,5.330414,201.979523,0.470952,0.347477,0.510290,0.391515,1,2.667374
1644834589656.013,148918123426,11754520875,975.116444,468.800086,2.634262,1,-59.101669,50.020893,525.826599,3.148412,202.037552,0.645352,0.323207,0.506078,0.391325,1,2.592300,1,5.448138,43.767719,528.614685,5.008156,202.437866,0.470777,0.347549,0.509668,0.390009,1,2.676224
1644834589667.009,148918134529,11754531978,972.878952,471.755129,2.639549,1,-59.043472,50.051506,525.866089,3.322401,201.727890,0.645182,0.323111,0.506414,0.392343,1,2.597931,1,5.538032,43.765923,528.657471,3.626911,201.249207,0.470537,0.347570,0.507002,0.393916,1,2.681168
1644834589678.0132,148918145632,11754543081,971.969204,472.043681,2.635895,1,-58.926510,50.087734,525.794983,2.840563,201.868607,0.644886,0.322958,0.505484,0.391880,1,2.592331,1,5.611907,43.753780,528.583984,3.617882,200.962173,0.470336,0.347593,0.506984,0.394859,1,2.679459
1644834589689.013,148918156735,11754554184,971.287136,470.834595,2.639069,1,-58.841404,50.108559,525.769958,2.224239,203.038208,0.644663,0.322875,0.504294,0.388036,1,2.595169,1,5.677389,43.744083,528.546997,3.866174,200.405624,0.470159,0.347617,0.507464,0.396689,1,2.682968
1644834589700.01,148918167839,11754565288,973.906288,470.196140,2.644699,1,-58.759594,50.129360,525.739685,2.516845,203.101364,0.644450,0.322791,0.504859,0.387828,1,2.599777,1,5.759977,43.736439,528.485535,4.986829,200.666245,0.469935,0.347628,0.509627,0.395832,1,2.689621
1644834589712.011,148918178942,11754576391,972.717934,468.600851,2.649147,1,-58.600147,50.190258,525.677124,1.917931,203.215225,0.644037,0.322552,0.503703,0.387454,1,2.607361,1,5.865843,43.732979,528.416016,4.944508,201.361252,0.469648,0.347621,0.509545,0.393548,1,2.690933
1644834589722.015,148918190046,11754587494,973.641186,470.672375,2.644180,1,-58.496609,50.243706,525.669373,2.586658,202.084747,0.643758,0.322358,0.504993,0.391170,1,2.608078,1,5.951349,43.749554,528.394165,4.773962,201.441360,0.469417,0.347556,0.509216,0.393284,1,2.680283
1644834589734.0342,148918201149,11754598597,973.744698,469.455689,2.641823,1,-58.413044,50.298992,525.704285,2.790821,201.878647,0.643520,0.322172,0.505388,0.391847,1,2.608109,1,6.077853,43.767307,528.425049,4.625627,202.264374,0.469077,0.347504,0.508930,0.390579,1,2.675537
1644834589745.011,148918212252,11754609700,982.071705,469.341570,2.641586,1,-58.225647,50.377655,525.806274,4.502246,202.148666,0.642981,0.321926,0.508692,0.390960,1,2.606415,1,6.220466,43.787937,528.483704,7.407342,202.052200,0.468695,0.347449,0.514300,0.391276,1,2.676758
1644834589849.01,148918223355,11754620803,997.187462,471.395731,2.643951,1,-58.080845,50.433357,525.931335,8.499949,202.439224,0.642551,0.321771,0.516409,0.390004,1,2.604675,1,6.376408,43.812229,528.592834,11.565803,200.720093,0.468279,0.347397,0.522328,0.395655,1,2.683228
1644834589850.053,148918234458,11754631906,1016.057968,471.664488,2.645035,1,-57.950970,50.492073,526.158081,12.984448,202.420868,0.642131,0.321640,0.525066,0.390065,1,2.606476,1,6.550285,43.837498,528.857117,17.263519,200.602219,0.467820,0.347387,0.533327,0.396043,1,2.683594
1644834589851.014,148918245561,11754643009,1032.131996,471.689111,2.646317,1,-57.785648,50.620602,526.665833,19.068312,202.438309,0.641532,0.321356,0.536811,0.390007,1,2.607025,1,6.716758,43.861664,529.218872,19.852924,200.572266,0.467384,0.347411,0.538326,0.396141,1,2.685608
1644834589851.014,148918256665,11754654113,1036.836605,468.385756,2.646980,1,-57.688396,50.696522,526.858765,20.232172,202.463806,0.641211,0.321151,0.539058,0.389924,1,2.612305,1,6.836493,43.861172,529.416382,21.227648,202.221680,0.467069,0.347473,0.540980,0.390719,1,2.681656
1644834589853.0122,148918267768,11754665216,1036.484814,468.342751,2.643814,1,-57.583542,50.738556,526.786377,20.372271,202.959030,0.640949,0.320976,0.539329,0.388296,1,2.614761,1,6.949839,43.837677,529.311157,20.897774,201.748230,0.466761,0.347527,0.540343,0.392276,1,2.672867
1644834589854.012,148918278871,11754676319,1036.894283,470.445442,2.643394,1,-57.398102,50.797798,526.541992,20.548603,203.339706,0.640518,0.320681,0.539669,0.387044,1,2.612534,1,7.054327,43.803936,529.107727,20.942343,200.301407,0.466473,0.347589,0.540429,0.397031,1,2.674255
1644834589854.012,148918289974,11754687422,1035.767269,470.757794,2.644600,1,-57.283928,50.829235,526.460388,20.245012,203.740417,0.640233,0.320541,0.539083,0.385727,1,2.614853,1,7.162030,43.759918,528.990906,20.637754,199.742432,0.466180,0.347714,0.539841,0.398869,1,2.674347
1644834589856.014,148918301077,11754698525,1036.282482,469.569343,2.649109,1,-57.175220,50.867126,526.476440,19.853836,204.131454,0.639934,0.320411,0.538328,0.384442,1,2.613937,1,7.273194,43.710915,528.990234,21.306959,199.953903,0.465882,0.347891,0.541133,0.398174,1,2.684280
1644834589856.014,148918312180,11754709628,1036.488190,469.591463,2.648308,1,-56.983936,50.917343,526.513550,19.970083,203.618057,0.639405,0.320246,0.538552,0.386129,1,2.618668,1,7.400665,43.668560,528.994202,21.301741,200.456085,0.465539,0.348046,0.541123,0.396523,1,2.677948
1644834589857.012,148918323284,11754720731,1039.003029,470.629084,2.644730,1,-56.868382,50.953037,526.559814,20.649815,203.134232,0.639078,0.320136,0.539864,0.387720,1,2.614639,1,7.527738,43.636330,529.025818,21.978918,200.413818,0.465199,0.348173,0.542430,0.396662,1,2.674820
1644834589867.011,148918334387,11754731834,1040.158939,472.437930,2.645531,1,-56.752968,50.991051,526.632751,21.198259,202.142410,0.638745,0.320026,0.540923,0.390980,1,2.614151,1,7.661638,43.618294,529.088684,22.054199,200.488495,0.464842,0.348258,0.542576,0.396417,1,2.676910
1644834589878.009,148918345491,11754742938,1043.426857,470.525658,2.645676,1,-56.563427,51.046654,526.765259,22.385445,202.202026,0.638193,0.319875,0.543215,0.390784,1,2.612259,1,7.792044,43.601868,529.161133,22.630308,201.398483,0.464495,0.348340,0.543688,0.393425,1,2.679092
1644834589889.009,148918356594,11754754041,1041.685925,470.164901,2.643776,1,-56.436279,51.075661,526.837036,22.031431,202.702301,0.637828,0.319798,0.542532,0.389140,1,2.611725,1,7.932035,43.600895,529.217712,22.044954,201.081146,0.464121,0.348362,0.542558,0.394469,1,2.675827
1644834589901.011,148918367697,11754765144,1040.827618,468.410343,2.640541,1,-56.313728,51.107925,526.893799,21.711540,203.316208,0.637480,0.319703,0.541914,0.387122,1,2.612259,1,8.071882,43.600353,529.260193,21.901730,201.356888,0.463747,0.348379,0.542281,0.393562,1,2.668823
1644834589912.008,148918378800,11754776247,1039.401913,470.509440,2.639030,1,-56.125053,51.182011,527.024414,20.532267,202.716858,0.636932,0.319485,0.539638,0.389092,1,2.609558,1,8.202327,43.605606,529.335876,22.311665,200.891907,0.463399,0.348384,0.543073,0.395091,1,2.668503
1644834589922.01,148918389903,11754787350,1039.541302,470.972049,2.641983,1,-55.999828,51.222969,527.077026,20.271900,202.731049,0.636578,0.319358,0.539135,0.389045,1,2.610336,1,8.329759,43.607342,529.372986,22.647282,200.643097,0.463058,0.348391,0.543721,0.395908,1,2.673630
1644834589933.975,148918401006,11754798453,1037.678032,470.631123,2.640465,1,-55.886269,51.254673,527.101318,19.820417,203.109741,0.636264,0.319254,0.538263,0.387800,1,2.607010,1,8.453032,43.603287,529.379822,22.093355,200.437286,0.462727,0.348409,0.542651,0.396585,1,2.673920
1644834589945.062,148918412109,11754809556,1034.850311,467.689419,2.643311,1,-55.714108,51.283169,527.142700,19.287868,203.957291,0.635787,0.319169,0.537235,0.385014,1,2.613586,1,8.579556,43.591549,529.388611,21.100111,201.081299,0.462388,0.348455,0.540734,0.394468,1,2.673035
1644834589956.1519,148918423212,11754820659,1035.900650,467.295206,2.641083,1,-55.618214,51.311226,527.176331,19.900234,203.295074,0.635518,0.319081,0.538417,0.387191,1,2.611938,1,8.684365,43.568333,529.409912,21.054539,201.943405,0.462108,0.348546,0.540646,0.391634,1,2.670227
1644834589967.388,148918434316,11754831763,1038.220825,470.734602,2.641884,1,-55.521004,51.329258,527.179443,20.654505,202.273270,0.635254,0.319019,0.539873,0.390550,1,2.611603,1,8.777074,43.550148,529.394653,21.552174,201.221298,0.461858,0.348608,0.541607,0.394008,1,2.672165
1644834589978.544,148918445420,11754842866,1034.697933,471.547651,2.633850,1,-55.366978,51.335964,527.153748,19.422213,203.147446,0.634845,0.318988,0.537495,0.387676,1,2.601944,1,8.867427,43.534149,529.354980,20.883537,199.934875,0.461614,0.348655,0.540316,0.398236,1,2.665756
1644834589989.319,148918456523,11754853969,1042.455425,472.379905,2.626472,1,-55.254128,51.348228,527.185547,21.016262,203.431442,0.634531,0.318957,0.540572,0.386743,1,2.591110,1,8.974312,43.511974,529.364380,23.475332,199.228867,0.461327,0.348739,0.545319,0.400557,1,2.661835
1644834590000.293,148918467626,11754865072,1057.062206,472.047865,2.622513,1,-55.152630,51.364864,527.291443,24.070972,203.779160,0.634227,0.318936,0.546469,0.385600,1,2.584579,1,9.097904,43.498318,529.478699,28.302204,199.049545,0.461001,0.348823,0.554637,0.401146,1,2.660446
1644834590011.2578,148918478729,11754876175,1085.539570,473.272312,2.625557,1,-54.978897,51.404331,527.383057,32.345177,202.617264,0.633732,0.318829,0.562442,0.389419,1,2.585129,1,9.220400,43.477070,529.532898,35.393879,199.590591,0.460674,0.348917,0.568328,0.399368,1,2.665985
1644834590022.2622,148918489832,11754887278,1095.191517,472.053087,2.628654,1,-54.858234,51.414135,527.414795,34.838192,203.249878,0.633397,0.318807,0.567255,0.387340,1,2.593567,1,9.326098,43.467670,529.542786,38.108887,199.576202,0.460391,0.348955,0.573569,0.399415,1,2.663742
1644834590033.259,148918500935,11754898381,1097.451096,471.500820,2.627769,1,-54.757774,51.413979,527.309509,35.767574,203.615311,0.633155,0.318772,0.569049,0.386139,1,2.597137,1,9.413112,43.450729,529.398438,38.398785,199.490753,0.460150,0.348975,0.574129,0.399696,1,2.658401
1644834590045.264,148918512038,11754909484,1092.077179,470.317179,2.625648,1,-54.635574,51.434460,527.287476,34.789112,204.036652,0.632831,0.318692,0.567160,0.384754,1,2.596893,1,9.497899,43.446045,529.366089,36.477554,199.669586,0.459921,0.348983,0.570420,0.399108,1,2.654404
1644834590056.262,148918523142,11754920588,1090.969563,470.478773,2.629066,1,-54.557529,51.460850,527.289124,34.663967,203.648666,0.632619,0.318599,0.566919,0.386029,1,2.598373,1,9.575159,43.441586,529.356262,36.005081,199.975662,0.459713,0.348997,0.569508,0.398102,1,2.659760
1644834590067.259,148918534245,11754931691,1092.651787,470.763391,2.628189,1,-54.493252,51.496998,527.374695,35.353970,203.270523,0.632422,0.318500,0.568251,0.387272,1,2.598541,1,9.641798,43.447525,529.444702,36.222778,200.209473,0.459538,0.349003,0.569928,0.397334,1,2.657837
1644834590078.271,148918545348,11754942794,1094.648552,472.463393,2.630241,1,-54.396420,51.561970,527.522583,35.588856,202.681366,0.632118,0.318320,0.568704,0.389208,1,2.600754,1,9.701016,43.456108,529.545959,37.065277,199.936661,0.459384,0.349003,0.571555,0.398230,1,2.659729
1644834590089.263,148918556451,11754953897,1095.850868,474.653113,2.626259,1,-54.342506,51.597515,527.630554,36.111916,202.395996,0.631943,0.318231,0.569714,0.390146,1,2.594269,1,9.765246,43.476654,529.658020,37.190971,199.111725,0.459217,0.348963,0.571797,0.400942,1,2.658249
1644834590100.2678,148918567554,11754965000,1090.953026,473.186052,2.623955,1,-54.289837,51.633404,527.774048,34.668854,202.828079,0.631760,0.318154,0.566928,0.388726,1,2.593658,1,9.839605,43.495697,529.816284,35.991226,199.423492,0.459025,0.348943,0.569481,0.399917,1,2.654251
1644834590111.258,148918578658,11754976103,1091.103916,470.940328,2.622444,1,-54.221313,51.661285,527.893127,35.291050,203.294083,0.631542,0.318097,0.568129,0.387194,1,2.590973,1,9.899575,43.498806,529.898010,35.450455,200.096161,0.458869,0.348956,0.568437,0.397706,1,2.653915
1644834590122.262,148918589761,11754987206,1090.113029,469.415599,2.622009,1,-54.169601,51.674797,527.919373,34.672768,202.749054,0.631395,0.318058,0.566936,0.388986,1,2.592834,1,9.948471,43.486938,529.916565,35.534058,201.414322,0.458738,0.349005,0.568599,0.393373,1,2.651184
1644834590133.26,148918600864,11754998309,1092.574425,469.676685,2.625687,1,-54.112244,51.666939,527.840820,35.014400,202.493286,0.631262,0.318059,0.567595,0.389827,1,2.594696,1,9.983037,43.458755,529.818237,36.520599,201.537720,0.458641,0.349077,0.570503,0.392968,1,2.656677
1644834590145.2588,148918611968,11755009413,1091.928749,471.894300,2.622185,1,-54.022003,51.651020,527.746643,34.420887,202.417206,0.631045,0.318085,0.566450,0.390077,1,2.592377,1,10.023271,43.441574,529.734009,36.765713,200.489365,0.458529,0.349115,0.570976,0.396414,1,2.651993
1644834590156.26,148918623071,11755020516,1091.909752,472.756898,2.623802,1,-53.974583,51.645069,527.726990,34.580803,202.788986,0.630922,0.318100,0.566758,0.388855,1,2.594894,1,10.061990,43.419209,529.700256,36.595524,199.680206,0.458423,0.349186,0.570648,0.399073,1,2.652710
1644834590167.261,148918634174,11755031619,1092.865334,473.092693,2.621918,1,-53.936871,51.656746,527.766418,35.115582,202.868683,0.630810,0.318072,0.567791,0.388593,1,2.592972,1,10.097539,43.402863,529.739258,36.576397,199.430252,0.458330,0.349256,0.570611,0.399895,1,2.650864
1644834590178.3599,148918645277,11755042722,1093.313141,471.256113,2.625435,1,-53.887035,51.680702,527.881287,35.062027,203.137466,0.630643,0.318028,0.567687,0.387709,1,2.597549,1,10.128598,43.385643,529.822571,36.871532,200.092697,0.458251,0.349342,0.571181,0.397718,1,2.653320
1644834590189.347,148918656380,11755053825,1094.271469,472.784275,2.623512,1,-53.856419,51.710354,527.965637,35.708199,203.290176,0.630538,0.317951,0.568935,0.387207,1,2.593048,1,10.161192,43.387016,529.914307,36.742458,199.165146,0.458168,0.349365,0.570931,0.400766,1,2.653976
1644834590200.349,148918667483,11755064928,1093.254890,469.909769,2.625290,1,-53.827393,51.740650,528.077209,35.090012,204.421082,0.630428,0.317882,0.567741,0.383490,1,2.594833,1,10.191892,43.394726,530.037720,36.812119,199.491760,0.458092,0.349374,0.571066,0.399693,1,2.655746
1644834590211.344,148918678586,11755076031,1091.410217,470.100814,2.621025,1,-53.785057,51.810490,528.232178,34.968105,204.648193,0.630271,0.317687,0.567506,0.382743,1,2.589981,1,10.236025,43.412617,530.153381,35.938690,199.167755,0.457980,0.349344,0.569380,0.400758,1,2.652069
1644834590222.348,148918689689,11755087134,1091.395683,467.615962,2.622520,1,-53.752743,51.860695,528.358948,34.563816,205.132080,0.630149,0.317552,0.566725,0.381153,1,2.594116,1,10.276204,43.430710,530.290527,36.335155,199.943771,0.457879,0.349320,0.570145,0.398207,1,2.650925
1644834590233.344,148918700793,11755098238,1091.513443,467.557168,2.617828,1,-53.717865,51.913086,528.510925,34.803200,204.777161,0.630013,0.317418,0.567188,0.382319,1,2.587814,1,10.327179,43.448536,530.462219,36.159256,200.328522,0.457751,0.349308,0.569806,0.396942,1,2.647842
1644834590244.344,148918711897,11755109341,1092.289066,467.917889,2.617889,1,-53.653797,51.984241,528.679871,35.373657,204.990936,0.629793,0.317224,0.568289,0.381617,1,2.587067,1,10.371915,43.463135,530.584229,36.007351,199.931870,0.457638,0.349292,0.569512,0.398246,1,2.648712
1644834590255.3452,148918723000,11755120444,1093.013821,469.140941,2.617561,1,-53.612919,52.034031,528.777222,35.563614,204.578064,0.629656,0.317081,0.568656,0.382974,1,2.588593,1,10.419347,43.472473,530.688538,36.208454,199.724594,0.457516,0.349290,0.569901,0.398928,1,2.646530
1644834590267.345,148918734103,11755131547,1090.946159,470.589584,2.618942,1,-53.557449,52.077961,528.805542,35.050243,204.357971,0.629498,0.316934,0.567665,0.383697,1,2.590363,1,10.468712,43.475925,530.710632,35.606129,199.210159,0.457385,0.349284,0.568738,0.400618,1,2.647522
1644834590278.348,148918745206,11755142650,1093.878250,470.523351,2.617836,1,-53.485435,52.139355,528.793274,36.204590,203.912704,0.629307,0.316710,0.569893,0.385161,1,2.589340,1,10.514973,43.476894,530.691467,36.033871,199.688995,0.457260,0.349276,0.569563,0.399044,1,2.646332
1644834590289.345,148918756309,11755153753,1092.723370,470.368767,2.614937,1,-53.423141,52.171082,528.760193,35.955803,203.845367,0.629148,0.316586,0.569413,0.385382,1,2.585495,1,10.561697,43.474316,530.638916,35.659489,199.834702,0.457132,0.349271,0.568841,0.398566,1,2.644379
1644834590300.344,148918767412,11755164856,1095.490894,471.921480,2.618286,1,-53.363773,52.204353,528.703308,36.857521,203.434067,0.629003,0.316447,0.571154,0.386734,1,2.592712,1,10.607226,43.481544,530.561584,36.251114,199.458679,0.457006,0.349223,0.569983,0.399802,1,2.643860
1644834590311.362,148918778515,11755175959,1091.159134,474.197549,2.617485,1,-53.252171,52.258869,528.682373,34.851585,202.881378,0.628707,0.316246,0.567281,0.388551,1,2.591568,1,10.663021,43.496712,530.530334,35.919727,198.857346,0.456854,0.349160,0.569343,0.401778,1,2.643402
1644834590322.3801,148918789619,11755187063,1092.178116,473.362631,2.614197,1,-53.193867,52.299812,528.710144,35.563320,202.260223,0.628542,0.316110,0.568655,0.390593,1,2.591370,1,10.725774,43.512047,530.548767,35.757759,199.901855,0.456687,0.349112,0.569030,0.398345,1,2.637024
1644834590333.374,148918800722,11755198166,1091.847725,474.162894,2.607811,1,-53.129780,52.349705,528.810669,35.373276,201.465195,0.628342,0.315968,0.568288,0.393206,1,2.582291,1,10.788458,43.533604,530.651428,35.769600,200.291061,0.456524,0.349066,0.569053,0.397066,1,2.633331
1644834590345.376,148918811825,11755209269,1093.169918,470.178652,2.608772,1,-53.031673,52.389439,528.949951,35.430908,202.561066,0.628040,0.315876,0.568399,0.389604,1,2.583008,1,10.853074,43.541626,530.746399,36.425404,201.215363,0.456356,0.349066,0.570319,0.394027,1,2.634537
1644834590355.372,148918822928,11755220372,1094.493027,469.692868,2.609146,1,-52.965641,52.410488,529.048035,35.383625,203.526459,0.627836,0.315837,0.568308,0.386431,1,2.577072,1,10.923635,43.554474,530.845093,37.186607,200.496323,0.456173,0.349050,0.571789,0.396391,1,2.641220
1644834590367.376,148918834031,11755231475,1092.322369,469.046348,2.610779,1,-52.893391,52.421352,529.116943,34.403931,204.126053,0.627623,0.315823,0.566417,0.384460,1,2.581619,1,11.000734,43.557888,530.909058,36.995033,200.224564,0.455970,0.349058,0.571419,0.397284,1,2.639938
1644834590378.375,148918845135,11755242578,1093.950291,473.531467,2.611923,1,-52.808750,52.458916,529.197205,35.473278,202.449829,0.627373,0.315719,0.568481,0.389970,1,2.583069,1,11.073386,43.560104,530.961731,36.804066,199.626648,0.455778,0.349066,0.571050,0.399249,1,2.640778
1644834590389.376,148918856238,11755253681,1092.806625,472.394800,2.608910,1,-52.734505,52.465885,529.206726,34.966942,202.981033,0.627171,0.315698,0.567504,0.388223,1,2.584686,1,11.143491,43.551838,530.959839,36.693340,199.671768,0.455590,0.349096,0.570837,0.399101,1,2.633133
1644834590400.375,148918867341,11755264784,1105.040874,471.017092,2.607224,1,-52.639687,52.466679,529.181519,38.689621,203.775879,0.626922,0.315688,0.574690,0.385611,1,2.585281,1,11.237467,43.543652,530.915710,39.572014,199.575485,0.455336,0.349114,0.576394,0.399418,1,2.629166
1644834590411.3728,148918878445,11755275888,1126.640110,471.162200,2.606010,1,-52.433613,52.452354,528.954468,44.741440,204.442245,0.626428,0.315661,0.586373,0.383420,1,2.590347,1,11.349799,43.530064,530.717773,45.174759,198.835556,0.455024,0.349106,0.587210,0.401850,1,2.621674
1644834590422.375,148918889548,11755286991,1146.414070,472.914433,2.606033,1,-52.293808,52.462696,528.863586,50.018986,203.490601,0.626076,0.315594,0.596562,0.386548,1,2.587433,1,11.475299,43.520866,530.591797,50.566986,198.898712,0.454680,0.349104,0.597620,0.401642,1,2.624634
1644834590433.376,148918900651,11755298094,1161.577034,475.281447,2.602592,1,-52.163647,52.481556,528.778015,53.185707,202.110489,0.625748,0.315498,0.602675,0.391085,1,2.586838,1,11.582645,43.517662,530.468201,55.581970,199.078644,0.454385,0.349081,0.607301,0.401051,1,2.618347
1644834590444.374,148918911754,11755309197,1166.291084,475.544947,2.600342,1,-52.044189,52.547550,529.042358,54.610653,201.320068,0.625355,0.315357,0.605426,0.393683,1,2.576874,1,11.684255,43.543896,530.678589,56.700626,199.735443,0.454125,0.349050,0.609461,0.398892,1,2.623810
1644834590455.383,148918922857,11755320300,1167.680111,476.805103,2.601089,1,-51.973942,52.580425,529.180054,55.124672,201.741150,0.625130,0.315290,0.606418,0.392299,1,2.583145,1,11.755094,43.573349,530.806519,56.936134,198.675415,0.453943,0.348983,0.609915,0.402376,1,2.619034
1644834590467.371,148918933960,11755331403,1165.738277,476.400751,2.602547,1,-51.909462,52.618301,529.353088,55.353958,202.453293,0.624910,0.315217,0.606861,0.389958,1,2.581802,1,11.850822,43.606396,530.996277,55.659019,198.168274,0.453697,0.348922,0.607450,0.404043,1,2.623291
1644834590478.373,148918945063,11755342506,1164.177132,477.706146,2.597527,1,-51.811260,52.653069,529.430054,55.815781,202.773651,0.624626,0.315121,0.607752,0.388905,1,2.578812,1,11.941547,43.626434,531.049011,54.354832,197.186035,0.453457,0.348868,0.604932,0.407272,1,2.616241
1644834590489.374,148918956166,11755353609,1164.473476,480.503154,2.601891,1,-51.746922,52.683842,529.497253,56.077896,201.498795,0.624435,0.315036,0.608258,0.393096,1,2.577560,1,12.002936,43.639462,531.107056,54.252674,197.042679,0.453296,0.348839,0.604735,0.407743,1,2.626221
1644834590500.217,148918967270,11755364713,1166.545486,481.974614,2.600151,1,-51.680897,52.708954,529.531555,56.065296,200.806030,0.624248,0.314959,0.608234,0.395373,1,2.571350,1,12.062293,43.648083,531.137329,55.383205,196.989410,0.453139,0.348818,0.606917,0.407918,1,2.628952
1644834590511.666,148918978374,11755375816,1170.026722,477.824092,2.599648,1,-51.607582,52.723118,529.634827,56.752228,201.677551,0.624024,0.314947,0.609560,0.392508,1,2.568817,1,12.121427,43.652657,531.216370,56.574738,198.222366,0.452986,0.348826,0.609218,0.403865,1,2.630478
1644834590522.319,148918989477,11755386919,1170.532322,475.830156,2.596352,1,-51.564335,52.739426,529.715454,56.736225,202.255432,0.623886,0.314918,0.609529,0.390609,1,2.566330,1,12.163707,43.658131,531.290588,56.863586,198.655487,0.452877,0.348828,0.609775,0.402442,1,2.626373
1644834590533.3208,148919000580,11755398022,1168.797054,476.455110,2.596306,1,-51.521114,52.760208,529.848877,56.184288,202.039902,0.623735,0.314892,0.608464,0.391317,1,2.570206,1,12.216396,43.669338,531.438843,56.479168,198.554138,0.452745,0.348833,0.609033,0.402775,1,2.622406
1644834590545.017,148919011683,11755409125,1167.486191,477.516210,2.594719,1,-51.469669,52.783108,529.994446,56.237240,202.223114,0.623559,0.314863,0.608566,0.390715,1,2.571426,1,12.264927,43.681957,531.555359,55.718906,197.832932,0.452623,0.348822,0.607565,0.405145,1,2.618011
1644834590555.919,148919022786,11755420228,1169.204006,477.435100,2.593750,1,-51.435081,52.797813,530.085205,56.796288,202.348434,0.623442,0.314843,0.609645,0.390303,1,2.569839,1,12.298090,43.690014,531.639954,56.086723,197.748703,0.452539,0.348819,0.608276,0.405422,1,2.617661
1644834590566.477,148919033889,11755431331,1168.209686,474.873430,2.597832,1,-51.397152,52.811028,530.166016,57.141712,203.042236,0.623319,0.314825,0.610312,0.388022,1,2.573334,1,12.348967,43.692280,531.729858,55.204845,198.353760,0.452409,0.348838,0.606573,0.403434,1,2.622330
1644834590577.494,148919044992,11755442434,1169.962234,478.988922,2.598671,1,-51.345184,52.846992,530.207947,58.230679,201.953293,0.623168,0.314713,0.612414,0.391602,1,2.572144,1,12.389262,43.706757,531.760376,55.061504,197.355957,0.452303,0.348796,0.606296,0.406713,1,2.625198
1644834590589.493,148919056096,11755453538,1167.267666,478.751403,2.599442,1,-51.298973,52.861889,530.215698,57.604462,201.835159,0.623042,0.314663,0.611205,0.391990,1,2.577164,1,12.423516,43.712799,531.761780,54.233791,197.594528,0.452211,0.348775,0.604698,0.405929,1,2.621719
1644834590600.491,148919067199,11755464641,1166.961536,479.536021,2.593246,1,-51.245106,52.892620,530.208557,57.409748,202.261780,0.622899,0.314551,0.610830,0.390588,1,2.571228,1,12.469420,43.741211,531.744324,54.263268,196.770081,0.452087,0.348669,0.604755,0.408639,1,2.615265
1644834590611.491,148919078302,11755475744,1167.103100,477.829868,2.591042,1,-51.143093,52.935284,530.226135,55.944687,202.271347,0.622620,0.314406,0.608001,0.390556,1,2.567368,1,12.528178,43.760658,531.748230,55.804768,197.625595,0.451930,0.348602,0.607731,0.405827,1,2.614716
1644834590622.49,148919089405,11755486847,1178.602924,479.403216,2.591393,1,-51.064655,52.963341,530.280518,59.028099,202.261932,0.622395,0.314327,0.613954,0.390587,1,2.565109,1,12.595546,43.780849,531.788940,58.926460,196.837280,0.451752,0.348543,0.613758,0.408418,1,2.617676
1644834590633.51,148919100509,11755497950,1203.473396,475.804549,2.592453,1,-50.961010,52.993984,530.510071,64.305611,202.114532,0.622057,0.314301,0.624142,0.391072,1,2.566635,1,12.713352,43.801422,532.047302,67.068665,198.809326,0.451453,0.348547,0.629476,0.401936,1,2.618271
1644834590644.491,148919111612,11755509053,1233.646946,477.536595,2.591599,1,-50.828487,53.039982,530.809937,72.958717,201.431656,0.621624,0.314246,0.640847,0.393316,1,2.570312,1,12.836340,43.825745,532.295715,74.696671,198.613983,0.451141,0.348535,0.644202,0.402578,1,2.612885
1644834590655.4912,148919122715,11755520156,1241.154499,477.575701,2.589752,1,-50.762814,53.054302,530.935669,74.821396,201.047714,0.621416,0.314241,0.644443,0.394578,1,2.573318,1,12.899159,43.827148,532.401794,76.884918,198.978134,0.450980,0.348562,0.648426,0.401381,1,2.606186
1644834590666.49,148919133818,11755531259,1245.099621,479.264814,2.591827,1,-50.700367,53.044353,530.799316,76.558121,201.389969,0.621283,0.314229,0.647796,0.393453,1,2.578415,1,12.946337,43.812057,532.241882,77.276901,197.779465,0.450843,0.348570,0.649183,0.405321,1,2.605240
1644834590677.491,148919144922,11755542363,1246.571789,479.184419,2.596146,1,-50.649799,53.057499,530.809692,77.525642,201.329025,0.621145,0.314186,0.649663,0.393654,1,2.580002,1,12.980105,43.810940,532.244934,77.103745,197.881149,0.450753,0.348575,0.648849,0.404987,1,2.612289
1644834590688.4912,148919156025,11755553466,1248.711433,477.770323,2.596397,1,-50.621563,53.077892,530.864258,78.642357,201.967300,0.621055,0.314133,0.651819,0.391556,1,2.577988,1,13.005782,43.814640,532.299316,77.141571,197.959824,0.450688,0.348578,0.648922,0.404728,1,2.614807
1644834590700.491,148919167128,11755564569,1247.824459,479.135638,2.595810,1,-50.603146,53.130199,531.114014,78.186485,201.318207,0.620941,0.314036,0.650939,0.393689,1,2.572815,1,13.043180,43.843742,532.575256,77.118851,197.916656,0.450606,0.348556,0.648878,0.404870,1,2.618805
1644834590711.4912,148919178231,11755575672,1246.503925,475.119352,2.596375,1,-50.574242,53.169521,531.343323,77.844147,202.738327,0.620805,0.313978,0.650278,0.389021,1,2.577133,1,13.070254,43.861290,532.764404,76.748650,198.532990,0.450547,0.348549,0.648163,0.402844,1,2.615616
1644834590722.491,148919189334,11755586775,1246.984119,475.401896,2.593094,1,-50.559032,53.205803,531.473328,77.948929,202.150558,0.620731,0.313896,0.650481,0.390953,1,2.571198,1,13.096942,43.882774,532.900146,76.902977,198.977463,0.450484,0.348513,0.648461,0.401383,1,2.614990
1644834590733.491,148919200437,11755597878,1246.829052,475.902468,2.593407,1,-50.534233,53.236584,531.593445,77.650253,201.549744,0.620634,0.313829,0.649904,0.392928,1,2.570282,1,13.119514,43.907665,533.029968,77.117996,199.324478,0.450432,0.348463,0.648876,0.400243,1,2.616531
1644834590744.49,148919211540,11755608981,1246.351147,475.774384,2.591492,1,-50.508968,53.277393,531.746582,77.585060,201.640793,0.620527,0.313739,0.649778,0.392629,1,2.567352,1,13.148822,43.935940,533.155518,76.925278,199.298386,0.450362,0.348399,0.648504,0.400328,1,2.615631
1644834590755.493,148919222643,11755620084,1246.295815,474.393779,2.601463,1,-50.495197,53.298588,531.850708,77.491936,202.680817,0.620463,0.313701,0.649598,0.389210,1,2.581543,1,13.163501,43.968048,533.259460,76.988541,198.958405,0.450330,0.348316,0.648627,0.401446,1,2.621384
1644834590766.4932,148919233748,11755631188,1246.904469,473.198479,2.602814,1,-50.489429,53.330456,531.954102,78.172981,203.648300,0.620421,0.313625,0.650913,0.386030,1,2.585907,1,13.184128,44.010731,533.373108,76.635933,198.596939,0.450282,0.348198,0.647946,0.402634,1,2.619720
1644834590777.492,148919244851,11755642291,1247.016735,472.584593,2.609085,1,-50.485847,53.380054,532.101257,77.952057,203.715012,0.620374,0.313501,0.650487,0.385811,1,2.594238,1,13.196460,44.056103,533.496338,76.917427,198.841492,0.450257,0.348073,0.648489,0.401830,1,2.623932
1644834590788.492,148919255954,11755653394,1246.691551,473.627633,2.604218,1,-50.488098,53.414703,532.199341,77.796967,203.396423,0.620355,0.313413,0.650187,0.386858,1,2.587601,1,13.198336,44.093334,533.599670,76.897095,198.631241,0.450258,0.347971,0.648450,0.402521,1,2.620834
1644834590799.49,148919267057,11755664497,1247.332764,472.660518,2.603081,1,-50.495564,53.443371,532.299500,77.702286,203.811386,0.620349,0.313346,0.650004,0.385494,1,2.588470,1,13.194938,44.134117,533.711365,77.337730,198.706680,0.450274,0.347859,0.649301,0.402273,1,2.617691
1644834590811.49,148919278160,11755675600,1248.478031,477.629220,2.601799,1,-50.512707,53.492756,532.425964,78.914055,202.190445,0.620362,0.313216,0.652344,0.390822,1,2.585098,1,13.197318,44.176563,533.821045,76.743919,197.808273,0.450275,0.347740,0.648154,0.405227,1,2.618500
1644834590821.491,148919289263,11755686703,1247.642612,477.993983,2.601265,1,-50.518414,53.509285,532.529175,78.455765,202.166824,0.620351,0.313194,0.651459,0.390900,1,2.583633,1,13.198448,44.202709,533.930847,76.751480,197.646912,0.450279,0.347680,0.648169,0.405757,1,2.618896
1644834590833.492,148919300366,11755697806,1246.730804,477.042872,2.605148,1,-50.528393,53.532352,532.706909,78.247963,202.696274,0.620333,0.313175,0.651058,0.389159,1,2.584061,1,13.206217,44.230064,534.128235,76.467239,197.599731,0.450271,0.347640,0.647620,0.405912,1,2.626236
1644834590844.49,148919311469,11755708909,1247.005920,475.816727,2.606636,1,-50.530884,53.549217,532.928162,77.633949,203.458725,0.620284,0.313195,0.649872,0.386653,1,2.587616,1,13.206550,44.255787,534.315613,77.229706,197.458984,0.450283,0.347604,0.649092,0.406375,1,2.625656
1644834590855.491,148919322573,11755720013,1247.310104,474.825543,2.610886,1,-50.537025,53.558907,533.061829,77.999603,203.538956,0.620266,0.313208,0.650578,0.386389,1,2.592667,1,13.213740,44.263916,534.460815,77.028221,197.881302,0.450273,0.347618,0.648703,0.404986,1,2.629105
1644834590866.489,148919333676,11755731116,1246.334209,476.731467,2.609055,1,-50.532803,53.567810,533.200256,77.457954,202.547943,0.620220,0.313226,0.649533,0.389647,1,2.590820,1,13.224936,44.277008,534.615173,77.043335,197.905930,0.450253,0.347617,0.648732,0.404905,1,2.627289
1644834590877.492,148919344779,11755742219,1245.631371,475.642616,2.606224,1,-50.522949,53.567104,533.320435,76.983192,202.982040,0.620163,0.313272,0.648616,0.388220,1,2.586945,1,13.232861,44.286552,534.716919,77.138840,198.023911,0.450239,0.347613,0.648917,0.404518,1,2.625504
1644834590888.491,148919355882,11755753322,1246.898460,474.698263,2.604660,1,-50.514786,53.574032,533.384277,77.256630,203.276154,0.620125,0.313270,0.649144,0.387253,1,2.581909,1,13.237057,44.299374,534.783569,77.549034,198.208633,0.450232,0.347587,0.649709,0.403910,1,2.627411
1644834590899.493,148919366986,11755764425,1248.817120,472.451502,2.607513,1,-50.501842,53.579853,533.409668,77.926277,204.005951,0.620084,0.313259,0.650437,0.384854,1,2.589615,1,13.233067,44.314899,534.811157,77.914673,198.618042,0.450244,0.347540,0.650414,0.402565,1,2.625412
1644834590910.492,148919378089,11755775528,1251.091976,473.294914,2.609795,1,-50.494854,53.610260,533.465271,79.062286,203.072144,0.620051,0.313171,0.652630,0.387924,1,2.593918,1,13.216151,44.344532,534.860352,78.006142,199.124237,0.450292,0.347450,0.650591,0.400901,1,2.625671
1644834590922.501,148919389192,11755786631,1250.765648,475.283110,2.607208,1,-50.478374,53.629925,533.487427,78.609535,202.707397,0.620002,0.313109,0.651756,0.389123,1,2.593033,1,13.187438,44.386353,534.881470,78.282845,198.480881,0.450370,0.347307,0.651125,0.403016,1,2.621384
1644834590933.511,148919400295,11755797734,1250.078087,483.738559,2.576553,1,-50.470795,53.670311,533.492126,77.575661,200.466354,0.619980,0.312967,0.649760,0.396489,1,2.575943,1,13.126311,44.452400,534.884460,78.945663,196.434662,0.450532,0.347073,0.652405,0.409742,1,2.577164
1644834590943.49,148919411399,11755808838,1250.303135,486.212611,2.522308,1,-50.443581,53.688576,533.470581,75.920120,199.982681,0.619912,0.312895,0.646564,0.398079,1,2.520905,1,13.079460,44.479946,534.864136,80.722679,195.663864,0.450655,0.346969,0.655835,0.412275,1,2.523712
1644834590954.4922,148919422502,11755819941,1251.631222,493.912894,2.574020,1,-50.433762,53.726677,533.442810,73.728828,196.762451,0.619893,0.312750,0.642334,0.408664,1,2.597015,1,13.014939,44.501122,534.842529,83.630577,194.979706,0.450825,0.346886,0.661449,0.414524,1,2.551025
1644834590964.4922,148919433605,11755831044,nan,nan,nan,0,nan,nan,nan,nan,nan,nan,nan,nan,nan,0,nan,0,nan,nan,nan,nan,nan,nan,nan,nan,nan,0,nan
1644834590976.493,148919444708,11755842147,nan,nan,nan,0,nan,nan,nan,nan,nan,nan,nan,nan,nan,0,nan,0,nan,nan,nan,nan,nan,nan,nan,nan,nan,0,nan
1644834590987.491,148919455811,11755853250,nan,nan,nan,0,nan,nan,nan,nan,nan,nan,nan,nan,nan,0,nan,0,nan,nan,nan,nan,nan,nan,nan,nan,nan,0,nan
1644834590997.4922,148919466914,11755864353,nan,nan,nan,0,nan,nan,nan,nan,nan,nan,nan,nan,nan,0,nan,0,nan,nan,nan,nan,nan,nan,nan,nan,nan,0,nan
1644834591008.498,148919478017,11755875456,nan,nan,nan,0,nan,nan,nan,nan,nan,nan,nan,nan,nan,0,nan,0,nan,nan,nan,nan,nan,nan,nan,nan,nan,0,nan
1644834591019.489,148919489120,11755886559,nan,nan,nan,0,nan,nan,nan,nan,nan,nan,nan,nan,nan,0,nan,0,nan,nan,nan,nan,nan,nan,nan,nan,nan,0,nan
1644834591031.51,148919500225,11755897663,nan,nan,nan,0,nan,nan,nan,nan,nan,nan,nan,nan,nan,0,nan,0,nan,nan,nan,nan,nan,nan,nan,nan,nan,0,nan
1644834591042.498,148919511328,11755908766,nan,nan,nan,0,nan,nan,nan,nan,nan,nan,nan,nan,nan,0,nan,0,nan,nan,nan,nan,nan,nan,nan,nan,nan,0,nan
1644834591053.594,148919522431,11755919869,nan,nan,nan,0,nan,nan,nan,nan,nan,nan,nan,nan,nan,0,nan,0,nan,nan,nan,nan,nan,nan,nan,nan,nan,0,nan
1644834591065.489,148919533534,11755930972,nan,nan,nan,0,nan,nan,nan,nan,nan,nan,nan,nan,nan,0,nan,0,nan,nan,nan,nan,nan,nan,nan,nan,nan,0,nan
1644834591077.583,148919544637,11755942075,1264.709816,516.151911,2.500801,1,-50.619686,54.540215,533.816895,79.938522,204.481842,0.620286,0.309991,0.654321,0.383290,1,2.618347,1,13.044703,45.298279,535.029480,84.477875,175.984207,0.450751,0.344118,0.663085,0.476963,1,2.383255
1644834591088.574,148919555740,11755953178,1261.219997,528.222567,2.463852,1,-50.620686,54.538994,533.747009,78.055458,198.361511,0.620306,0.309970,0.650686,0.403408,1,2.544449,1,13.044703,45.298279,535.029480,84.477875,175.984207,0.450751,0.344118,0.663085,0.476963,1,2.383255
1644834591100.509,148919566843,11755964281,1258.537216,497.607565,2.522522,1,-50.618656,54.548859,533.705688,75.297623,199.963211,0.620311,0.309920,0.645362,0.398143,1,2.522568,1,13.011565,45.331829,534.838806,85.788124,189.905624,0.450826,0.343941,0.665614,0.431203,1,2.522476
1644834591111.495,148919577946,11755975384,1258.189659,475.639647,2.579086,1,-50.637764,54.567394,533.586731,75.828667,200.833298,0.620391,0.309811,0.646387,0.395283,1,2.523651,1,12.986036,45.385448,534.714966,85.069550,200.174164,0.450885,0.343714,0.664227,0.397450,1,2.634521
1644834591122.499,148919589050,11755986488,1259.638996,464.562446,2.565140,1,-50.656738,54.594814,533.554077,77.923065,206.072479,0.620450,0.309701,0.650431,0.378062,1,2.531784,1,12.975357,45.411861,534.730591,83.757195,200.551620,0.450914,0.343625,0.661693,0.396209,1,2.598495
1644834591133.255,148919600153,11755997591,1267.524204,463.942444,2.588051,1,-50.690533,54.627083,533.544983,82.072945,205.512665,0.620542,0.309583,0.658442,0.379902,1,2.568222,1,12.922939,45.468254,534.788086,83.862083,201.425812,0.451057,0.343441,0.661896,0.393336,1,2.607880
1644834591144.233,148919611256,11756008694,1269.424381,464.265829,2.588219,1,-50.773136,54.708202,533.719788,83.534859,205.191010,0.620717,0.309357,0.661264,0.380959,1,2.571777,1,12.874453,45.535004,534.987854,83.425461,201.583481,0.451198,0.343264,0.661053,0.392817,1,2.604660
1644834591155.239,148919622360,11756019797,1269.281616,465.965277,2.585640,1,-50.823086,54.748199,533.836060,82.803009,204.320496,0.620821,0.309257,0.659851,0.383821,1,2.574097,1,12.830298,45.586353,535.139343,84.080261,201.592331,0.451325,0.343127,0.662317,0.392788,1,2.597183
1644834591166.237,148919633463,11756030900,1267.953873,464.648616,2.590042,1,-50.893158,54.790752,534.037354,82.568634,205.388611,0.620956,0.309178,0.659399,0.380310,1,2.583298,1,12.771981,45.656055,535.406189,83.598221,201.191818,0.451496,0.342960,0.661386,0.394105,1,2.596786
1644834591177.815,148919644566,11756042003,1266.298256,463.331652,2.593536,1,-50.982395,54.842167,534.235596,81.905769,205.670258,0.621144,0.309067,0.658119,0.379384,1,2.584290,1,12.712178,45.719849,535.602844,83.367699,201.577927,0.451667,0.342793,0.660941,0.392836,1,2.602783
1644834591188.831,148919655669,11756053106,1268.063107,462.660348,2.587997,1,-51.037964,54.865273,534.354126,83.173141,206.168900,0.621261,0.309027,0.660566,0.377745,1,2.577911,1,12.672007,45.759575,535.746033,83.052666,201.419632,0.451782,0.342695,0.660333,0.393356,1,2.598083
1644834591199.815,148919666772,11756064209,1267.974644,461.698884,2.587494,1,-51.102219,54.900265,534.510620,82.617630,206.356430,0.621392,0.308959,0.659494,0.377128,1,2.576019,1,12.618083,45.821388,535.940063,83.560371,201.719620,0.451937,0.342534,0.661313,0.392370,1,2.598969
1644834591210.814,148919677876,11756075313,1268.691559,459.160638,2.586601,1,-51.173817,54.922283,534.638306,82.169601,207.495621,0.621551,0.308927,0.658629,0.373384,1,2.572647,1,12.553639,45.871456,536.063599,84.395256,201.867447,0.452116,0.342393,0.662925,0.391884,1,2.600555
1644834591221.8152,148919688979,11756086416,1268.087254,461.478674,2.582382,1,-51.219227,54.945702,534.700256,82.207001,206.461227,0.621656,0.308866,0.658701,0.376784,1,2.569168,1,12.515735,45.911530,536.143494,84.031792,201.726501,0.452221,0.342275,0.662223,0.392347,1,2.595596
1644834591232.815,148919700082,11756097519,1268.840790,463.667840,2.579857,1,-51.271336,54.964703,534.738037,82.975891,205.382446,0.621784,0.308811,0.660185,0.380330,1,2.565521,1,12.459645,45.955002,536.199280,83.669456,201.695282,0.452373,0.342138,0.661524,0.392450,1,2.594193
1644834591243.815,148919711185,11756108622,1268.888741,464.128000,2.581650,1,-51.349548,54.980198,534.817505,82.922791,205.590363,0.621972,0.308784,0.660083,0.379647,1,2.568756,1,12.403079,45.994205,536.279114,83.748413,201.254044,0.452527,0.342022,0.661676,0.393900,1,2.594543
1644834591254.814,148919722288,11756119725,1270.405254,461.924636,2.580139,1,-51.397324,54.984459,534.848999,83.161285,206.067307,0.622091,0.308780,0.660543,0.378079,1,2.566910,1,12.355822,46.012573,536.323730,84.328278,201.894302,0.452655,0.341970,0.662796,0.391796,1,2.593369
1644834591265.815,148919733391,11756130828,1276.420612,461.308211,2.581657,1,-51.442825,54.979370,534.882141,84.423607,206.188721,0.622204,0.308810,0.662980,0.377680,1,2.565308,1,12.306318,46.018635,536.372681,86.311714,202.085434,0.452789,0.341963,0.666625,0.391167,1,2.598007
1644834591277.8162,148919744494,11756141931,1300.123272,467.244244,2.582932,1,-51.455360,54.958904,534.774170,92.305489,203.469101,0.622265,0.308842,0.678196,0.386619,1,2.566605,1,12.296238,46.007397,536.288574,91.219398,201.795242,0.452811,0.341977,0.676099,0.392121,1,2.599258
1644834591288.815,148919755598,11756153034,1319.802074,470.704347,2.588013,1,-51.446930,54.940491,534.819336,97.640617,202.751770,0.622232,0.308924,0.688495,0.388977,1,2.573242,1,12.298752,46.009773,536.338623,96.502640,200.758133,0.452807,0.341984,0.686298,0.395530,1,2.602783
1644834591299.816,148919766702,11756164138,1335.743237,468.923289,2.592499,1,-51.465511,54.934547,534.968506,101.913391,204.462875,0.622243,0.309000,0.696744,0.383352,1,2.577652,1,12.289308,46.034164,536.509033,100.831467,199.950043,0.452843,0.341949,0.694655,0.398186,1,2.607346
1644834591310.814,148919777805,11756175241,1344.854050,467.287087,2.596794,1,-51.577927,54.999706,535.607239,105.082520,205.638626,0.622379,0.309000,0.702862,0.379488,1,2.581665,1,12.251637,46.099686,537.055054,102.578384,199.603928,0.452975,0.341883,0.698028,0.399324,1,2.611923
1644834591321.48,148919788908,11756186344,1345.957775,465.179247,2.599655,1,-51.659767,55.033318,535.915833,104.982224,206.720108,0.622517,0.308993,0.702668,0.375933,1,2.584152,1,12.200394,46.148891,537.404785,103.274216,199.591217,0.453132,0.341814,0.699371,0.399366,1,2.615158
1644834591332.481,148919800011,11756197447,1346.441345,465.805811,2.605934,1,-51.744255,55.065018,536.169250,105.829491,205.912537,0.622676,0.308972,0.704304,0.378587,1,2.588943,1,12.152984,46.189926,537.701233,102.687859,200.081100,0.453275,0.341758,0.698239,0.397756,1,2.622925
1644834591344.496,148919811114,11756208550,1344.956360,466.419947,2.604294,1,-51.823353,55.075935,536.201172,105.334862,205.159012,0.622878,0.308944,0.703349,0.381064,1,2.585541,1,12.096293,46.214317,537.738281,102.381241,200.523209,0.453427,0.341683,0.697647,0.396302,1,2.623047
1644834591355.481,148919822217,11756219653,1345.424938,467.017990,2.607613,1,-51.888920,55.082985,536.249023,105.869392,204.738342,0.623040,0.308935,0.704381,0.382447,1,2.586517,1,12.041127,46.236877,537.800903,102.099503,200.640732,0.453576,0.341621,0.697103,0.395916,1,2.628708
1644834591366.483,148919833320,11756230756,1346.970119,467.217582,2.605148,1,-51.957630,55.078789,536.260620,105.751633,205.056183,0.623220,0.308953,0.704154,0.381402,1,2.589493,1,11.968724,46.261883,537.822998,103.051048,200.221680,0.453769,0.341539,0.698940,0.397294,1,2.620804
1644834591377.481,148919844423,11756241859,1351.515999,469.920480,2.613976,1,-52.057705,55.072960,536.292725,106.727905,204.670624,0.623477,0.308984,0.706038,0.382670,1,2.603806,1,11.892488,46.290005,537.860779,104.527634,199.236755,0.453973,0.341450,0.701791,0.400531,1,2.624146
1644834591388.484,148919855527,11756252963,1349.910507,468.456888,2.615074,1,-52.120789,55.067081,536.315125,106.321838,205.358215,0.623639,0.309012,0.705254,0.380410,1,2.600067,1,11.834270,46.315472,537.894226,104.067398,199.291260,0.454128,0.341370,0.700902,0.400352,1,2.630081
1644834591399.482,148919866630,11756264066,1351.009712,467.423719,2.619026,1,-52.196884,55.066830,536.377197,106.535019,204.848816,0.623825,0.309035,0.705666,0.382084,1,2.600067,1,11.763646,46.341377,537.974182,104.447350,200.324509,0.454319,0.341302,0.701636,0.396956,1,2.637985
1644834591410.48,148919877733,11756275169,1348.879967,464.335191,2.617592,1,-52.302547,55.062077,536.482727,105.905739,205.053177,0.624078,0.309088,0.704451,0.381412,1,2.593582,1,11.697037,46.367748,538.074341,103.927467,201.686142,0.454501,0.341238,0.700632,0.392480,1,2.641602
1644834591421.4832,148919888837,11756286272,1350.297718,465.153533,2.617477,1,-52.380707,55.062485,536.545593,106.263626,204.685852,0.624270,0.309109,0.705142,0.382620,1,2.595169,1,11.621665,46.397095,538.157166,104.334526,201.638580,0.454705,0.341159,0.701418,0.392636,1,2.639786
1644834591432.481,148919899940,11756297375,1347.881126,465.293652,2.619492,1,-52.472000,55.061131,536.594666,105.161438,205.178925,0.624499,0.309130,0.703014,0.380999,1,2.598648,1,11.536956,46.432938,538.225647,104.132835,201.074402,0.454932,0.341052,0.701029,0.394491,1,2.640335
1644834591444.4832,148919911043,11756308478,1346.611347,465.935361,2.620216,1,-52.595821,55.060539,536.648682,104.368973,205.271072,0.624814,0.309150,0.701484,0.380696,1,2.604538,1,11.441026,46.477219,538.284668,104.240150,200.656876,0.455189,0.340913,0.701236,0.395863,1,2.635895
1644834591454.48,148919922146,11756319581,1346.746216,465.982747,2.624931,1,-52.695652,55.064087,536.687134,104.399284,205.199326,0.625069,0.309150,0.701543,0.380932,1,2.611526,1,11.351371,46.519577,538.340759,104.282578,200.704605,0.455428,0.340779,0.701318,0.395706,1,2.638336
1644834591466.482,148919933249,11756330684,1346.848869,465.235770,2.623238,1,-52.810776,55.068340,536.693237,105.310478,205.136185,0.625373,0.309135,0.703302,0.381139,1,2.610245,1,11.240821,46.574554,538.364746,103.426750,201.146515,0.455721,0.340591,0.699665,0.394254,1,2.636230
1644834591477.4822,148919944353,11756341788,1348.273716,464.817131,2.617729,1,-52.985363,55.081532,536.680664,106.343239,205.124527,0.625839,0.309081,0.705296,0.381178,1,2.597290,1,11.118505,46.630657,538.374207,103.162804,201.370453,0.456044,0.340395,0.699156,0.393517,1,2.638168
1644834591488.492,148919955456,11756352891,1354.717083,464.956301,2.613861,1,-53.083096,55.087029,536.661987,107.363655,205.117432,0.626103,0.309054,0.707266,0.381201,1,2.591385,1,11.024376,46.683216,538.366943,105.619156,201.306961,0.456292,0.340206,0.703898,0.393726,1,2.636337
1644834591499.4832,148919966559,11756363994,1372.684135,465.708035,2.607971,1,-53.195171,55.099068,536.692749,111.680618,205.054932,0.626392,0.309021,0.715600,0.381407,1,2.585526,1,10.921629,46.760838,538.416931,110.996910,200.988312,0.456565,0.339947,0.714280,0.394774,1,2.630417
1644834591510.4822,148919977662,11756375097,1396.621799,467.317522,2.605026,1,-53.334564,55.105618,536.653198,118.551933,204.695923,0.626772,0.308981,0.728865,0.382587,1,2.587097,1,10.815781,46.839188,538.399902,117.041954,200.531265,0.456843,0.339664,0.725950,0.396276,1,2.622955
1644834591521.481,148919988765,11756386200,1406.028728,468.623328,2.604584,1,-53.441845,55.108932,536.610718,121.164886,203.965378,0.627068,0.308952,0.733909,0.384988,1,2.592026,1,10.702616,46.905838,538.366089,119.504883,200.599655,0.457140,0.339418,0.730704,0.396051,1,2.617142
1644834591532.503,148919999868,11756397303,1405.636711,468.183392,2.605064,1,-53.599697,55.095303,536.381348,121.338730,204.269272,0.627548,0.308915,0.734245,0.383989,1,2.593628,1,10.540371,46.964424,538.140076,119.119507,200.518814,0.457556,0.339140,0.729960,0.396317,1,2.616501
1644834591544.482,148920010971,11756408406,1402.901745,469.069827,2.602417,1,-53.863014,55.086437,536.228882,120.269615,204.140320,0.628287,0.308886,0.732181,0.384413,1,2.585281,1,10.347237,47.046345,538.044495,118.712852,200.198318,0.458061,0.338819,0.729175,0.397370,1,2.619553
1644834591554.489,148920022075,11756419509,1401.398678,467.160505,2.601883,1,-54.034206,55.071354,536.134033,119.701355,204.665894,0.628767,0.308903,0.731084,0.382685,1,2.584198,1,10.163330,47.110451,537.958374,118.470055,200.640900,0.458542,0.338564,0.728707,0.395916,1,2.619568
1644834591565.479,148920033179,11756430613,1404.101200,469.288641,2.598717,1,-54.276257,55.055176,536.060303,120.163284,203.918350,0.629430,0.308929,0.731975,0.385142,1,2.581055,1,9.926681,47.191086,537.911316,119.466370,200.309402,0.459164,0.338262,0.730630,0.397005,1,2.616379
1644834591577.482,148920044282,11756441716,1403.766174,469.471425,2.596855,1,-54.629673,55.034435,536.005066,119.897041,203.721313,0.630384,0.308977,0.731461,0.385790,1,2.582718,1,9.680367,47.274868,537.904663,119.551826,200.413757,0.459815,0.337961,0.730795,0.396662,1,2.610992
1644834591588.48,148920055385,11756452819,1404.227715,468.592501,2.586090,1,-54.869854,55.027523,536.000244,120.157578,203.786484,0.631024,0.308996,0.731964,0.385576,1,2.567505,1,9.433891,47.359825,537.937683,119.540337,200.794189,0.460467,0.337668,0.730773,0.395412,1,2.604675
1644834591599.477,148920066488,11756463922,1403.169079,468.610615,2.580727,1,-55.181370,55.028576,536.065308,120.394951,204.105118,0.631834,0.309012,0.732423,0.384528,1,2.560440,1,9.159499,47.465759,538.053040,118.731720,200.466370,0.461197,0.337327,0.729212,0.396489,1,2.601013
1644834591610.728,148920077591,11756475025,1403.191395,467.393017,2.579742,1,-55.647247,55.027248,536.100952,120.321365,203.792557,0.633061,0.309022,0.732281,0.385556,1,2.558380,1,8.848692,47.558254,538.131775,118.817352,201.396301,0.462021,0.337021,0.729377,0.393433,1,2.601105
1644834591621.3328,148920088694,11756486128,1403.842735,467.674881,2.586067,1,-55.953999,55.023636,536.094482,120.267410,203.601410,0.633878,0.309028,0.732176,0.386184,1,2.566696,1,8.541826,47.649204,538.173523,119.222763,201.444565,0.462833,0.336709,0.730160,0.393274,1,2.605438
1644834591632.3308,148920099797,11756497231,1405.008430,465.048569,2.589149,1,-56.306763,55.016399,536.025269,119.966881,203.152359,0.634834,0.309023,0.731596,0.387660,1,2.570068,1,8.169323,47.741348,538.148254,120.152306,203.225266,0.463815,0.336371,0.731954,0.387421,1,2.608231
1644834591644.331,148920110900,11756508334,1406.482944,466.420019,2.584557,1,-56.873631,55.014900,535.966553,120.503647,202.660065,0.636357,0.308999,0.732632,0.389279,1,2.566040,1,7.782981,47.861248,538.161926,120.411163,203.022202,0.464836,0.335948,0.732454,0.388088,1,2.603073
1644834591654.4348,148920122004,11756519438,1406.463776,465.328377,2.579926,1,-57.244675,55.014885,535.937622,119.845528,202.931122,0.637351,0.308983,0.731362,0.388387,1,2.563889,1,7.394320,47.985748,538.185852,121.058907,203.304596,0.465863,0.335511,0.733704,0.387160,1,2.595963
1644834591666.437,148920133107,11756530541,1406.460285,469.818878,2.578514,1,-57.673553,55.025349,535.925598,119.686905,201.901520,0.638494,0.308935,0.731056,0.391772,1,2.560349,1,6.959303,48.151348,538.235291,121.215607,202.057373,0.467012,0.334937,0.734007,0.391260,1,2.596680
1644834591677.1282,148920144211,11756541644,1404.167004,465.661490,2.576477,1,-58.335690,55.022495,535.854675,118.713531,203.610611,0.640274,0.308909,0.729177,0.386154,1,2.557236,1,6.497882,48.318150,538.247375,120.951637,202.456253,0.468230,0.334347,0.733497,0.389948,1,2.595718
1644834591687.4749,148920155314,11756552747,1391.885147,469.898218,2.573097,1,-58.818245,55.044502,535.812439,116.077278,201.879257,0.641568,0.308809,0.724087,0.391845,1,2.554169,1,6.017290,48.496834,538.272888,116.960831,202.039368,0.469499,0.333719,0.725793,0.391319,1,2.592026
1644834591698.4749,148920166417,11756563850,1365.838051,472.235924,2.563789,1,-59.064995,55.061222,535.864258,114.900543,201.715912,0.642209,0.308765,0.721816,0.392382,1,2.532013,1,5.387485,48.680595,538.151367,104.082993,201.017365,0.471158,0.333024,0.700932,0.394678,1,2.595566
1644834591710.4758,148920177520,11756574953,1218.126183,472.158319,2.571381,1,-60.783958,55.154682,535.952576,59.730236,202.125931,0.646750,0.308441,0.615309,0.391034,1,2.541733,1,4.588736,48.903168,538.323059,79.550461,200.646713,0.473271,0.332283,0.653572,0.395896,1,2.601028
1644834591720.478,148920188623,11756586056,1102.704391,467.579287,2.600418,1,-61.573261,55.202827,536.077271,29.581770,204.374023,0.648809,0.308304,0.557108,0.383645,1,2.611160,1,3.699896,49.075039,537.962646,47.419212,200.720459,0.475611,0.331549,0.591543,0.395654,1,2.589676
1644834591732.476,148920199726,11756597159,1038.742733,464.218032,2.599167,1,-61.573261,55.202827,536.077271,29.581770,204.374023,0.648809,0.308304,0.557108,0.383645,1,2.611160,1,2.697986,49.255753,537.629333,12.906561,202.424774,0.478254,0.330790,0.524916,0.390052,1,2.587173
1644834591743.4749,148920210830,11756608263,782.771044,468.364084,2.578941,1,-64.432999,55.048763,533.871277,-72.185524,202.530960,0.657113,0.307998,0.360646,0.389703,1,2.566025,1,1.679772,49.405434,537.002502,-23.444262,202.165558,0.480940,0.330045,0.454741,0.390904,1,2.591858
1644834591853.477,148920221933,11756619366,702.930479,475.422692,2.550507,1,-64.798065,55.026917,533.709595,-82.525040,200.424423,0.658139,0.308011,0.340685,0.396627,1,2.490219,1,0.684022,49.556446,536.851807,-56.185360,200.693054,0.483576,0.329448,0.391534,0.395744,1,2.610794
1644834591854.477,148920233036,11756630469,636.346636,483.654660,2.559532,1,-65.081039,55.012444,533.650269,-89.810143,199.826828,0.658914,0.308036,0.326621,0.398591,1,2.500122,1,-0.280338,49.730183,536.885498,-84.827805,197.116714,0.486129,0.328831,0.336240,0.407500,1,2.618942
1644834591854.477,148920244139,11756641572,561.621866,490.236390,2.563042,1,-66.320732,54.925323,533.215820,-111.989098,197.680389,0.662368,0.308167,0.283805,0.405647,1,2.493149,1,-1.136819,49.847721,536.726257,-102.969109,195.925934,0.488398,0.328351,0.301218,0.411414,1,2.632935
1644834591855.4968,148920255242,11756652675,542.879448,490.113866,2.577515,1,-66.948509,54.964993,533.673645,-114.941956,197.928497,0.663891,0.308185,0.278104,0.404831,1,2.505661,1,-1.844204,50.053982,537.427979,-110.129341,195.739960,0.490265,0.327844,0.287395,0.412025,1,2.649368
1644834591855.4968,148920266345,11756663778,535.680084,487.084025,2.583908,1,-67.348160,54.978546,533.757996,-115.798538,197.915146,0.664929,0.308162,0.276451,0.404875,1,2.511063,1,-2.449634,50.208099,537.673889,-113.157417,197.289612,0.491863,0.327372,0.281549,0.406931,1,2.656754
1644834591857.476,148920277449,11756674881,533.710327,485.705030,2.582970,1,-68.309143,55.002155,533.902405,-116.653000,198.215958,0.667445,0.308117,0.274801,0.403887,1,2.510468,1,-3.024064,50.369701,537.861450,-113.365799,197.688019,0.493379,0.326856,0.281147,0.405622,1,2.655472
1644834591857.476,148920288552,11756685984,531.298714,487.232888,2.584007,1,-68.688675,54.960789,533.429626,-117.963440,197.838684,0.668620,0.308084,0.272271,0.405126,1,2.509613,1,-3.572324,50.468784,537.355042,-113.356598,197.290527,0.494836,0.326331,0.281165,0.406928,1,2.658401
1644834591858.4758,148920299656,11756697088,533.574371,491.073561,2.580360,1,-69.000572,54.949455,533.266113,-117.164543,197.123444,0.669509,0.308060,0.273814,0.407478,1,2.508118,1,-4.103405,50.612709,537.169312,-112.927605,196.058411,0.496245,0.325754,0.281993,0.410978,1,2.652603
1644834591858.4758,148920310759,11756708191,531.582613,493.177575,2.573746,1,-69.821533,54.937706,532.896667,-118.054649,195.648621,0.671831,0.307953,0.272095,0.412325,1,2.495941,1,-4.611991,50.745632,537.028503,-113.112244,196.466431,0.497593,0.325230,0.281637,0.409637,1,2.651550
1644834591859.476,148920321862,11756719294,529.202385,493.095624,2.566658,1,-70.181435,54.928410,532.758911,-118.183952,195.283157,0.672841,0.307930,0.271846,0.413527,1,2.484268,1,-5.094168,50.873581,536.921997,-114.267288,196.873489,0.498872,0.324736,0.279407,0.408299,1,2.649048
1644834591865.4739,148920332965,11756730397,526.116629,491.009885,2.566109,1,-70.438461,54.920311,532.661072,-118.311340,195.729889,0.673563,0.307919,0.271600,0.412058,1,2.480408,1,-5.553309,50.984844,536.824463,-115.804893,197.484299,0.500090,0.324304,0.276438,0.406292,1,2.651810
1644834591877.512,148920344068,11756741500,526.492252,490.448588,2.566856,1,-71.180649,54.892529,532.427795,-117.473572,196.126678,0.675631,0.307921,0.273217,0.410754,1,2.484512,1,-5.993056,51.095657,536.756775,-116.439987,197.372070,0.501256,0.323883,0.275212,0.406660,1,2.649200
1644834591887.4768,148920355171,11756752603,527.330503,489.056307,2.568886,1,-71.497307,54.881287,532.312866,-117.146294,196.493896,0.676520,0.307913,0.273849,0.409547,1,2.487946,1,-6.412614,51.191360,536.676636,-116.314941,197.710770,0.502369,0.323512,0.275454,0.405547,1,2.649826
1644834591899.4902,148920366274,11756763706,530.644083,489.075708,2.566742,1,-71.704224,54.868839,532.228149,-116.820183,196.182739,0.677104,0.307923,0.274478,0.410570,1,2.482391,1,-6.826219,51.273548,536.583862,-114.853142,198.012131,0.503468,0.323184,0.278276,0.404557,1,2.651093
1644834591910.475,148920377377,11756774809,528.529215,488.902384,2.575302,1,-72.308517,54.828102,531.946716,-117.708786,196.052628,0.678824,0.307955,0.272763,0.410997,1,2.492935,1,-7.206285,51.346935,536.478882,-115.105690,198.230133,0.504479,0.322884,0.277788,0.403840,1,2.657669
1644834591920.474,148920388481,11756785913,526.863899,491.199535,2.572853,1,-72.577271,54.807579,531.817017,-118.282570,195.553726,0.679591,0.307977,0.271655,0.412637,1,2.485580,1,-7.567253,51.418343,536.369629,-115.430458,197.564285,0.505439,0.322589,0.277161,0.406029,1,2.660126
1644834591932.476,148920399584,11756797016,525.435162,491.235137,2.579285,1,-72.757454,54.799023,531.756531,-118.419273,195.525711,0.680096,0.307982,0.271391,0.412729,1,2.496140,1,-7.910793,51.490501,536.312134,-116.064697,197.574219,0.506352,0.322310,0.275937,0.405996,1,2.662430
1644834591944.477,148920410688,11756808119,514.510288,493.923301,2.577560,1,-73.348503,54.776890,531.638489,-122.674736,194.366898,0.681723,0.308009,0.263176,0.416538,1,2.490768,1,-8.272509,51.562603,536.298828,-117.704086,197.370010,0.507311,0.322045,0.272772,0.406667,1,2.664352
1644834591954.476,148920421791,11756819222,493.471584,492.759132,2.580658,1,-73.669792,54.747780,531.466003,-128.378174,194.794281,0.682649,0.308044,0.252166,0.415134,1,2.491776,1,-8.650462,51.609550,536.164917,-123.352768,197.532928,0.508319,0.321828,0.261867,0.406132,1,2.669540
1644834591965.476,148920432894,11756830325,473.616529,495.994073,2.577461,1,-73.836029,54.737972,531.431641,-132.159698,194.612411,0.683107,0.308064,0.244865,0.415731,1,2.490372,1,-9.033679,51.688240,536.146484,-130.284698,196.074570,0.509336,0.321538,0.248485,0.410925,1,2.664551
1644834591976.475,148920443997,11756841428,456.465468,496.176213,2.578972,1,-74.298943,54.702457,531.342590,-137.804535,194.276199,0.684382,0.308151,0.233968,0.416837,1,2.492722,1,-9.366722,51.743992,536.136536,-133.894302,196.318436,0.510219,0.321332,0.241517,0.410124,1,2.665222
1644834591987.4749,148920455100,11756852531,457.039604,494.692111,2.575012,1,-74.610649,54.717655,531.604309,-137.699051,193.664185,0.685119,0.308188,0.234172,0.418848,1,2.492554,1,-9.644616,51.829086,536.448486,-133.689972,197.682922,0.510941,0.321134,0.241911,0.405639,1,2.657471
1644834591998.4739,148920466203,11756863634,457.459145,493.079048,2.573669,1,-74.726944,54.713223,531.642212,-137.168213,193.627182,0.685417,0.308216,0.235196,0.418970,1,2.489365,1,-9.870605,51.882664,536.570251,-133.994461,198.537827,0.511534,0.320983,0.241323,0.402829,1,2.657974
1644834592010.478,148920477307,11756874738,455.053883,493.430042,2.571518,1,-75.082657,54.703201,531.720642,-137.623032,193.911041,0.686340,0.308276,0.234318,0.418037,1,2.483368,1,-10.079264,51.938099,536.659058,-134.837463,198.076004,0.512083,0.320814,0.239696,0.404347,1,2.659668
1644834592020.4739,148920488410,11756885841,452.768254,494.245398,2.572372,1,-75.263123,54.677464,531.615112,-138.645737,193.991745,0.686864,0.308326,0.232344,0.417771,1,2.481674,1,-10.262420,51.966999,536.582947,-135.048050,197.581848,0.512572,0.320684,0.239290,0.405971,1,2.663071
1644834592032.48,148920499513,11756896944,455.861878,496.028495,2.574837,1,-75.339386,54.673271,531.590759,-138.594269,193.932007,0.687078,0.308331,0.232444,0.417968,1,2.479507,1,-10.444702,52.005287,536.560303,-133.430283,196.737503,0.513056,0.320538,0.242413,0.408746,1,2.670166
1644834592043.4749,148920510616,11756908047,456.079288,496.859872,2.578239,1,-75.557510,54.661667,531.505554,-138.227478,193.926895,0.687695,0.308337,0.233152,0.417985,1,2.488205,1,-10.591314,52.043110,536.531738,-133.679764,196.321075,0.513445,0.320392,0.241931,0.410115,1,2.668274
1644834592053.4739,148920521719,11756919150,455.919743,499.541759,2.582253,1,-75.681656,54.662739,531.435730,-137.964432,193.648193,0.688054,0.308306,0.233659,0.418901,1,2.495728,1,-10.711968,52.083458,536.486145,-134.028870,195.239929,0.513767,0.320232,0.241257,0.413669,1,2.668777
1644834592065.479,148920532822,11756930253,453.728771,500.498879,2.586433,1,-75.733345,54.662609,531.408508,-138.057510,193.463272,0.688203,0.308296,0.233480,0.419509,1,2.508209,1,-10.812375,52.123505,536.448975,-135.118027,194.939590,0.514035,0.320077,0.239154,0.414656,1,2.664658
1644834592076.476,148920543926,11756941356,455.153432,498.895204,2.594101,1,-75.900246,54.668461,531.389343,-137.465744,193.702667,0.688658,0.308265,0.234622,0.418722,1,2.517960,1,-10.915429,52.144424,536.459351,-134.941071,195.513290,0.514308,0.320005,0.239496,0.412770,1,2.670242
1644834592087.487,148920555029,11756952459,452.795234,496.457112,2.598671,1,-75.986603,54.662052,531.294067,-137.450882,193.693161,0.688926,0.308251,0.234651,0.418753,1,2.524200,1,-11.002259,52.149513,536.386230,-136.228348,196.759018,0.514542,0.319960,0.237011,0.408676,1,2.673141
1644834592098.475,148920566133,11756963563,454.175534,495.634514,2.598969,1,-76.024361,54.655518,531.239441,-136.934692,194.165680,0.689048,0.308254,0.235647,0.417200,1,2.515472,1,-11.091614,52.143959,536.291992,-135.999741,196.703583,0.514784,0.319946,0.237452,0.408858,1,2.682465
1644834592110.474,148920577236,11756974666,452.621441,496.057498,2.601807,1,-76.128113,54.627693,531.042236,-138.330750,193.747940,0.689402,0.308279,0.232952,0.418573,1,2.521133,1,-11.179819,52.134541,536.178040,-135.442261,196.906860,0.515024,0.319939,0.238528,0.408190,1,2.682480
1644834592120.482,148920588339,11756985769,454.946880,497.210026,2.601776,1,-76.182358,54.590214,530.844055,-138.411148,193.582642,0.689624,0.308339,0.232797,0.419116,1,2.515549,1,-11.263523,52.109257,535.991272,-134.107071,196.487762,0.515257,0.319963,0.241106,0.409567,1,2.688004
1644834592132.4749,148920599442,11756996872,454.783759,496.612304,2.600197,1,-76.210251,54.575706,530.747131,-139.101364,193.022202,0.689736,0.308354,0.231465,0.420959,1,2.517761,1,-11.344529,52.076706,535.807922,-133.504913,197.351334,0.515482,0.320014,0.242269,0.406729,1,2.682632
1644834592143.496,148920610545,11757007975,454.905667,496.604508,2.598778,1,-76.285759,54.521416,530.479919,-139.307159,192.515594,0.690043,0.308449,0.231067,0.422624,1,2.515121,1,-11.414846,52.045242,535.638062,-133.233322,197.861832,0.515679,0.320066,0.242793,0.405050,1,2.682434
1644834592154.4731,148920621648,11757019078,456.591911,497.986579,2.599487,1,-76.338730,54.485519,530.323181,-138.525284,192.422714,0.690246,0.308518,0.232577,0.422929,1,2.518692,1,-11.476959,52.024590,535.491516,-133.105331,197.253952,0.515852,0.320087,0.243040,0.407049,1,2.680283
1644834592165.666,148920632751,11757030181,455.830708,499.355543,2.603401,1,-76.361816,54.470112,530.249878,-138.321426,192.762955,0.690336,0.308546,0.232970,0.421811,1,2.521423,1,-11.523210,52.007118,535.349426,-133.719925,196.219559,0.515983,0.320100,0.241853,0.410449,1,2.685379
1644834592177.273,148920643854,11757041284,455.984001,500.577736,2.605637,1,-76.409592,54.422962,530.026672,-137.779114,192.963486,0.690551,0.308631,0.234017,0.421151,1,2.523285,1,-11.561811,51.992790,535.209717,-134.179504,195.399353,0.516094,0.320102,0.240966,0.413145,1,2.687988
1644834592187.272,148920654958,11757052388,456.401339,500.697327,2.606522,1,-76.437294,54.409130,529.943054,-137.675049,192.743027,0.690658,0.308650,0.234218,0.421876,1,2.525589,1,-11.585879,51.978252,535.132812,-134.058380,195.559189,0.516162,0.320126,0.241200,0.412619,1,2.687454
1644834592199.1392,148920666061,11757063491,457.305622,499.305117,2.606331,1,-76.436172,54.396557,529.900635,-137.967621,192.227081,0.690672,0.308679,0.233653,0.423572,1,2.527008,1,-11.594968,51.949333,535.049683,-133.277878,196.781036,0.516192,0.320200,0.242707,0.408603,1,2.685654
1644834592210.2302,148920677165,11757074594,455.021567,502.805275,2.603676,1,-76.405014,54.363434,529.752319,-138.623230,190.991852,0.690646,0.308743,0.232388,0.427632,1,2.524200,1,-11.573066,51.932552,534.950256,-133.854706,196.241547,0.516139,0.320226,0.241593,0.410377,1,2.683151
1644834592220.417,148920688268,11757085697,455.650663,504.813516,2.602631,1,-76.360901,54.347549,529.738708,-138.657974,190.913925,0.690533,0.308796,0.232321,0.427888,1,2.521225,1,-11.525676,51.916706,534.930481,-133.480530,195.301224,0.516014,0.320276,0.242316,0.413467,1,2.684036
1644834592231.952,148920699371,11757096800,481.532578,505.965739,2.604523,1,-76.296387,54.340321,529.719238,-134.221695,191.279831,0.690367,0.308815,0.240885,0.426686,1,2.518524,1,-11.368033,51.898422,534.876221,-123.951370,194.351089,0.515598,0.320324,0.260712,0.416590,1,2.690521
1644834592243.953,148920710474,11757107903,563.520498,504.173112,2.611282,1,-75.837852,54.318443,529.463440,-108.802757,192.677948,0.689232,0.308806,0.289956,0.422090,1,2.524185,1,-11.001788,51.876137,534.670166,-105.131004,193.861893,0.514635,0.320338,0.297044,0.418198,1,2.698380
1644834592253.814,148920721577,11757119006,686.895819,497.611034,2.626305,1,-75.478180,54.415371,530.180359,-79.186256,194.212372,0.687989,0.308729,0.347131,0.417046,1,2.552826,1,-10.486531,51.966610,535.505127,-68.176155,195.654648,0.513221,0.320312,0.368386,0.412305,1,2.699783
1644834592264.817,148920732680,11757130109,803.718452,485.031348,2.631935,1,-75.156334,54.496769,530.568665,-56.978462,196.075241,0.686976,0.308587,0.390003,0.410923,1,2.566696,1,-9.812121,52.031185,536.109131,-27.348421,200.170258,0.511400,0.320301,0.447204,0.397463,1,2.697174
1644834592276.816,148920743784,11757141213,1003.634548,469.204974,2.636559,1,-74.210091,54.759113,531.763306,6.029882,201.521515,0.683986,0.308105,0.511641,0.393021,1,2.583969,1,-9.159045,52.120605,536.804077,17.514635,202.748596,0.509635,0.320233,0.533812,0.388987,1,2.689148
1644834592287.814,148920754887,11757152316,1128.604832,462.384957,2.624069,1,-73.552399,54.824871,531.674316,39.329395,203.258301,0.682256,0.307848,0.575925,0.387312,1,2.563675,1,-8.474366,52.095139,536.560913,51.647060,204.469849,0.507830,0.320250,0.599705,0.383330,1,2.684464
1644834592298.818,148920765990,11757163419,1222.993984,463.465816,2.622307,1,-73.137367,54.875893,531.826233,60.028229,203.197342,0.681088,0.307728,0.615885,0.387512,1,2.566605,1,-7.808336,52.082119,536.715088,81.879028,203.982803,0.506059,0.320358,0.658068,0.384931,1,2.678009
1644834592309.8171,148920777093,11757174522,1316.183796,468.705851,2.634491,1,-72.374992,55.067047,532.676025,92.171310,200.489929,0.678735,0.307373,0.677937,0.396412,1,2.586273,1,-7.220757,52.086697,537.255554,100.019661,204.033325,0.504483,0.320536,0.693088,0.384764,1,2.682709
1644834592320.7632,148920788196,11757185625,1342.017860,473.767877,2.649338,1,-71.902161,55.160549,532.772034,100.875610,198.432831,0.677435,0.307083,0.694740,0.403174,1,2.607147,1,-6.746745,52.048058,537.301636,105.254906,203.523773,0.503226,0.320695,0.703195,0.386440,1,2.691528
1644834592331.765,148920799300,11757196728,1342.332058,474.907190,2.655746,1,-71.592415,55.201298,532.564941,102.158195,197.631989,0.676680,0.306865,0.697217,0.405806,1,2.616394,1,-6.294255,51.965878,536.940918,104.141853,203.746964,0.502040,0.320869,0.701046,0.385706,1,2.695099
1644834592343.7632,148920810403,11757207831,1338.606777,476.546413,2.649872,1,-70.853050,55.240707,531.659424,100.764572,197.575211,0.675024,0.306399,0.694526,0.405993,1,2.615555,1,-5.808257,51.847637,536.196350,103.525368,202.972549,0.500774,0.321039,0.699856,0.388251,1,2.684189
1644834592353.765,148920821506,11757218934,1338.273697,477.851629,2.640793,1,-70.316673,55.303909,531.314087,101.120956,197.323486,0.673708,0.306053,0.695214,0.406820,1,2.607895,1,-5.287310,51.756664,535.786743,102.989304,202.562454,0.499403,0.321228,0.698821,0.389599,1,2.673691
1644834592365.7888,148920832610,11757230038,1338.282452,477.646708,2.636223,1,-69.976173,55.386127,531.445129,101.000488,197.715897,0.672748,0.305814,0.694982,0.405530,1,2.603043,1,-4.763590,51.723099,535.902100,103.114502,202.273987,0.498011,0.321394,0.699063,0.390548,1,2.669403
1644834592376.765,148920843713,11757241141,1343.054981,474.994290,2.630859,1,-69.303902,55.556900,531.807617,102.831116,198.472977,0.670818,0.305350,0.698516,0.403042,1,2.594574,1,-4.236463,51.696159,536.096008,103.859032,202.861786,0.496608,0.321563,0.700500,0.388616,1,2.667145
1644834592386.768,148920854816,11757252244,1341.750469,473.509616,2.633095,1,-68.804695,55.666145,531.997986,102.462006,199.179367,0.669414,0.305039,0.697803,0.400720,1,2.602081,1,-3.709788,51.665623,536.215515,103.524178,202.908188,0.495208,0.321720,0.699854,0.388463,1,2.664108
1644834592398.764,148920865919,11757263347,1344.780064,471.772867,2.631577,1,-68.439415,55.736244,532.068054,102.997993,199.317886,0.668411,0.304821,0.698838,0.400264,1,2.598465,1,-3.199105,51.614071,536.237915,104.622940,203.650269,0.493854,0.321917,0.701975,0.386024,1,2.664688
1644834592409.7769,148920877022,11757274450,1346.488323,472.690630,2.630783,1,-67.785217,55.888084,532.400635,103.716446,199.145538,0.666545,0.304415,0.700225,0.400831,1,2.596542,1,-2.697634,51.581554,536.411499,104.826241,203.357269,0.492522,0.322099,0.702367,0.386987,1,2.665024
1644834592420.765,148920888125,11757285553,1348.931751,473.447585,2.625206,1,-67.327507,55.975063,532.596313,104.641678,199.216354,0.665253,0.304186,0.702011,0.400598,1,2.590927,1,-2.222041,51.536663,536.540955,105.219475,202.902603,0.491260,0.322308,0.703126,0.388481,1,2.659485
1644834592431.766,148920899228,11757296656,1346.838341,475.352776,2.621254,1,-66.994225,56.042679,532.722778,104.523705,199.153229,0.664318,0.303998,0.701783,0.400806,1,2.589966,1,-1.754833,51.491276,536.645325,104.207886,201.999725,0.490021,0.322511,0.701173,0.391449,1,2.652542
1644834592442.7642,148920910331,11757307759,1347.794380,476.135820,2.626381,1,-66.377060,56.151424,532.951721,105.428314,199.332962,0.662591,0.303706,0.703529,0.400215,1,2.601410,1,-1.306971,51.436504,536.742554,103.819138,201.422974,0.488834,0.322744,0.700423,0.393345,1,2.651352
1644834592453.765,148920921435,11757318863,1348.242130,475.443506,2.633026,1,-65.964378,56.222637,533.092163,105.605980,199.676758,0.661441,0.303512,0.703873,0.399085,1,2.606033,1,-0.890438,51.379005,536.821533,103.883080,201.430161,0.487730,0.322980,0.700546,0.393321,1,2.660019
1644834592465.7642,148920932539,11757329966,1349.008427,475.870103,2.640755,1,-65.652512,56.273228,533.184692,104.989601,199.711594,0.660577,0.303371,0.702683,0.398970,1,2.618622,1,-0.491434,51.325901,536.882507,104.912918,201.179077,0.486673,0.323194,0.702534,0.394147,1,2.662888
1644834592476.765,148920943642,11757341069,1349.357243,475.557142,2.640160,1,-65.089111,56.386730,533.372864,105.296440,199.849213,0.659009,0.303047,0.703275,0.398518,1,2.618042,1,-0.099358,51.280502,536.956116,104.794289,201.200134,0.485635,0.323384,0.702305,0.394077,1,2.662277
1644834592487.764,148920954745,11757352172,1350.843716,475.385195,2.642700,1,-64.728790,56.468525,533.517151,105.242935,200.075409,0.658000,0.302816,0.703172,0.397774,1,2.621628,1,0.246684,51.243977,537.047302,105.649918,201.061081,0.484719,0.323549,0.703957,0.394534,1,2.663773
1644834592498.7642,148920965848,11757363275,1348.441486,474.969381,2.636269,1,-64.453705,56.527542,533.649658,105.762001,200.487381,0.657222,0.302661,0.704174,0.396420,1,2.612991,1,0.619149,51.211514,537.168274,103.834579,200.859970,0.483733,0.323710,0.700453,0.395195,1,2.659546
1644834592509.767,148920976951,11757374378,1352.039680,471.483564,2.634789,1,-63.938786,56.612179,533.780823,106.037849,202.242157,0.655805,0.302417,0.704706,0.390652,1,2.611282,1,0.968323,51.165359,537.203247,105.500305,200.872650,0.482809,0.323890,0.703668,0.395154,1,2.658295
1644834592520.766,148920988054,11757385481,1366.340561,469.476074,2.634682,1,-63.601997,56.669598,533.865540,110.061623,203.123291,0.654879,0.302251,0.712474,0.387756,1,2.615524,1,1.305098,51.131374,537.235352,109.193024,201.009384,0.481918,0.324025,0.710797,0.394704,1,2.653839
1644834592531.764,148920999157,11757396584,1381.424561,468.235534,2.635544,1,-63.305248,56.738968,533.990479,113.406906,203.765472,0.654047,0.302056,0.718932,0.385645,1,2.616821,1,1.663756,51.109886,537.340515,113.986816,200.996216,0.480970,0.324142,0.720052,0.394748,1,2.654266
1644834592542.765,148921010261,11757407688,1395.982075,468.234068,2.637833,1,-62.800026,56.885818,534.298035,118.738541,203.719635,0.652602,0.301659,0.729225,0.385796,1,2.623123,1,2.009644,51.106155,537.505310,116.510109,201.042786,0.480056,0.324215,0.724923,0.394594,1,2.652542
1644834592553.7788,148921021364,11757418791,1393.617668,468.385667,2.634918,1,-62.526680,56.961651,534.398560,117.702515,203.791107,0.651841,0.301432,0.727225,0.385561,1,2.619934,1,2.277308,51.091782,537.570435,116.270355,200.894516,0.479349,0.324292,0.724460,0.395082,1,2.649902
1644834592564.7659,148921032467,11757429894,1394.512882,466.187686,2.635994,1,-62.278194,57.013386,534.347839,117.162018,203.946411,0.651194,0.301233,0.726182,0.385050,1,2.623535,1,2.543151,51.050865,537.456726,117.293877,201.853668,0.478644,0.324402,0.726436,0.391929,1,2.648453
1644834592575.764,148921043570,11757440997,1395.325642,463.568813,2.621674,1,-61.853683,57.101326,534.237000,117.828896,204.385330,0.650095,0.300885,0.727469,0.383607,1,2.621658,1,2.679563,51.010712,537.299805,117.065605,202.742615,0.478281,0.324493,0.725995,0.389007,1,2.621689
1644834592586.7642,148921054673,11757452100,1394.125671,461.453694,2.627716,1,-61.608803,57.162537,534.234863,118.477112,204.721130,0.649443,0.300671,0.728720,0.382504,1,2.623001,1,3.033480,50.967594,537.219055,115.769882,203.479233,0.477343,0.324623,0.723494,0.386586,1,2.632431
1644834592598.763,148921065777,11757463203,1393.609486,464.696217,2.633850,1,-61.410099,57.215485,534.323853,118.165848,204.662842,0.648885,0.300520,0.728119,0.382695,1,2.628204,1,3.387313,50.947067,537.316284,115.802704,201.893387,0.476409,0.324733,0.723557,0.391798,1,2.639496
1644834592609.7642,148921076880,11757474306,1394.644833,467.344916,2.644051,1,-61.110584,57.304638,534.580811,117.772942,204.112473,0.648008,0.300306,0.727361,0.384504,1,2.622238,1,3.480653,50.960327,537.482178,116.754265,201.100769,0.476164,0.324743,0.725394,0.394404,1,2.665863
1644834592620.764,148921087983,11757485409,1396.368427,468.211198,2.640816,1,-60.936836,57.347458,534.732971,118.164238,203.392960,0.647498,0.300215,0.728116,0.386869,1,2.621353,1,3.653804,50.951004,537.608154,117.292908,201.381088,0.475709,0.324821,0.726434,0.393483,1,2.660278
1644834592631.766,148921099087,11757496513,1395.519104,467.040986,2.637489,1,-60.794224,57.382896,534.850769,118.721657,203.435562,0.647083,0.300136,0.729192,0.386729,1,2.616745,1,3.826277,50.949039,537.721008,116.277229,201.931824,0.475255,0.324868,0.724473,0.391672,1,2.658234
1644834592642.7651,148921110190,11757507616,1397.430553,468.900955,2.639702,1,-60.585121,57.442169,534.948486,119.626984,202.570053,0.646496,0.299967,0.730940,0.389574,1,2.623352,1,3.965921,50.945477,537.762939,116.403290,201.854248,0.474886,0.324896,0.724717,0.391927,1,2.656052
1644834592654.764,148921121293,11757518719,1397.666473,469.223803,2.638382,1,-60.453075,57.469410,534.984802,119.328316,203.125412,0.646133,0.299886,0.730363,0.387749,1,2.621674,1,4.080345,50.950092,537.777100,116.829323,201.135193,0.474584,0.324887,0.725539,0.394291,1,2.655090
1644834592664.766,148921132396,11757529822,1398.034344,469.124776,2.642296,1,-60.345695,57.492195,534.975464,119.420273,203.194931,0.645850,0.299803,0.730541,0.387520,1,2.627640,1,4.187128,50.940842,537.742554,116.935822,201.115875,0.474301,0.324909,0.725745,0.394354,1,2.656952
1644834592676.765,148921143499,11757540925,1394.812031,466.534048,2.643646,1,-60.172794,57.502686,534.905334,118.067352,204.345779,0.645410,0.299742,0.727929,0.383738,1,2.628525,1,4.282038,50.933197,537.666931,116.550041,201.278641,0.474048,0.324912,0.725000,0.393819,1,2.658768
1644834592687.764,148921154602,11757552028,1393.458652,470.017701,2.649582,1,-60.084793,57.525551,534.875549,118.022072,203.192841,0.645185,0.299651,0.727842,0.387527,1,2.632553,1,4.363184,50.928562,537.618835,115.865036,200.665192,0.473832,0.324914,0.723678,0.395836,1,2.666611
1644834592698.763,148921165705,11757563131,1394.475918,470.916921,2.647720,1,-60.013470,57.539017,534.863892,117.682373,202.674454,0.644998,0.299599,0.727186,0.389231,1,2.626831,1,4.421909,50.921459,537.588196,116.753616,200.727631,0.473676,0.324929,0.725393,0.395630,1,2.668610
1644834592709.7722,148921176808,11757574234,1394.319077,470.409501,2.644058,1,-59.923771,57.559803,534.916382,117.906540,202.754303,0.644743,0.299547,0.727619,0.388969,1,2.624893,1,4.481217,50.919361,537.614868,116.444893,200.905090,0.473520,0.324947,0.724797,0.395047,1,2.663223
1644834592720.771,148921187912,11757585338,1394.688206,467.020977,2.636383,1,-59.882111,57.572803,534.978516,117.453041,203.316299,0.644614,0.299526,0.726743,0.387121,1,2.620880,1,4.518037,50.919319,537.673584,117.097534,202.061203,0.473424,0.324967,0.726057,0.391247,1,2.651886
1644834592731.771,148921199016,11757596441,1391.821289,465.462792,2.636276,1,-59.864223,57.593575,535.093506,117.018173,204.093750,0.644532,0.299496,0.725904,0.384566,1,2.622101,1,4.557611,50.934574,537.813171,115.985451,202.073822,0.473322,0.324960,0.723910,0.391205,1,2.650452
1644834592742.783,148921210119,11757607544,1393.080654,466.776431,2.634651,1,-59.856941,57.647484,535.251953,117.511681,203.173401,0.644465,0.299366,0.726856,0.387591,1,2.618240,1,4.575612,50.952759,537.931091,116.171478,202.328094,0.473277,0.324936,0.724269,0.390370,1,2.651062
1644834592753.771,148921221222,11757618647,1391.267624,464.989293,2.633141,1,-59.856350,57.671833,535.335693,117.071381,204.480560,0.644438,0.299312,0.726006,0.383294,1,2.611298,1,4.583530,50.976234,538.018921,115.633453,201.927155,0.473258,0.324883,0.723231,0.391688,1,2.654984
1644834592765.765,148921232325,11757629750,1399.593945,465.915495,2.632195,1,-59.846836,57.695221,535.374939,119.053162,204.921326,0.644401,0.299244,0.729832,0.381846,1,2.612305,1,4.590778,51.002144,538.064026,118.144478,201.016708,0.473240,0.324806,0.728078,0.394680,1,2.652084
1644834592776.769,148921243428,11757640853,1415.683022,466.265416,2.628258,1,-59.791832,57.700832,535.289612,123.322105,205.439606,0.644280,0.299192,0.738073,0.380142,1,2.610504,1,4.609636,51.015244,537.989929,122.556908,200.321014,0.473188,0.324736,0.736596,0.396967,1,2.646011
1644834592787.202,148921254531,11757651956,1431.155205,467.382270,2.624069,1,-59.766365,57.718884,535.300537,126.653099,204.571777,0.644209,0.299133,0.744504,0.382995,1,2.609131,1,4.626061,51.026905,537.991943,127.574486,200.622528,0.473145,0.324696,0.746283,0.395976,1,2.639008
1644834592798.4011,148921265634,11757663059,1437.618313,468.299210,2.621635,1,-59.768276,57.731270,535.331970,127.892715,203.912750,0.644204,0.299101,0.746897,0.385161,1,2.603485,1,4.628783,51.038696,538.031738,129.822266,200.816635,0.473138,0.324667,0.750622,0.395338,1,2.639786
1644834592809.405,148921276738,11757674163,1435.066795,465.581363,2.620850,1,-59.836468,57.770458,535.625732,127.316772,204.564453,0.644298,0.299074,0.745785,0.383019,1,2.601181,1,4.610255,51.063854,538.273193,129.021408,201.542969,0.473193,0.324659,0.749076,0.392950,1,2.640518
1644834592820.2788,148921287841,11757685266,1435.746059,465.197933,2.621033,1,-59.904469,57.792973,535.779480,127.584312,204.900955,0.644433,0.299052,0.746302,0.381913,1,2.599930,1,4.568548,51.085854,538.429199,129.120346,201.400925,0.473306,0.324633,0.749267,0.393417,1,2.642136
1644834592831.867,148921298944,11757696369,1434.080772,462.942839,2.617821,1,-59.965343,57.809025,535.877319,127.044472,205.390381,0.644566,0.299032,0.745259,0.380304,1,2.598053,1,4.511622,51.115513,538.564575,128.761719,202.054916,0.473460,0.324573,0.748575,0.391268,1,2.637589
1644834592842.5369,148921310047,11757707472,1439.671841,467.117625,2.617676,1,-60.088058,57.845715,535.870300,129.195023,203.830124,0.644894,0.298898,0.749411,0.385432,1,2.601013,1,4.423640,51.145470,538.570251,129.628006,201.498398,0.473692,0.324468,0.750247,0.393097,1,2.634338
1644834592853.536,148921321151,11757718575,1440.433731,466.389352,2.617188,1,-60.180134,57.858597,535.834961,129.551071,203.757477,0.645149,0.298837,0.750099,0.385671,1,2.604797,1,4.340445,51.181213,538.543579,129.682999,201.940323,0.473911,0.324332,0.750353,0.391644,1,2.629578
1644834592864.763,148921332254,11757729678,1445.300846,467.611545,2.620834,1,-60.275761,57.874950,535.744385,130.962677,202.651291,0.645430,0.298743,0.752824,0.389307,1,2.608810,1,4.204749,51.220280,538.437317,130.897644,202.426804,0.474266,0.324157,0.752698,0.390045,1,2.632858
1644834592876.7632,148921343357,11757740781,1443.964806,464.401245,2.617340,1,-60.455814,57.893269,535.714111,130.146469,203.941803,0.645917,0.298664,0.751248,0.385065,1,2.602615,1,4.066407,51.288116,538.426575,130.992950,202.764038,0.474631,0.323913,0.752882,0.388937,1,2.632065
1644834592886.7668,148921354460,11757751884,1442.694740,466.343182,2.619499,1,-60.600506,57.923355,535.732544,130.103882,203.503571,0.646296,0.298562,0.751166,0.386506,1,2.605606,1,3.941288,51.353409,538.461060,130.350204,202.217590,0.474962,0.323693,0.751641,0.390733,1,2.633392
1644834592897.763,148921365564,11757762988,1441.635475,466.122723,2.615921,1,-60.755280,57.949162,535.853027,130.161636,203.780243,0.646671,0.298515,0.751277,0.385596,1,2.601730,1,3.785498,51.450489,538.641602,129.720901,202.052734,0.475376,0.323410,0.750426,0.391275,1,2.630112
1644834592909.7632,148921376667,11757774091,1440.350361,465.001559,2.618805,1,-61.024677,57.973568,536.005615,129.858902,204.377747,0.647341,0.298483,0.750693,0.383632,1,2.604507,1,3.616894,51.539211,538.786682,129.330185,202.023697,0.475823,0.323144,0.749672,0.391370,1,2.633102
1644834592920.78,148921387770,11757785194,1439.984093,465.009177,2.624565,1,-61.206043,57.984970,536.100342,129.474503,204.340530,0.647794,0.298477,0.749951,0.383755,1,2.609528,1,3.468720,51.608055,538.902222,129.517044,202.057022,0.476215,0.322938,0.750033,0.391261,1,2.639603
1644834592931.763,148921398873,11757796297,1440.355396,464.056635,2.623260,1,-61.377602,57.991177,536.169556,128.760773,204.483154,0.648229,0.298479,0.748573,0.383286,1,2.608200,1,3.265754,51.691658,539.023254,130.431137,202.397354,0.476752,0.322682,0.751797,0.390142,1,2.638321
1644834592942.7842,148921409976,11757807400,1437.227211,463.683236,2.624275,1,-61.685783,58.005302,536.354187,127.204063,204.571579,0.648991,0.298495,0.745568,0.382995,1,2.609406,1,3.060111,51.785641,539.201233,130.299911,202.498245,0.477297,0.322409,0.751544,0.389810,1,2.639145
1644834592953.764,148921421079,11757818503,1439.966240,464.057189,2.617058,1,-61.930199,58.020157,536.495911,128.422333,204.464859,0.649597,0.298493,0.747919,0.383346,1,2.600510,1,2.869518,51.877094,539.369873,130.559509,202.415421,0.477801,0.322141,0.752045,0.390083,1,2.633606
1644834592964.772,148921432182,11757829606,1439.029655,463.404018,2.617882,1,-62.159138,58.030102,536.605164,128.422577,204.967545,0.650171,0.298497,0.747920,0.381694,1,2.600433,1,2.614687,51.989670,539.558044,130.053940,202.243927,0.478475,0.321806,0.751069,0.390646,1,2.635330
1644834592975.7632,148921443285,11757840709,1439.641457,464.018279,2.614761,1,-62.620003,58.053646,536.817139,128.205872,204.637894,0.651328,0.298488,0.747502,0.382777,1,2.595032,1,2.308686,52.111862,539.772217,130.600739,202.262100,0.479283,0.321445,0.752125,0.390587,1,2.634491
1644834592986.763,148921454390,11757851813,1439.442329,463.581043,2.642822,1,-62.953785,58.056419,536.905273,127.642906,204.670746,0.652186,0.298507,0.746415,0.382669,1,2.597107,1,2.177479,52.150154,539.844910,131.056244,202.450958,0.479629,0.321333,0.753004,0.389966,1,2.688538
1644834592997.761,148921465493,11757862916,1436.967373,466.973770,2.645828,1,-63.261448,58.045864,536.901489,128.017670,203.513458,0.653004,0.298538,0.747138,0.386473,1,2.597382,1,1.642951,52.297394,539.912659,129.346024,201.888016,0.481036,0.320831,0.749703,0.391816,1,2.694275
1644834593009.764,148921476596,11757874019,1439.475346,466.768312,2.652107,1,-63.877285,58.016247,536.851868,129.593948,202.519791,0.654653,0.298615,0.750181,0.389740,1,2.598938,1,1.024461,52.424450,539.945740,129.123001,202.985886,0.482665,0.320387,0.749272,0.388208,1,2.705276
1644834593020.7642,148921487699,11757885122,1436.735573,466.337764,2.626427,1,-64.306572,57.975170,536.773376,128.655945,202.939621,0.655818,0.298723,0.748370,0.388359,1,2.600388,1,0.818040,52.478233,539.947632,128.582733,202.784256,0.483208,0.320196,0.748229,0.388870,1,2.652466
1644834593030.762,148921498802,11757896225,1423.120193,463.409007,2.615425,1,-64.498024,57.970196,536.843994,128.007858,203.512390,0.656303,0.298765,0.747119,0.386477,1,2.581909,1,0.215326,52.566875,539.867432,121.884148,203.696533,0.484795,0.319849,0.735298,0.385871,1,2.648941
1644834593042.763,148921509905,11757907328,1384.621811,464.293867,2.567978,1,-64.841881,57.917263,536.662292,127.269218,203.919724,0.657274,0.298877,0.745693,0.385138,1,2.477997,1,-0.555413,52.690464,539.953003,101.849709,202.840530,0.486824,0.319433,0.696621,0.388685,1,2.657959
1644834593053.762,148921521008,11757918431,nan,nan,nan,0,nan,nan,nan,nan,nan,nan,nan,nan,nan,0,nan,1,-1.396811,52.795696,539.894470,71.584320,202.093323,0.489040,0.319031,0.638194,0.391141,1,2.671844
1644834593063.763,148921532111,11757929534,nan,nan,nan,0,nan,nan,nan,nan,nan,nan,nan,nan,nan,0,nan,1,-1.886842,52.896954,540.095581,52.753979,200.330246,0.490328,0.318738,0.601842,0.396937,1,2.659470
1644834593074.765,148921543215,11757940638,nan,nan,nan,0,nan,nan,nan,nan,nan,nan,nan,nan,nan,0,nan,1,-2.420226,52.947918,539.773865,30.362431,200.105942,0.491736,0.318440,0.558615,0.397674,1,2.587692
1644834593085.763,148921554318,11757951741,nan,nan,nan,0,nan,nan,nan,nan,nan,nan,nan,nan,nan,0,nan,1,-5.593989,53.299290,538.733154,-83.373383,190.123978,0.500124,0.316798,0.339048,0.430485,1,2.600418
1644834593095.764,148921565421,11757962844,nan,nan,nan,0,nan,nan,nan,nan,nan,nan,nan,nan,nan,0,nan,1,-5.593989,53.299290,538.733154,-83.373383,190.123978,0.500124,0.316798,0.339048,0.430485,1,2.600418
1644834593107.765,148921576524,11757973947,nan,nan,nan,0,nan,nan,nan,nan,nan,nan,nan,nan,nan,0,nan,1,-5.593989,53.299290,538.733154,-83.373383,190.123978,0.500124,0.316798,0.339048,0.430485,1,2.600418
1644834593118.762,148921587628,11757985050,nan,nan,nan,0,nan,nan,nan,nan,nan,nan,nan,nan,nan,0,nan,1,-7.917147,53.689301,538.669861,-113.544861,191.167236,0.506257,0.315369,0.280801,0.427056,1,2.645599
1644834593129.7668,148921598731,11757996153,nan,nan,nan,0,nan,nan,nan,nan,nan,nan,nan,nan,nan,0,nan,1,-8.231584,53.741386,538.665222,-112.996910,192.306808,0.507087,0.315180,0.281859,0.423310,1,2.725494
1644834593141.7651,148921609834,11758007256,nan,nan,nan,0,nan,nan,nan,nan,nan,nan,nan,nan,nan,0,nan,1,-8.573274,53.794636,538.645264,-114.137047,194.263809,0.507990,0.314980,0.279658,0.416877,1,2.745026
1644834593152.7778,148921620937,11758018359,518.867941,505.076963,2.587006,1,-75.155502,57.181271,534.415649,-122.585747,191.810623,0.685494,0.300469,0.263348,0.424941,1,2.432449,1,-9.243755,53.923695,538.548096,-115.441757,194.270905,0.509764,0.314482,0.277140,0.416854,1,2.741562
1644834593164.764,148921632041,11758029463,513.683138,506.227756,2.607918,1,-75.358131,57.159901,534.295837,-123.887375,191.146317,0.686079,0.300496,0.260835,0.427125,1,2.478302,1,-9.913404,54.055351,538.411804,-116.937744,194.351700,0.511538,0.313961,0.274251,0.416588,1,2.737534
1644834593175.7458,148921643144,11758040566,515.422411,503.790253,2.638573,1,-75.939072,57.069180,533.965942,-122.355331,192.171890,0.687754,0.300684,0.263793,0.423753,1,2.541443,1,-10.568284,54.188156,538.293274,-117.531319,194.562042,0.513273,0.313441,0.273106,0.415897,1,2.735703
1644834593186.7449,148921654247,11758051669,514.082050,501.295280,2.634804,1,-76.439590,57.016483,533.724182,-122.575424,192.471451,0.689182,0.300771,0.263368,0.422769,1,2.528732,1,-11.219131,54.332359,538.268311,-118.034462,195.527573,0.514993,0.312915,0.272134,0.412723,1,2.740875
1644834593197.745,148921665350,11758062772,514.289560,501.130986,2.642250,1,-76.698395,56.982281,533.553162,-121.995346,191.941055,0.689938,0.300824,0.264488,0.424512,1,2.539642,1,-11.845367,54.464260,538.149841,-118.502586,196.141281,0.516654,0.312399,0.271231,0.410706,1,2.744858
1644834593208.7468,148921676453,11758073875,514.443970,500.610924,2.649078,1,-77.577957,56.852093,532.861816,-122.773460,192.246979,0.692556,0.301009,0.262986,0.423507,1,2.549637,1,-12.447557,54.581646,537.923767,-117.641182,196.099045,0.518258,0.311896,0.272894,0.410845,1,2.748520
1644834593219.749,148921687556,11758084978,513.781013,501.203477,2.652794,1,-77.991753,56.809559,532.669067,-122.247192,191.699661,0.693738,0.301081,0.264001,0.425306,1,2.559677,1,-13.003009,54.702278,537.825073,-118.525108,196.345886,0.519732,0.311427,0.271187,0.410033,1,2.745911
1644834593230.745,148921698659,11758096081,513.742990,501.547801,2.655701,1,-78.197144,56.784714,532.516174,-122.370979,192.164047,0.694348,0.301108,0.263763,0.423779,1,2.566513,1,-13.518060,54.805904,537.602112,-118.421875,195.706924,0.521108,0.310974,0.271386,0.412134,1,2.744888
1644834593242.746,148921709762,11758107184,506.976242,505.082363,2.651756,1,-78.906441,56.697392,531.898804,-124.253113,191.011139,0.696491,0.301173,0.260129,0.427569,1,2.558014,1,-13.994423,54.892242,537.342163,-120.190956,195.067673,0.522386,0.310569,0.267971,0.414235,1,2.745499
1644834593252.744,148921720867,11758118288,490.701256,506.261319,2.645103,1,-79.274063,56.644657,531.540344,-128.629761,191.023514,0.697619,0.301218,0.251680,0.427528,1,2.542999,1,-14.469764,54.952637,537.005310,-124.596031,194.457520,0.523668,0.310227,0.259467,0.416241,1,2.747208
1644834593264.745,148921731970,11758129391,474.958534,507.117087,2.638733,1,-79.439850,56.631969,531.483521,-130.999283,191.277191,0.698086,0.301239,0.247106,0.426694,1,2.532700,1,-14.939362,55.034382,536.952515,-130.720993,193.769882,0.524915,0.309912,0.247643,0.418501,1,2.744766
1644834593275.77,148921743073,11758140494,453.581429,505.819756,2.639153,1,-80.047066,56.594635,531.461853,-138.047577,191.504837,0.699723,0.301355,0.233499,0.425946,1,2.534409,1,-15.362901,55.108433,537.014282,-135.207443,194.200043,0.526032,0.309667,0.238982,0.417087,1,2.743896
1644834593286.745,148921754176,11758151597,451.178570,502.489132,2.645096,1,-80.418190,56.604336,531.721252,-138.986832,191.938522,0.700613,0.301414,0.231686,0.424521,1,2.541504,1,-15.723908,55.197132,537.340210,-135.564713,195.455170,0.526962,0.309467,0.238292,0.412961,1,2.748688
1644834593297.7651,148921765279,11758162700,453.795662,502.253652,2.647400,1,-80.529518,56.601585,531.729004,-138.583069,191.639938,0.700908,0.301425,0.232465,0.425502,1,2.546570,1,-16.031704,55.259712,537.417969,-134.556320,195.873123,0.527771,0.309270,0.240239,0.411588,1,2.748230
1644834593309.748,148921776382,11758173803,453.052597,499.083120,2.651703,1,-80.947685,56.584358,531.700867,-138.362228,192.690643,0.702040,0.301469,0.232891,0.422048,1,2.547516,1,-16.306379,55.309994,537.453125,-135.178116,196.430023,0.528495,0.309101,0.239038,0.409757,1,2.755890
1644834593320.376,148921787485,11758184906,454.438519,499.489045,2.647087,1,-81.155540,56.552532,531.442810,-138.039154,192.382278,0.702703,0.301481,0.233515,0.423062,1,2.537094,1,-16.551481,55.326820,537.241638,-134.753418,196.532578,0.529160,0.308961,0.239858,0.409420,1,2.757080
1644834593331.375,148921798588,11758196009,452.760201,499.784714,2.649101,1,-81.231155,56.543755,531.392700,-138.129456,192.264404,0.702926,0.301492,0.233341,0.423449,1,2.536880,1,-16.765467,55.354618,537.151184,-135.568710,196.500549,0.529734,0.308827,0.238284,0.409525,1,2.761322
1644834593343.064,148921809692,11758207113,453.763747,504.937577,2.648933,1,-81.514122,56.508377,531.226013,-137.645660,190.312012,0.703754,0.301550,0.234275,0.429867,1,2.539062,1,-16.957598,55.377338,537.082031,-135.511032,195.840210,0.530248,0.308719,0.238396,0.411696,1,2.758804
1644834593353.386,148921820795,11758218216,450.425892,508.300674,2.654480,1,-81.677254,56.477043,531.146667,-137.801682,189.295517,0.704224,0.301630,0.233974,0.433208,1,2.548950,1,-17.114477,55.394257,537.042175,-137.156021,195.151505,0.530667,0.308642,0.235220,0.413959,1,2.760010
1644834593364.388,148921831898,11758229319,451.970000,508.585328,2.652527,1,-81.729546,56.456722,531.113464,-137.307556,189.106537,0.704379,0.301689,0.234927,0.433829,1,2.546600,1,-17.260805,55.389725,536.984070,-136.816956,195.196106,0.531060,0.308635,0.235875,0.413813,1,2.758453
1644834593376.783,148921843001,11758240422,449.819427,506.169355,2.654755,1,-81.906265,56.368595,530.960022,-138.447067,190.550308,0.704917,0.301942,0.232728,0.429084,1,2.549911,1,-17.382977,55.384766,536.911499,-136.837845,194.977356,0.531390,0.308624,0.235834,0.414532,1,2.759598
1644834593386.782,148921854105,11758251525,451.685801,504.801661,2.651436,1,-82.003784,56.308369,530.799561,-138.821014,191.301773,0.705246,0.302095,0.232006,0.426614,1,2.546997,1,-17.496586,55.366066,536.772522,-135.456863,194.919357,0.531703,0.308638,0.238500,0.414723,1,2.755875
1644834593397.6582,148921865208,11758262628,450.291538,504.979259,2.650238,1,-82.039017,56.292332,530.778564,-138.997391,191.336105,0.705349,0.302143,0.231665,0.426501,1,2.546082,1,-17.591103,55.361980,536.736328,-136.032791,194.794968,0.531957,0.308638,0.237388,0.415131,1,2.754395
1644834593409.656,148921876311,11758273731,450.559230,504.609042,2.650581,1,-82.179535,56.230034,530.775513,-138.812210,190.977524,0.705729,0.302363,0.232023,0.427679,1,2.542206,1,-17.680260,55.349236,536.754272,-136.073532,195.341278,0.532192,0.308688,0.237310,0.413336,1,2.758957
1644834593420.331,148921887414,11758284834,451.141834,506.459463,2.657684,1,-82.268120,56.190731,530.823181,-138.067841,190.378403,0.705947,0.302520,0.233460,0.429649,1,2.549194,1,-17.750750,55.342278,536.820557,-136.503540,195.002182,0.532373,0.308735,0.236480,0.414450,1,2.766174
1644834593431.334,148921898518,11758295938,452.758641,506.921661,2.660416,1,-82.295181,56.172440,530.837952,-137.706848,190.845291,0.706014,0.302591,0.234157,0.428114,1,2.554825,1,-17.809378,55.327747,536.872559,-135.992111,194.300919,0.532524,0.308805,0.237467,0.416755,1,2.766006
1644834593442.332,148921909621,11758307041,452.191572,508.027679,2.660561,1,-82.389641,56.091896,530.855164,-137.904755,190.923737,0.706261,0.302884,0.233775,0.427856,1,2.559036,1,-17.855520,55.304016,536.896790,-136.100204,193.661652,0.532644,0.308897,0.237258,0.418857,1,2.762085
1644834593453.331,148921920724,11758318144,453.247433,507.123917,2.658218,1,-82.436668,56.028522,530.836975,-137.819550,191.111923,0.706396,0.303102,0.233939,0.427238,1,2.556747,1,-17.903358,55.263992,536.889465,-135.615662,193.931732,0.532772,0.309035,0.238194,0.417969,1,2.759689
1644834593464.3308,148921931827,11758329247,452.500262,507.870108,2.663788,1,-82.458084,56.010826,530.853760,-138.029236,190.580063,0.706447,0.303172,0.233534,0.428986,1,2.563950,1,-17.943472,55.226830,536.944336,-135.809143,194.085251,0.532874,0.309185,0.237820,0.417464,1,2.763626
1644834593475.332,148921942930,11758340350,454.016504,507.207012,2.667877,1,-82.553780,55.946266,530.943298,-137.619019,190.744034,0.706667,0.303435,0.234326,0.428447,1,2.565201,1,-17.989124,55.191547,537.014832,-135.401230,194.257507,0.532989,0.309335,0.238608,0.416898,1,2.770554
1644834593486.33,148921954033,11758351453,453.440852,507.213092,2.671379,1,-82.614693,55.913486,530.975647,-137.737656,190.450256,0.706817,0.303563,0.234097,0.429412,1,2.567093,1,-18.034512,55.161442,537.058655,-135.593185,194.548157,0.533106,0.309456,0.238237,0.415943,1,2.775665
1644834593497.334,148921965136,11758362556,453.243556,504.373956,2.661911,1,-82.627014,55.901810,530.969421,-138.077087,191.022736,0.706853,0.303602,0.233442,0.427531,1,2.544571,1,-18.082382,55.140202,537.106140,-135.360245,195.415268,0.533229,0.309548,0.238687,0.413093,1,2.779251
1644834593509.339,148921976240,11758373659,455.442696,505.376065,2.663651,1,-82.730377,55.876587,531.043152,-137.174667,190.338852,0.707100,0.303719,0.235184,0.429779,1,2.552872,1,-18.127300,55.133724,537.155762,-135.076050,195.591064,0.533343,0.309588,0.239235,0.412515,1,2.774429
1644834593519.331,148921987344,11758384763,453.537970,504.873347,2.663666,1,-82.786903,55.851452,531.110046,-137.247025,190.612076,0.707224,0.303833,0.235044,0.428881,1,2.557983,1,-18.148491,55.132690,537.218262,-136.031433,195.572723,0.533394,0.309614,0.237391,0.412575,1,2.769348
1644834593531.331,148921998447,11758395866,460.421562,505.969995,2.671257,1,-82.777122,55.846966,531.089050,-135.763275,190.138428,0.707207,0.303841,0.237909,0.430438,1,2.574295,1,-18.140900,55.115040,537.163574,-133.800934,195.490326,0.533379,0.309657,0.241697,0.412846,1,2.768219
1644834593542.332,148922009550,11758406969,479.317274,502.086675,2.673965,1,-82.694550,55.790108,530.869934,-130.006271,190.752151,0.707077,0.303963,0.249023,0.428420,1,2.575867,1,-18.101223,55.090389,537.020935,-129.362106,196.845627,0.533287,0.309692,0.250266,0.408391,1,2.772064
1644834593553.3308,148922020653,11758418072,499.084682,500.029814,2.677406,1,-82.633812,55.771542,530.821777,-124.788177,191.510559,0.706935,0.304012,0.259096,0.425927,1,2.580002,1,-18.044239,55.088093,536.984863,-123.914024,197.130081,0.533139,0.309688,0.260784,0.407456,1,2.774811
1644834593564.33,148922031756,11758429175,506.500854,496.759611,2.676109,1,-82.618225,55.773949,530.842041,-123.765076,192.132858,0.706884,0.304011,0.261071,0.423882,1,2.576965,1,-18.004810,55.098042,537.024658,-120.935509,198.165970,0.533031,0.309668,0.266534,0.404051,1,2.775253
1644834593575.334,148922042859,11758440278,510.826921,498.967534,2.676224,1,-82.610420,55.806000,531.098694,-121.827202,191.951736,0.706756,0.303994,0.264812,0.424477,1,2.579666,1,-17.973619,55.131817,537.179932,-120.539116,197.227585,0.532934,0.309606,0.267299,0.407135,1,2.772781
1644834593586.335,148922053962,11758451381,513.531418,499.541366,2.674561,1,-82.572983,55.805744,531.027344,-121.497528,191.864578,0.706685,0.303968,0.265449,0.424764,1,2.572845,1,-17.950706,55.137909,537.100098,-119.409508,197.023773,0.532880,0.309556,0.269480,0.407805,1,2.776276
1644834593597.331,148922065065,11758462484,514.760170,499.460667,2.680084,1,-82.551727,55.806416,530.989197,-121.401749,192.329651,0.706644,0.303952,0.265634,0.423235,1,2.582230,1,-17.916161,55.146683,537.012268,-118.842232,196.599594,0.532796,0.309493,0.270575,0.409200,1,2.777939
1644834593609.334,148922076169,11758473588,518.455238,498.136622,2.682770,1,-82.472572,55.808445,530.817810,-120.638863,192.094254,0.706503,0.303881,0.267106,0.424009,1,2.587845,1,-17.887325,55.147873,536.904358,-117.611313,197.506317,0.532729,0.309450,0.272951,0.406219,1,2.777695
1644834593619.3308,148922087272,11758484691,517.279701,498.583013,2.684135,1,-82.438683,55.812393,530.797241,-120.741295,191.272537,0.706420,0.303860,0.266909,0.426710,1,2.596390,1,-17.847500,55.149284,536.880554,-118.143188,198.101746,0.532626,0.309437,0.271924,0.404262,1,2.771881
1644834593630.331,148922098375,11758495794,516.747379,500.251079,2.682465,1,-82.417831,55.807018,530.773499,-121.149681,190.987930,0.706374,0.303870,0.266120,0.427645,1,2.595337,1,-17.806311,55.140968,536.824585,-118.022049,197.540543,0.532522,0.309447,0.272158,0.406107,1,2.769592
1644834593642.336,148922109479,11758506897,515.609865,501.665282,2.683792,1,-82.328819,55.758678,530.646545,-121.504089,191.753540,0.706189,0.303996,0.265436,0.425129,1,2.597946,1,-17.759819,55.121758,536.739929,-118.281425,196.057861,0.532406,0.309485,0.271657,0.410980,1,2.769638
1644834593652.331,148922120582,11758518000,515.948210,501.113659,2.682549,1,-82.279213,55.724110,530.550354,-121.489815,191.971420,0.706096,0.304084,0.265464,0.424412,1,2.592865,1,-17.713249,55.077763,536.633057,-118.113144,196.119690,0.532292,0.309602,0.271982,0.410777,1,2.772232
1644834593664.332,148922131685,11758529103,516.961470,501.255351,2.678307,1,-82.256790,55.707569,530.526062,-121.182846,191.869873,0.706046,0.304135,0.266056,0.424746,1,2.580536,1,-17.667116,55.037239,536.574158,-117.873375,196.149399,0.532175,0.309724,0.272445,0.410679,1,2.776077
1644834593675.334,148922142788,11758540206,519.356661,502.812713,2.677193,1,-82.171783,55.666420,530.457581,-120.475792,190.322174,0.705847,0.304257,0.267421,0.429834,1,2.578918,1,-17.616089,54.985725,536.528992,-117.288010,196.907471,0.532045,0.309891,0.273575,0.408188,1,2.775467
1644834593686.332,148922153891,11758551309,520.145216,503.422791,2.678558,1,-82.106461,55.637280,530.469543,-120.597122,190.613388,0.705667,0.304367,0.267187,0.428876,1,2.583191,1,-17.554274,54.956646,536.532715,-116.741180,196.306900,0.531881,0.309996,0.274631,0.410162,1,2.773926
1644834593697.3318,148922164995,11758562413,519.916162,503.692102,2.681549,1,-82.068001,55.624660,530.436707,-120.117760,190.251938,0.705577,0.304400,0.268112,0.430064,1,2.587219,1,-17.466261,54.912067,536.450562,-117.344131,196.531769,0.531655,0.310125,0.273467,0.409422,1,2.775879
1644834593708.332,148922176098,11758573516,518.539410,501.750916,2.679749,1,-81.887733,55.553902,530.274841,-120.908379,191.851181,0.705161,0.304595,0.266586,0.424808,1,2.584686,1,-17.372736,54.867416,536.335938,-117.296402,195.916809,0.531417,0.310243,0.273559,0.411444,1,2.774811
1644834593719.332,148922187201,11758584619,518.269501,503.003401,2.675255,1,-81.779022,55.529583,530.165894,-120.324081,191.214935,0.704914,0.304642,0.267714,0.426899,1,2.576569,1,-17.259991,54.814583,536.206970,-118.026314,195.917999,0.531129,0.310384,0.272150,0.411440,1,2.773941
1644834593731.331,148922198304,11758595722,519.552555,502.234626,2.673134,1,-81.723938,55.515724,530.126465,-120.431053,191.246414,0.704782,0.304678,0.267508,0.426796,1,2.579483,1,-17.156729,54.760948,536.105469,-117.227066,196.276367,0.530864,0.310539,0.273693,0.410262,1,2.766785
1644834593742.335,148922209407,11758606825,520.260859,506.826800,2.669197,1,-81.554253,55.490063,530.033997,-119.289955,189.435852,0.704365,0.304738,0.269711,0.432747,1,2.577271,1,-17.040987,54.722332,536.036194,-117.985962,195.758514,0.530563,0.310652,0.272228,0.411964,1,2.761124
1644834593752.331,148922220510,11758617928,518.828487,505.025768,2.671638,1,-81.441986,55.461445,529.914795,-119.695137,189.734726,0.704112,0.304797,0.268928,0.431764,1,2.580002,1,-16.932257,54.667339,535.895996,-118.353615,196.372772,0.530287,0.310797,0.271518,0.409945,1,2.763275
1644834593855.34,148922231613,11758629031,517.646656,506.875473,2.672157,1,-81.394272,55.451324,529.869995,-120.032501,189.950760,0.704002,0.304817,0.268277,0.431054,1,2.579315,1,-16.829775,54.634052,535.782715,-118.653984,195.218857,0.530024,0.310876,0.270938,0.413738,1,2.764999
1644834593856.333,148922242717,11758640134,517.559738,503.613067,2.670418,1,-81.228477,55.420620,529.740906,-120.385902,191.225311,0.703610,0.304881,0.267595,0.426865,1,2.578476,1,-16.741060,54.593491,535.689270,-118.347496,195.598480,0.529797,0.310987,0.271530,0.412490,1,2.762360
1644834593857.332,148922253821,11758651238,520.233049,507.308221,2.670624,1,-81.140083,55.401333,529.640076,-120.113541,190.951035,0.703414,0.304913,0.268121,0.427766,1,2.577515,1,-16.668743,54.565701,535.570068,-117.177368,193.999130,0.529615,0.311043,0.273789,0.417747,1,2.763733
1644834593857.332,148922264924,11758662341,519.179707,507.726395,2.670181,1,-81.103874,55.396511,529.616028,-120.076309,190.810577,0.703327,0.304922,0.268192,0.428228,1,2.578064,1,-16.584560,54.533417,535.507690,-117.782967,193.927582,0.529396,0.311136,0.272620,0.417983,1,2.762299
1644834593858.331,148922276027,11758673444,515.088587,508.755738,2.671608,1,-80.986954,55.378056,529.523926,-120.776390,190.751648,0.703050,0.304955,0.266841,0.428422,1,2.575470,1,-16.498966,54.502102,535.439880,-119.290398,193.464615,0.529175,0.311224,0.269710,0.419504,1,2.767746
1644834593858.331,148922287130,11758684547,513.552761,508.256704,2.671471,1,-80.927895,55.378582,529.578735,-120.973160,190.404984,0.702869,0.304975,0.266461,0.429561,1,2.580109,1,-16.419132,54.476200,535.490051,-119.922348,194.064346,0.528959,0.311335,0.268490,0.417533,1,2.762833
1644834593859.332,148922298233,11758695650,515.495224,508.529824,2.672356,1,-80.892815,55.380455,529.603149,-120.963905,190.201462,0.702764,0.304978,0.266479,0.430230,1,2.578979,1,-16.353273,54.451031,535.529724,-118.883453,194.129318,0.528781,0.311439,0.270495,0.417319,1,2.765732
1644834593859.332,148922309336,11758706753,518.244982,508.649629,2.672890,1,-80.759201,55.377857,529.663879,-120.203484,189.941833,0.702380,0.305012,0.267947,0.431084,1,2.575867,1,-16.265097,54.420437,535.556885,-118.160156,194.328201,0.528545,0.311559,0.271892,0.416666,1,2.769913
1644834593859.332,148922320439,11758717856,519.394341,505.007476,2.672600,1,-80.673981,55.377914,529.728271,-120.230370,191.217590,0.702124,0.305037,0.267895,0.426890,1,2.575150,1,-16.163658,54.389053,535.614319,-117.513100,194.899200,0.528271,0.311692,0.273141,0.414789,1,2.770050
1644834593864.332,148922331542,11758728959,526.693983,505.354410,2.672104,1,-80.612267,55.374939,529.744873,-119.103752,191.215393,0.701952,0.305055,0.270070,0.426898,1,2.573517,1,-16.024727,54.355957,535.631470,-114.700943,194.725479,0.527901,0.311817,0.278570,0.415360,1,2.770691
1644834593875.333,148922342646,11758740063,548.036127,502.661759,2.676971,1,-80.339485,55.365974,529.780701,-112.992889,192.135345,0.701204,0.305105,0.281867,0.423874,1,2.583298,1,-15.857756,54.319466,535.630981,-109.295952,195.170822,0.527458,0.311949,0.289004,0.413896,1,2.770645
1644834593886.43,148922353749,11758751166,566.322527,503.601587,2.680702,1,-80.199615,55.386925,529.964905,-108.138832,192.091187,0.700752,0.305101,0.291238,0.424019,1,2.585907,1,-15.672407,54.313938,535.812805,-104.282974,194.738419,0.526952,0.312036,0.298682,0.415317,1,2.775497
1644834593897.1392,148922364852,11758762269,571.065845,501.940620,2.686623,1,-80.148109,55.408791,530.138184,-107.034691,192.288452,0.700543,0.305089,0.293369,0.423370,1,2.598694,1,-15.514891,54.320885,536.141968,-102.827705,195.383362,0.526508,0.312132,0.301491,0.413197,1,2.774551
1644834593909.154,148922375956,11758773372,572.499533,503.172398,2.687653,1,-80.080742,55.506016,530.897949,-105.918480,192.334122,0.700054,0.305028,0.295524,0.423220,1,2.598404,1,-15.401035,54.353283,536.605957,-103.170326,194.713120,0.526171,0.312186,0.300830,0.415400,1,2.776901
1644834593919.495,148922387059,11758784475,571.994219,503.308028,2.686790,1,-80.008789,55.523197,530.987488,-105.798317,192.178513,0.699825,0.305001,0.295756,0.423732,1,2.595718,1,-15.306438,54.341476,536.693176,-103.563133,194.799957,0.525914,0.312260,0.300071,0.415115,1,2.777863
1644834593930.6208,148922398162,11758795578,574.283695,503.933161,2.682312,1,-79.968872,55.526329,530.999084,-105.413109,191.893539,0.699713,0.304995,0.296500,0.424668,1,2.581619,1,-15.221949,54.317059,536.703430,-102.712944,194.767929,0.525689,0.312351,0.301712,0.415220,1,2.783005
1644834593942.625,148922409265,11758806681,574.495182,501.063842,2.683960,1,-79.835403,55.518082,530.898010,-104.772156,192.113785,0.699396,0.304989,0.297737,0.423944,1,2.585464,1,-15.133413,54.276157,536.628174,-103.239769,196.002548,0.525461,0.312470,0.300695,0.411162,1,2.782455
1644834593953.013,148922420368,11758817784,573.675241,500.793636,2.684067,1,-79.782127,55.523106,530.938110,-104.873123,192.020981,0.699236,0.304987,0.297542,0.424250,1,2.586456,1,-15.055618,54.252193,536.661804,-103.581253,196.232407,0.525252,0.312568,0.300036,0.410407,1,2.781677
1644834593964.3508,148922431472,11758828888,571.046906,499.463439,2.684204,1,-79.751816,55.523026,530.955200,-105.378334,192.277344,0.699148,0.304994,0.296567,0.423407,1,2.588669,1,-14.978676,54.221844,536.685730,-104.494270,196.650467,0.525047,0.312685,0.298274,0.409032,1,2.779739
1644834593975.3499,148922442575,11758839991,572.215405,500.266868,2.682190,1,-79.654243,55.523064,531.017273,-106.545486,192.190903,0.698861,0.305018,0.294314,0.423691,1,2.583206,1,-14.921393,54.196854,536.712708,-102.696609,196.329559,0.524893,0.312784,0.301744,0.410087,1,2.781174
1644834593986.349,148922453678,11758851094,573.456974,498.336589,2.680786,1,-79.597954,55.518169,531.059570,-106.396965,192.665176,0.698694,0.305053,0.294600,0.422132,1,2.583664,1,-14.851866,54.163189,536.749084,-102.175186,196.834030,0.524706,0.312917,0.302751,0.408429,1,2.777908
1644834593998.3462,148922464781,11758862197,574.048147,497.604114,2.684219,1,-79.560669,55.512856,531.037231,-106.056259,192.897690,0.698602,0.305064,0.295258,0.421368,1,2.588928,1,-14.767376,54.124268,536.693665,-102.196899,196.972900,0.524487,0.313035,0.302709,0.407972,1,2.779510
1644834594009.348,148922475884,11758873300,572.960787,498.253101,2.683426,1,-79.417549,55.474873,530.888306,-105.929939,193.137863,0.698279,0.305146,0.295502,0.420578,1,2.592987,1,-14.671915,54.084454,536.585693,-102.909927,196.403656,0.524242,0.313139,0.301332,0.409844,1,2.773865
1644834594019.346,148922486987,11758884403,572.669020,501.463598,2.681488,1,-79.335457,55.457733,530.802917,-105.981300,192.476562,0.698093,0.305176,0.295403,0.422752,1,2.586182,1,-14.578671,54.043774,536.477295,-103.016037,195.437134,0.524003,0.313246,0.301127,0.413021,1,2.776794
1644834594030.345,148922498091,11758895506,574.984589,502.496177,2.677757,1,-79.286674,55.446259,530.781311,-105.617645,192.213654,0.697970,0.305210,0.296105,0.423616,1,2.580231,1,-14.497462,54.000443,536.420349,-102.130241,195.176453,0.523792,0.313380,0.302837,0.413877,1,2.775284
1644834594042.348,148922509194,11758906609,575.831594,503.164709,2.678070,1,-79.144066,55.428577,530.748840,-105.153374,191.448166,0.697601,0.305263,0.297001,0.426132,1,2.576721,1,-14.407104,53.956646,536.388062,-102.137489,195.602951,0.523555,0.313524,0.302823,0.412475,1,2.779419
1644834594052.348,148922520298,11758917713,574.360056,501.762861,2.681610,1,-79.069893,55.418606,530.751038,-105.341873,191.863327,0.697401,0.305300,0.296637,0.424768,1,2.581558,1,-14.313973,53.917347,536.378601,-102.743027,195.898621,0.523309,0.313661,0.301654,0.411504,1,2.781662
1644834594064.3489,148922531401,11758928816,573.203030,502.165496,2.683815,1,-79.031258,55.417336,530.762817,-105.556786,191.853149,0.697293,0.305310,0.296222,0.424801,1,2.586716,1,-14.234025,53.890415,536.388000,-103.152397,195.704651,0.523097,0.313761,0.300864,0.412141,1,2.780914
1644834594075.348,148922542504,11758939919,574.504137,503.886384,2.669594,1,-78.943008,55.428642,530.847656,-104.306839,192.246689,0.697022,0.305303,0.298635,0.423508,1,2.579498,1,-14.187131,53.884060,536.411926,-103.700287,194.438522,0.522970,0.313792,0.299806,0.416303,1,2.759689
1644834594086.3472,148922553607,11758951022,575.927324,503.579700,2.666275,1,-78.891243,55.434834,530.889465,-104.544373,192.193771,0.696866,0.305297,0.298177,0.423681,1,2.579514,1,-14.095129,53.843987,536.472107,-102.694824,194.646896,0.522723,0.313957,0.301747,0.415618,1,2.753036
1644834594097.348,148922564710,11758962125,572.531605,502.808154,2.664978,1,-78.865349,55.442123,530.931274,-104.899773,192.715286,0.696780,0.305287,0.297491,0.421967,1,2.573883,1,-13.977928,53.808357,536.589478,-104.171700,194.516617,0.522404,0.314126,0.298896,0.416046,1,2.756073
1644834594108.349,148922575813,11758973228,569.576969,498.167717,2.677505,1,-78.750587,55.449539,530.987244,-106.462975,193.556229,0.696450,0.305283,0.294473,0.419203,1,2.575562,1,-13.945627,53.781681,536.575867,-104.202782,196.028580,0.522320,0.314216,0.298836,0.411076,1,2.779449
1644834594119.3472,148922586916,11758984331,569.635477,499.856633,2.679848,1,-78.695419,55.462517,531.029541,-105.927132,192.839737,0.696285,0.305254,0.295507,0.421558,1,2.576187,1,-13.868016,53.755577,536.618652,-104.707077,195.888763,0.522111,0.314324,0.297863,0.411536,1,2.783508
1644834594130.3489,148922598019,11758995434,570.984335,500.523520,2.682602,1,-78.659981,55.469978,531.049316,-105.743378,191.990280,0.696182,0.305235,0.295862,0.424350,1,2.579727,1,-13.795708,53.723026,536.646301,-104.162979,196.400024,0.521918,0.314450,0.298913,0.409856,1,2.785477
1644834594142.3481,148922609123,11759006538,572.685499,501.833332,2.682487,1,-78.538498,55.491077,531.146912,-105.605064,191.526566,0.695817,0.305198,0.296129,0.425875,1,2.581299,1,-13.709675,53.699089,536.697632,-103.383377,196.199585,0.521687,0.314554,0.300418,0.410514,1,2.783676
1644834594152.346,148922620226,11759017641,587.786865,500.574338,2.681381,1,-78.442062,55.507629,531.273804,-101.928802,192.409760,0.695508,0.305188,0.303226,0.422972,1,2.582108,1,-13.581289,53.676193,536.816101,-98.911201,195.954819,0.521339,0.314679,0.309052,0.411319,1,2.780655
1644834594164.347,148922631330,11759028744,605.051708,501.029187,2.674591,1,-78.354553,55.505230,531.223938,-99.063347,192.470352,0.695293,0.305179,0.308758,0.422772,1,2.576996,1,-13.422307,53.627892,536.692871,-92.460831,195.663589,0.520926,0.314808,0.321504,0.412276,1,2.772186
1644834594175.3708,148922642433,11759039847,635.674553,502.110869,2.677414,1,-78.080688,55.488213,530.968750,-88.969925,192.031723,0.694659,0.305148,0.328243,0.424214,1,2.583313,1,-13.264850,53.572430,536.504578,-86.030663,195.553757,0.520521,0.314940,0.333918,0.412637,1,2.771515
1644834594186.3699,148922653536,11759050950,641.721840,502.144539,2.671364,1,-77.921509,55.454071,530.620972,-87.236061,191.768509,0.694369,0.305142,0.331591,0.425079,1,2.577240,1,-13.137617,53.498817,536.102783,-84.501518,195.799911,0.520210,0.315060,0.336870,0.411828,1,2.765488
1644834594197.37,148922664639,11759062053,643.212175,502.405125,2.673546,1,-77.867020,55.452267,530.590820,-86.623497,191.808075,0.694234,0.305138,0.332773,0.424949,1,2.579849,1,-13.038317,53.464222,536.023804,-84.309906,195.628220,0.519952,0.315156,0.337240,0.412393,1,2.767242
1644834594209.372,148922675742,11759073156,641.226482,502.664459,2.666107,1,-77.726662,55.463291,530.628601,-87.386215,192.308746,0.693843,0.305115,0.331301,0.423304,1,2.570496,1,-12.943528,53.446251,536.030457,-84.618660,194.996048,0.519700,0.315223,0.336644,0.414470,1,2.761719
1644834594221.853,148922686845,11759084259,641.798544,502.966332,2.670586,1,-77.662003,55.487171,530.789246,-87.681694,192.428406,0.693606,0.305091,0.330730,0.422910,1,2.575882,1,-12.851636,53.446220,536.185974,-84.014526,194.723358,0.519447,0.315280,0.337810,0.415367,1,2.765289
1644834594230.3691,148922697949,11759095363,641.927090,502.714151,2.669846,1,-77.618996,55.495884,530.830017,-87.839111,192.959763,0.693474,0.305076,0.330426,0.421164,1,2.575012,1,-12.754015,53.435478,536.249634,-83.787712,194.319839,0.519184,0.315342,0.338248,0.416693,1,2.764679
1644834594242.3699,148922709052,11759106466,644.249611,504.821098,2.674728,1,-77.492218,55.520954,530.932617,-86.820686,192.007889,0.693094,0.305027,0.332392,0.424292,1,2.584854,1,-12.656194,53.421871,536.301514,-83.552933,194.203369,0.518921,0.315410,0.338701,0.417076,1,2.764603
1644834594252.37,148922720155,11759117569,646.294785,504.600549,2.672867,1,-77.414917,55.528400,530.990601,-86.261017,192.085556,0.692864,0.305023,0.333473,0.424037,1,2.584122,1,-12.559171,53.395462,536.349304,-83.009056,194.237503,0.518661,0.315521,0.339751,0.416964,1,2.761612
1644834594264.3699,148922731258,11759128672,644.173594,504.753131,2.671371,1,-77.372833,55.526897,531.025513,-86.287872,191.578537,0.692737,0.305042,0.333421,0.425704,1,2.578857,1,-12.453413,53.356369,536.404358,-84.126762,194.667191,0.518378,0.315680,0.337593,0.415551,1,2.763885
1644834594275.369,148922742361,11759139775,642.463903,501.959485,2.670151,1,-77.242470,55.497704,531.112061,-87.115311,192.199661,0.692354,0.305181,0.331824,0.423662,1,2.579971,1,-12.360286,53.299545,536.446899,-84.221832,195.462570,0.518129,0.315897,0.337410,0.412937,1,2.760330
1644834594286.371,148922753464,11759150878,640.829458,502.286750,2.673218,1,-77.163078,55.476162,531.164978,-87.870361,191.986969,0.692121,0.305279,0.330366,0.424361,1,2.584290,1,-12.271184,53.241276,536.488586,-84.348740,195.509338,0.517891,0.316119,0.337165,0.412783,1,2.762146
1644834594297.3708,148922764568,11759161981,643.038082,503.054667,2.675995,1,-77.122185,55.464767,531.204224,-87.583870,191.793945,0.691996,0.305335,0.330919,0.424996,1,2.590118,1,-12.192482,53.188541,536.545959,-83.443527,195.313019,0.517679,0.316327,0.338912,0.413429,1,2.761871
1644834594308.653,148922775671,11759173084,643.494186,502.194285,2.674187,1,-77.007553,55.448906,531.294861,-87.313438,192.042404,0.691654,0.305427,0.331441,0.424179,1,2.584198,1,-12.102641,53.138119,536.593262,-83.467850,195.500809,0.517438,0.316523,0.338865,0.412811,1,2.764175
1644834594319.675,148922786775,11759184188,644.033489,501.732266,2.673149,1,-76.932655,55.446281,531.356445,-87.029755,192.186676,0.691429,0.305461,0.331989,0.423705,1,2.581741,1,-12.009833,53.092850,536.646484,-83.460503,195.590775,0.517190,0.316703,0.338879,0.412516,1,2.764557
1644834594330.657,148922797878,11759195291,643.622246,500.985736,2.674660,1,-76.884636,55.449154,531.365112,-87.349678,192.710999,0.691297,0.305455,0.331371,0.421981,1,2.588089,1,-11.912236,53.048416,536.649841,-83.362465,195.444977,0.516931,0.316862,0.339069,0.412995,1,2.761230
1644834594341.654,148922808981,11759206394,645.200357,502.343577,2.670685,1,-76.747719,55.461063,531.401489,-86.561447,192.387878,0.690916,0.305428,0.332893,0.423043,1,2.580246,1,-11.810816,53.002750,536.660278,-83.299164,195.079590,0.516662,0.317029,0.339191,0.414196,1,2.761124
1644834594352.654,148922820084,11759217497,645.892811,504.065269,2.671989,1,-76.652313,55.466301,531.415466,-86.212708,191.704712,0.690654,0.305416,0.333566,0.425289,1,2.581619,1,-11.703683,52.952976,536.659363,-83.274269,194.889786,0.516379,0.317206,0.339239,0.414820,1,2.762360
1644834594363.665,148922831187,11759228600,646.368513,504.675990,2.669304,1,-76.594063,55.465683,531.409302,-85.674042,191.768372,0.690500,0.305416,0.334606,0.425080,1,2.578278,1,-11.587511,52.901661,536.630676,-83.556282,194.516479,0.516073,0.317379,0.338694,0.416047,1,2.760330
1644834594375.657,148922842290,11759239703,645.631256,505.985302,2.674065,1,-76.415649,55.465412,531.374817,-85.413277,191.289703,0.690035,0.305407,0.335109,0.426653,1,2.586777,1,-11.463472,52.851303,536.589539,-84.214859,194.331284,0.515747,0.317544,0.337423,0.416656,1,2.761353
1644834594385.655,148922853393,11759250806,644.640856,504.978150,2.670341,1,-76.296463,55.466015,531.360596,-85.424957,191.855972,0.689721,0.305402,0.335087,0.424792,1,2.581924,1,-11.329890,52.803852,536.556152,-84.737556,194.275650,0.515395,0.317702,0.336414,0.416838,1,2.758759
1644834594396.657,148922864496,11759261909,644.328518,504.200399,2.670807,1,-76.226723,55.467899,531.351501,-85.961067,191.475571,0.689538,0.305392,0.334052,0.426042,1,2.583099,1,-11.199407,52.753788,536.518799,-84.370010,195.050446,0.515052,0.317868,0.337124,0.414292,1,2.758514
1644834594408.6558,148922875600,11759273013,646.276331,501.892054,2.672050,1,-76.014519,55.478794,531.338501,-86.178368,191.807083,0.688974,0.305352,0.333632,0.424953,1,2.586060,1,-11.072029,52.707191,536.489014,-83.101700,195.889374,0.514716,0.318024,0.339572,0.411534,1,2.758041
1644834594418.653,148922886703,11759284116,644.375753,501.820707,2.671768,1,-75.881477,55.490662,531.294373,-86.510315,191.750000,0.688634,0.305295,0.332992,0.425140,1,2.587723,1,-10.928229,52.666279,536.420715,-83.795288,195.982620,0.514339,0.318147,0.338233,0.411228,1,2.755814
1644834594430.6519,148922897807,11759295219,646.667547,501.029187,2.671555,1,-75.797630,55.495567,531.257080,-86.147789,192.092285,0.688423,0.305265,0.333692,0.424015,1,2.588547,1,-10.765238,52.619450,536.326721,-82.921196,196.041672,0.513912,0.318282,0.339921,0.411033,1,2.754562
1644834594441.674,148922908910,11759306322,665.172787,503.326553,2.664909,1,-75.499260,55.498486,531.106201,-80.308716,191.965546,0.687680,0.305202,0.344964,0.424432,1,2.571808,1,-10.571930,52.575272,536.201355,-78.775124,195.003540,0.513406,0.318398,0.347925,0.414446,1,2.758011
1644834594452.6611,148922920013,11759317425,691.475773,503.069794,2.658371,1,-75.318214,55.504700,531.149414,-73.667282,191.648590,0.687178,0.305199,0.357785,0.425474,1,2.568817,1,-10.365948,52.531685,536.215454,-71.223892,195.450699,0.512859,0.318560,0.362502,0.412976,1,2.747925
1644834594463.6619,148922931116,11759328528,708.477316,503.772891,2.659065,1,-75.221001,55.505665,531.192139,-70.476021,191.188904,0.686901,0.305213,0.363946,0.426985,1,2.568375,1,-10.172668,52.486580,536.266602,-65.241394,195.553848,0.512344,0.318740,0.374051,0.412637,1,2.749756
1644834594475.655,148922942219,11759339631,721.312208,503.986126,2.664131,1,-75.014984,55.514587,531.419128,-65.098442,190.776443,0.686263,0.305269,0.374327,0.428340,1,2.580765,1,-9.999907,52.439606,536.392273,-63.693447,195.858185,0.511880,0.318952,0.377040,0.411637,1,2.747498
1644834594485.6611,148922953322,11759350734,722.929401,504.547065,2.664345,1,-74.871689,55.483704,531.291565,-65.150558,190.731262,0.685927,0.305334,0.374227,0.428489,1,2.585648,1,-9.860637,52.361309,536.226074,-62.768757,195.618958,0.511519,0.319173,0.378825,0.412423,1,2.743042
1644834594496.654,148922964426,11759361838,720.801229,503.754079,2.662491,1,-74.796844,55.470882,531.241882,-64.946854,191.170624,0.685745,0.305362,0.374620,0.427045,1,2.580902,1,-9.714987,52.288841,536.111816,-64.120819,195.581696,0.511139,0.319392,0.376215,0.412546,1,2.744080
1644834594508.813,148922975529,11759372941,719.198370,503.830254,2.653854,1,-74.543564,55.435032,531.022644,-65.644112,191.120865,0.685149,0.305412,0.373274,0.427208,1,2.572784,1,-9.569328,52.217667,535.949768,-64.288422,195.592804,0.510761,0.319590,0.375891,0.412509,1,2.734924
1644834594519.232,148922986632,11759384044,718.524342,503.325123,2.653557,1,-74.422348,55.436901,531.088562,-65.725220,191.914108,0.684799,0.305432,0.373117,0.424601,1,2.568222,1,-9.423040,52.176102,536.001587,-64.570999,195.055695,0.510370,0.319757,0.375346,0.414274,1,2.738892
1644834594530.634,148922997735,11759395147,721.076775,505.199146,2.654671,1,-74.343544,55.439240,531.121399,-65.251823,191.562225,0.684575,0.305437,0.374031,0.425757,1,2.576416,1,-9.276027,52.139866,536.035889,-63.667160,194.457382,0.509979,0.319899,0.377090,0.416241,1,2.732925
1644834594542.044,148923008838,11759406250,723.622684,504.060191,2.659874,1,-74.122559,55.446022,531.209778,-64.222290,192.202133,0.683949,0.305449,0.376019,0.423654,1,2.580338,1,-9.123295,52.101536,536.070312,-63.322956,194.394974,0.509573,0.320049,0.377755,0.416446,1,2.739410
1644834594552.044,148923019942,11759417353,723.279419,503.994137,2.661850,1,-73.989540,55.454254,531.246521,-63.450405,191.554276,0.683579,0.305436,0.377509,0.425784,1,2.582169,1,-8.952758,52.060726,536.088928,-64.280075,195.076309,0.509120,0.320202,0.375907,0.414207,1,2.741531
1644834594563.67,148923031045,11759428456,722.311049,501.965493,2.658417,1,-73.902100,55.456226,531.241699,-64.174248,192.090347,0.683346,0.305428,0.376111,0.424021,1,2.573288,1,-8.793620,52.014507,536.057129,-64.078712,195.568848,0.508699,0.320357,0.376296,0.412588,1,2.743546
1644834594574.9631,148923042148,11759439559,722.807293,502.157253,2.655991,1,-73.668083,55.463844,531.239685,-64.598083,191.588409,0.682719,0.305404,0.375293,0.425671,1,2.576996,1,-8.645061,51.968269,536.033081,-63.387131,195.973526,0.508306,0.320515,0.377631,0.411257,1,2.734985
1644834594585.553,148923053252,11759450663,720.962734,502.742225,2.656845,1,-73.525902,55.458252,531.131592,-65.313240,191.475800,0.682378,0.305385,0.373913,0.426042,1,2.577713,1,-8.494011,51.907700,535.887695,-63.667259,195.789566,0.507912,0.320681,0.377090,0.411862,1,2.735977
1644834594597.553,148923064355,11759461766,721.648607,504.514611,2.657555,1,-73.441887,55.451771,531.055969,-64.742989,190.713593,0.682181,0.305381,0.375013,0.428547,1,2.577118,1,-8.352149,51.841846,535.726990,-63.867428,195.653061,0.507543,0.320861,0.376704,0.412311,1,2.737991
1644834594608.551,148923075458,11759472869,722.020855,504.700863,2.658920,1,-73.209618,55.433800,530.827393,-63.994598,191.030853,0.681642,0.305363,0.376458,0.427504,1,2.578278,1,-8.214076,51.775024,535.560791,-64.414948,195.241364,0.507183,0.321043,0.375647,0.413664,1,2.739563
1644834594618.5542,148923086561,11759483972,723.903894,505.365461,2.655632,1,-73.082390,55.419064,530.681274,-64.127136,191.142380,0.681355,0.305363,0.376202,0.427138,1,2.574219,1,-8.096216,51.707020,535.370239,-63.266403,194.792908,0.506878,0.321220,0.377864,0.415138,1,2.737045
1644834594630.561,148923097664,11759495075,725.518856,502.898276,2.656380,1,-73.006157,55.411785,530.602783,-63.808388,191.830383,0.681179,0.305361,0.376818,0.424876,1,2.577133,1,-7.973719,51.635406,535.203735,-62.713688,195.355835,0.506560,0.321418,0.378931,0.413288,1,2.735626
1644834594641.552,148923108767,11759506178,722.491236,502.754635,2.650017,1,-72.759026,55.383064,530.369812,-65.262535,192.074341,0.680601,0.305380,0.374010,0.424074,1,2.568222,1,-7.835296,51.566463,535.034729,-62.893192,195.184708,0.506199,0.321607,0.378585,0.413850,1,2.731812
1644834594652.552,148923119871,11759517281,724.356880,500.560480,2.647675,1,-72.637383,55.382637,530.372925,-64.605263,192.702438,0.680273,0.305384,0.375279,0.422010,1,2.565994,1,-7.699749,51.508121,535.015015,-62.543816,195.669174,0.505840,0.321809,0.379259,0.412258,1,2.729355
1644834594663.552,148923130974,11759528384,722.492609,501.414567,2.644310,1,-72.562279,55.383430,530.400818,-65.253838,192.598923,0.680061,0.305393,0.374027,0.422350,1,2.561798,1,-7.544454,51.454430,535.046265,-62.901173,195.339615,0.505426,0.322012,0.378569,0.413341,1,2.726822
1644834594674.552,148923142078,11759539488,728.036242,503.330290,2.646416,1,-72.331528,55.391384,530.507935,-62.960049,192.471100,0.679403,0.305408,0.378455,0.422770,1,2.562073,1,-7.385190,51.407021,535.090820,-62.203712,194.496094,0.505002,0.322198,0.379916,0.416114,1,2.730759
1644834594685.552,148923153181,11759550591,727.347279,502.917749,2.639946,1,-72.185127,55.397949,530.629456,-62.919697,192.450439,0.678965,0.305432,0.378533,0.422838,1,2.555923,1,-7.194546,51.356583,535.199036,-62.615837,194.725937,0.504492,0.322416,0.379120,0.415358,1,2.723969
1644834594696.551,148923164284,11759561694,726.508427,501.849818,2.639030,1,-72.082230,55.398178,530.647705,-62.661736,192.347702,0.678682,0.305440,0.379031,0.423176,1,2.554901,1,-6.993461,51.288841,535.207153,-63.326401,195.370148,0.503958,0.322662,0.377748,0.413241,1,2.723160
1644834594708.552,148923175387,11759572797,721.651468,499.204928,2.636894,1,-71.755341,55.391048,530.618530,-64.400597,192.741730,0.677815,0.305460,0.375674,0.421880,1,2.553696,1,-6.780636,51.212261,535.158875,-64.208252,196.317200,0.503394,0.322919,0.376046,0.410128,1,2.720093
1644834594718.551,148923186490,11759583900,721.453915,502.100998,2.641266,1,-71.555405,55.383820,530.528320,-64.480637,192.507309,0.677311,0.305455,0.375520,0.422651,1,2.557663,1,-6.565253,51.139263,535.026489,-64.234833,195.083191,0.502827,0.323136,0.375995,0.414184,1,2.724869
1644834594730.552,148923197594,11759595003,722.878819,504.503953,2.640945,1,-71.439476,55.386971,530.515747,-64.946968,192.296310,0.677004,0.305440,0.374620,0.423345,1,2.560074,1,-6.364685,51.082375,534.974426,-62.999649,194.075790,0.502295,0.323323,0.378379,0.417495,1,2.721817
1644834594741.552,148923208697,11759606106,723.360357,506.258690,2.643921,1,-71.134354,55.415966,530.627869,-65.091377,192.276886,0.676145,0.305383,0.374341,0.423408,1,2.564972,1,-6.157151,51.028984,535.016052,-62.595421,193.205490,0.501743,0.323530,0.379159,0.420356,1,2.722870
1644834594751.552,148923219800,11759617209,732.823706,504.947895,2.642548,1,-70.945084,55.435390,530.653748,-63.148743,192.168152,0.675627,0.305326,0.378091,0.423766,1,2.569717,1,-5.942194,50.963997,535.014587,-59.431820,193.978851,0.501172,0.323763,0.385267,0.417814,1,2.715378
1644834594763.553,148923230904,11759628313,747.272844,503.265435,2.642677,1,-70.806847,55.440350,530.617859,-60.527351,192.271011,0.675269,0.305297,0.383152,0.423428,1,2.568604,1,-5.689722,50.885059,534.913330,-54.256676,194.729065,0.500504,0.324012,0.395257,0.415348,1,2.716751
1644834594775.554,148923242007,11759639416,778.124056,503.075820,2.639580,1,-70.322441,55.437496,530.355103,-50.420219,192.400375,0.674061,0.305216,0.402664,0.423002,1,2.564407,1,-5.409557,50.803177,534.705139,-47.716988,194.695831,0.499765,0.324236,0.407882,0.415457,1,2.714752
1644834594785.551,148923253110,11759650519,791.156902,502.306509,2.641121,1,-70.096054,55.450089,530.376831,-46.873032,192.468185,0.673446,0.305183,0.409512,0.422780,1,2.568985,1,-5.145000,50.735794,534.690002,-44.231884,195.018097,0.499063,0.324474,0.414610,0.414398,1,2.713257
1644834594796.551,148923264213,11759661622,795.245848,501.476526,2.646744,1,-69.999413,55.482170,530.610046,-45.793980,192.833801,0.673103,0.305157,0.411595,0.421578,1,2.578964,1,-4.924023,50.704033,535.064270,-43.104588,195.073334,0.498466,0.324715,0.416786,0.414216,1,2.714523
1644834594808.5498,148923275316,11759672725,796.771574,497.733414,2.646889,1,-69.818184,55.603771,531.537598,-45.147148,193.790619,0.672289,0.305074,0.412843,0.418433,1,2.579697,1,-4.734018,50.689087,535.634033,-42.928177,196.014420,0.497948,0.324962,0.417127,0.411123,1,2.714081
1644834594818.5679,148923286420,11759683828,795.155125,496.234453,2.645859,1,-69.695274,55.654079,531.907227,-45.660660,194.465973,0.671830,0.305035,0.411852,0.416213,1,2.573532,1,-4.542069,50.669331,536.029724,-43.286884,196.099121,0.497430,0.325167,0.416435,0.410845,1,2.718185
1644834594830.555,148923297523,11759694931,795.094986,496.384388,2.642044,1,-69.592125,55.669662,531.986450,-45.721897,194.233078,0.671526,0.305011,0.411734,0.416978,1,2.566223,1,-4.346180,50.627796,536.135620,-43.258102,196.255966,0.496909,0.325352,0.416490,0.410329,1,2.717865
1644834594841.554,148923308626,11759706034,797.004175,495.977300,2.644173,1,-69.302254,55.689102,532.056152,-44.700272,194.692490,0.670725,0.304972,0.413706,0.415468,1,2.569016,1,-4.150914,50.587154,536.146912,-43.249557,196.002975,0.496391,0.325503,0.416507,0.411161,1,2.719330
1644834594852.552,148923319730,11759717138,798.734779,496.274847,2.646767,1,-69.138901,55.709324,532.086853,-43.408043,194.273422,0.670277,0.304914,0.416201,0.416846,1,2.576111,1,-3.956698,50.543442,536.151123,-43.607948,196.271164,0.495876,0.325662,0.415815,0.410279,1,2.717422
1644834594863.553,148923330833,11759728241,799.230938,495.368868,2.646286,1,-69.027992,55.720577,532.098572,-43.083324,194.079056,0.669976,0.304880,0.416828,0.417485,1,2.578201,1,-3.767611,50.494049,536.141602,-43.664974,196.924911,0.495375,0.325836,0.415705,0.408130,1,2.714371
1644834594874.552,148923341936,11759739344,798.953791,497.623926,2.651093,1,-68.740303,55.748863,532.089478,-42.420311,192.889740,0.669209,0.304780,0.418107,0.421394,1,2.583557,1,-3.583275,50.446404,536.106018,-44.477501,196.970810,0.494887,0.325995,0.414136,0.407979,1,2.718628
1644834594885.552,148923353039,11759750447,800.259418,496.853828,2.647652,1,-68.582962,55.755287,532.051331,-42.862213,193.425980,0.668800,0.304745,0.417254,0.419631,1,2.577103,1,-3.417136,50.396595,536.032349,-43.331120,196.825073,0.494447,0.326149,0.416349,0.408458,1,2.718201
1644834594896.5508,148923364142,11759761550,800.279675,499.070996,2.641327,1,-68.485596,55.762302,532.058899,-42.855106,193.475052,0.668537,0.304724,0.417268,0.419470,1,2.564575,1,-3.259477,50.371078,536.015442,-43.327290,195.651810,0.494030,0.326236,0.416357,0.412315,1,2.718079
1644834594908.552,148923375245,11759772653,799.898758,498.227620,2.632408,1,-68.257202,55.781715,532.109985,-42.915169,193.604935,0.667908,0.304678,0.417152,0.419043,1,2.553101,1,-3.110971,50.327015,536.023682,-43.472778,195.949570,0.493636,0.326397,0.416076,0.411336,1,2.711716
1644834594918.555,148923386348,11759783756,799.382401,497.934651,2.632706,1,-68.138283,55.788132,532.147949,-42.684875,193.864685,0.667577,0.304671,0.417597,0.418189,1,2.556931,1,-2.974263,50.282669,536.042908,-43.981709,195.838333,0.493273,0.326562,0.415093,0.411702,1,2.708481
1644834594930.553,148923397451,11759794859,800.249233,496.401340,2.640038,1,-68.058441,55.791656,532.169556,-42.530846,193.525940,0.667355,0.304668,0.417894,0.419303,1,2.569733,1,-2.842195,50.214031,536.058289,-43.667999,196.954514,0.492923,0.326812,0.415699,0.408033,1,2.710342
1644834594941.552,148923408555,11759805963,801.736708,493.163431,2.644432,1,-67.851578,55.794128,532.182922,-42.868210,194.072052,0.666797,0.304667,0.417243,0.417508,1,2.580322,1,-2.720648,50.146946,536.045593,-42.528023,198.050171,0.492601,0.327047,0.417900,0.404431,1,2.708542
1644834594952.552,148923419659,11759817066,800.700502,494.866580,2.643616,1,-67.738564,55.797962,532.213745,-43.535503,193.640305,0.666484,0.304667,0.415955,0.418927,1,2.576630,1,-2.583906,50.088558,536.059448,-42.419834,197.618347,0.492239,0.327260,0.418108,0.405851,1,2.710602
1644834594963.552,148923430762,11759828169,798.916340,495.773917,2.639656,1,-67.648682,55.795101,532.167480,-43.969505,194.319534,0.666259,0.304661,0.415117,0.416694,1,2.572662,1,-2.441860,50.028831,535.958862,-42.948524,196.479034,0.491864,0.327440,0.417088,0.409596,1,2.706650
1644834594975.555,148923441865,11759839272,798.517485,499.520427,2.639069,1,-67.397537,55.781906,532.001038,-44.090385,193.845108,0.665644,0.304649,0.414883,0.418254,1,2.569580,1,-2.296430,49.961876,535.825500,-43.042873,195.053848,0.491480,0.327635,0.416906,0.414281,1,2.708557
1644834594985.552,148923452968,11759850375,800.151987,498.484683,2.639038,1,-67.252220,55.773022,531.895203,-43.804501,194.090240,0.665290,0.304643,0.415435,0.417448,1,2.574615,1,-2.153670,49.889774,535.673828,-42.446827,195.333878,0.491103,0.327842,0.418056,0.413360,1,2.703461
1644834594996.553,148923464071,11759861478,802.605286,496.872962,2.637466,1,-67.145294,55.768539,531.835938,-43.032349,194.000000,0.665024,0.304638,0.416926,0.417744,1,2.571152,1,-2.006557,49.815567,535.551880,-41.895187,196.241302,0.490714,0.328066,0.419121,0.410377,1,2.703781
1644834595008.552,148923475174,11759872581,801.230021,495.588058,2.637672,1,-66.856987,55.758030,531.704102,-43.502308,195.187698,0.664296,0.304631,0.416019,0.413840,1,2.572815,1,-1.848576,49.757484,535.437805,-42.167309,195.705109,0.490296,0.328237,0.418596,0.412140,1,2.702530
1644834595018.574,148923486277,11759883684,799.749556,494.560075,2.636429,1,-66.712494,55.755894,531.675049,-44.170269,195.902756,0.663919,0.304630,0.414729,0.411490,1,2.567581,1,-1.694715,49.698750,535.375000,-42.298180,195.511307,0.489888,0.328426,0.418343,0.412777,1,2.705276
1644834595030.549,148923497381,11759894788,800.546379,496.289045,2.635452,1,-66.611229,55.763103,531.715759,-44.381081,195.762543,0.663634,0.304621,0.414322,0.411951,1,2.565063,1,-1.537731,49.652157,535.412842,-41.657452,194.774872,0.489471,0.328606,0.419580,0.415198,1,2.705841
1644834595041.572,148923508484,11759905891,813.983517,497.100735,2.632347,1,-66.340424,55.779682,531.846191,-40.403782,195.275116,0.662865,0.304615,0.422000,0.413553,1,2.564194,1,-1.354462,49.599079,535.470398,-38.384266,194.850739,0.488985,0.328816,0.425899,0.414948,1,2.700500
1644834595051.572,148923519587,11759916994,831.658859,495.578563,2.636269,1,-66.190140,55.803707,532.044128,-35.581127,194.832535,0.662396,0.304606,0.431311,0.415008,1,2.571838,1,-1.167823,49.559612,535.659363,-33.669594,196.065079,0.488488,0.329020,0.435001,0.410956,1,2.700699
1644834595063.972,148923530690,11759928097,844.522562,493.757558,2.639107,1,-66.085464,55.823303,532.190613,-32.754436,195.162277,0.662067,0.304592,0.436768,0.413924,1,2.582489,1,-0.973867,49.527699,535.867737,-29.555271,196.658707,0.487973,0.329204,0.442943,0.409005,1,2.695724
1644834595075.081,148923541793,11759939200,854.320707,493.864238,2.645004,1,-65.925186,55.895119,532.730042,-28.748114,195.539200,0.661460,0.304542,0.444502,0.412685,1,2.585205,1,-0.820246,49.520969,536.218628,-28.274679,196.227692,0.487564,0.329345,0.445416,0.410422,1,2.704803
1644834595085.8271,148923552897,11759950303,852.432461,495.432901,2.637054,1,-65.816628,55.900951,532.782593,-29.121353,196.288437,0.661152,0.304542,0.443781,0.410222,1,2.573959,1,-0.699680,49.490669,536.252747,-28.920267,194.683029,0.487244,0.329464,0.444169,0.415499,1,2.700150
1644834595097.097,148923564000,11759961406,851.175728,495.671779,2.638199,1,-65.739082,55.898533,532.796021,-29.238091,196.344299,0.660940,0.304557,0.443556,0.410039,1,2.573608,1,-0.581688,49.437653,536.254211,-29.481630,194.506042,0.486932,0.329654,0.443086,0.416081,1,2.702789
1644834595108.3628,148923575103,11759972509,850.351124,491.437733,2.629974,1,-65.542336,55.862289,532.669067,-30.538198,196.890503,0.660456,0.304641,0.441046,0.408243,1,2.565353,1,-0.475740,49.361034,536.144653,-28.626461,196.106674,0.486652,0.329891,0.444737,0.410820,1,2.694595
1644834595119.333,148923586207,11759983613,851.693430,492.070895,2.641510,1,-65.449913,55.856304,532.664673,-30.108570,196.149826,0.660211,0.304662,0.441875,0.410678,1,2.576584,1,-0.381410,49.301113,536.124817,-28.331814,196.526306,0.486402,0.330098,0.445305,0.409440,1,2.706436
1644834595130.488,148923597310,11759994716,851.325817,495.370299,2.641403,1,-65.378708,55.849648,532.665222,-30.725454,195.499512,0.660020,0.304687,0.440684,0.412815,1,2.578278,1,-0.274822,49.250130,536.105835,-27.913258,195.503677,0.486120,0.330273,0.446113,0.412802,1,2.704529
1644834595141.34,148923608413,11760005819,851.960135,497.141898,2.645386,1,-65.211060,55.822189,532.556213,-30.383163,195.455139,0.659608,0.304747,0.441345,0.412961,1,2.585022,1,-0.171578,49.189789,536.008667,-27.913319,194.649780,0.485846,0.330457,0.446113,0.415609,1,2.705750
1644834595152.342,148923619516,11760016922,852.508850,498.737705,2.637871,1,-65.120972,55.818493,532.550293,-30.106081,194.607712,0.659369,0.304759,0.441880,0.415747,1,2.577362,1,-0.076673,49.140388,535.985535,-27.894320,194.688065,0.485595,0.330625,0.446150,0.415483,1,2.698380
1644834595163.377,148923630619,11760028025,854.519234,497.408205,2.636688,1,-65.054070,55.815620,532.541504,-29.341217,194.404617,0.659193,0.304767,0.443357,0.416415,1,2.573227,1,0.021955,49.081772,535.955017,-27.574436,195.565292,0.485334,0.330824,0.446767,0.412599,1,2.700150
1644834595174.3591,148923641722,11760039128,855.328989,496.431595,2.633621,1,-64.914261,55.815605,532.545227,-29.173349,194.454681,0.658818,0.304771,0.443681,0.416250,1,2.567673,1,0.119608,49.028782,535.941162,-27.305353,196.010406,0.485075,0.331008,0.447287,0.411136,1,2.699570
1644834595185.3582,148923652825,11760050231,856.789026,495.399088,2.633118,1,-64.827904,55.814491,532.528259,-28.810661,194.331619,0.658592,0.304770,0.444381,0.416654,1,2.564941,1,0.207990,48.978313,535.907288,-26.880199,196.656982,0.484841,0.331177,0.448108,0.409011,1,2.701294
1644834595197.358,148923663928,11760061334,854.641657,496.060055,2.632179,1,-64.762146,55.813107,532.511353,-29.455276,194.510529,0.658422,0.304769,0.443137,0.416066,1,2.563629,1,0.306646,48.933620,535.863098,-27.394300,196.142960,0.484579,0.331322,0.447115,0.410700,1,2.700729
1644834595208.355,148923675033,11760072438,854.222260,499.388283,2.635216,1,-64.617622,55.808926,532.459595,-28.788425,194.254044,0.658052,0.304767,0.444424,0.416909,1,2.571762,1,0.407306,48.899387,535.807922,-28.287453,194.711899,0.484312,0.331427,0.445391,0.415404,1,2.698669
1644834595218.3572,148923686136,11760083541,851.968918,500.691712,2.636200,1,-64.531403,55.807400,532.426758,-29.406431,194.351013,0.657832,0.304761,0.443231,0.416591,1,2.574203,1,0.489963,48.871296,535.756409,-28.885323,193.954010,0.484093,0.331511,0.444237,0.417896,1,2.698196
1644834595230.356,148923697239,11760094644,853.534384,498.234934,2.638023,1,-64.466980,55.809292,532.408264,-29.137875,194.367020,0.657666,0.304748,0.443749,0.416538,1,2.577347,1,0.576697,48.828072,535.710632,-28.309172,195.183746,0.483863,0.331651,0.445349,0.413853,1,2.698700
1644834595241.356,148923708342,11760105747,851.765327,496.087343,2.635178,1,-64.322952,55.820084,532.378418,-29.917208,193.925140,0.657290,0.304701,0.442245,0.417991,1,2.572266,1,0.669156,48.787750,535.673645,-28.484392,196.714539,0.483618,0.331783,0.445011,0.408822,1,2.698090
1644834595252.36,148923719445,11760116850,851.708994,495.051742,2.628799,1,-64.247711,55.824284,532.388916,-29.635208,194.714081,0.657085,0.304691,0.442789,0.415397,1,2.562790,1,0.749664,48.762531,535.670105,-28.796764,196.450638,0.483404,0.331872,0.444408,0.409689,1,2.694809
1644834595263.3591,148923730548,11760127953,851.965027,493.904650,2.627419,1,-64.194000,55.830196,532.419373,-29.721811,195.590744,0.656932,0.304682,0.442622,0.412516,1,2.560562,1,0.828609,48.739998,535.700745,-28.572025,196.155609,0.483195,0.331963,0.444842,0.410659,1,2.694275
1644834595274.3582,148923741651,11760139056,854.233217,492.981631,2.627014,1,-64.093628,55.846226,532.559143,-29.752865,195.803421,0.656618,0.304679,0.442562,0.411817,1,2.558578,1,0.895719,48.713291,535.787720,-27.317087,196.410950,0.483017,0.332086,0.447264,0.409820,1,2.695450
1644834595285.357,148923752755,11760150159,854.462185,492.130888,2.628586,1,-64.029022,55.849365,532.622375,-30.406948,195.472137,0.656425,0.304693,0.441299,0.412905,1,2.565094,1,0.960312,48.675644,535.842529,-26.539455,197.173584,0.482847,0.332238,0.448765,0.407313,1,2.692078
1644834595296.355,148923763859,11760161263,854.228296,495.329690,2.625259,1,-63.981846,55.850235,532.674683,-30.084953,195.205170,0.656282,0.304710,0.441921,0.413783,1,2.558426,1,1.042230,48.647076,535.905762,-26.987679,195.818649,0.482630,0.332361,0.447900,0.411766,1,2.692093
1644834595307.731,148923774962,11760172366,855.265188,496.094978,2.625847,1,-63.886044,55.836018,532.728882,-28.331373,195.684143,0.656009,0.304782,0.445306,0.412209,1,2.558350,1,1.127043,48.606365,535.931030,-28.181767,194.951645,0.482405,0.332514,0.445595,0.414616,1,2.693344
1644834595318.768,148923786065,11760183469,854.967184,496.975797,2.626358,1,-63.818413,55.834507,532.748352,-27.977249,195.349655,0.655822,0.304796,0.445990,0.413308,1,2.561722,1,1.202694,48.570618,535.940369,-28.696714,194.839523,0.482205,0.332644,0.444601,0.414985,1,2.690994
1644834595329.733,148923797168,11760194572,855.299520,497.534090,2.627480,1,-63.752270,55.824295,532.695557,-27.776243,194.806549,0.655662,0.304814,0.446378,0.415093,1,2.567276,1,1.287262,48.512253,535.847900,-28.718363,195.099564,0.481980,0.332823,0.444559,0.414130,1,2.687683
1644834595341.7349,148923808271,11760205675,854.936228,498.461294,2.628349,1,-63.602386,55.810459,532.583496,-28.268177,195.040375,0.655297,0.304823,0.445428,0.414325,1,2.568405,1,1.377361,48.469570,535.753357,-28.422464,194.395584,0.481741,0.332945,0.445130,0.416444,1,2.688293
1644834595351.77,148923819374,11760216778,854.123411,498.925638,2.625755,1,-63.508907,55.801849,532.516174,-28.463001,195.570221,0.655068,0.304830,0.445052,0.412583,1,2.562088,1,1.465513,48.428310,535.665283,-28.666212,193.630295,0.481507,0.333064,0.444660,0.418960,1,2.689423
1644834595363.7449,148923830477,11760227881,855.087605,497.299057,2.627968,1,-63.424801,55.788719,532.439819,-28.657431,195.492142,0.654868,0.304849,0.444677,0.412840,1,2.567413,1,1.559289,48.373535,535.532410,-27.951540,194.533142,0.481257,0.333216,0.446039,0.415992,1,2.688522
1644834595374.732,148923841580,11760238984,853.889322,497.701049,2.625298,1,-63.237968,55.762257,532.320007,-29.408108,194.945114,0.654406,0.304901,0.443228,0.414638,1,2.564148,1,1.663912,48.323265,535.426880,-27.847435,194.876343,0.480979,0.333362,0.446240,0.414864,1,2.686447
1644834595384.732,148923852684,11760250088,854.682598,497.552651,2.620537,1,-63.132671,55.737595,532.245239,-29.384359,195.523209,0.654148,0.304963,0.443273,0.412738,1,2.559326,1,1.755269,48.277912,535.328979,-27.443127,194.373428,0.480735,0.333493,0.447021,0.416517,1,2.681747
1644834595396.7322,148923863787,11760261191,854.951677,497.928160,2.618744,1,-63.054195,55.728870,532.235779,-29.108294,195.815720,0.653942,0.304992,0.443806,0.411776,1,2.557190,1,1.864905,48.231674,535.297607,-27.573969,193.890518,0.480444,0.333648,0.446768,0.418104,1,2.680298
1644834595407.734,148923874890,11760272294,855.946312,498.335695,2.616920,1,-62.899849,55.726337,532.219727,-29.181921,195.250107,0.653534,0.304997,0.443664,0.413635,1,2.555191,1,1.961538,48.180649,535.271423,-26.963652,194.249466,0.480188,0.333822,0.447947,0.416924,1,2.678650
1644834595418.7341,148923885994,11760283397,859.546680,498.228389,2.622391,1,-62.807240,55.726334,532.211365,-27.974283,194.844818,0.653288,0.304995,0.445996,0.414968,1,2.559875,1,2.051452,48.139019,535.248108,-26.228611,194.709229,0.479949,0.333963,0.449366,0.415413,1,2.684906
1644834595429.734,148923897097,11760294500,870.410414,497.859657,2.621819,1,-62.715183,55.727470,532.208252,-25.820904,194.555862,0.653043,0.304991,0.450153,0.415917,1,2.559174,1,2.164821,48.095051,535.224792,-22.520088,195.185135,0.479648,0.334113,0.456525,0.413849,1,2.684464
1644834595444.217,148923908200,11760305603,892.564402,500.208092,2.621506,1,-62.468006,55.707146,531.933594,-18.416372,194.143906,0.652468,0.304964,0.464447,0.417271,1,2.560867,1,2.311430,48.035999,535.004456,-17.970715,194.406326,0.479256,0.334254,0.465307,0.416409,1,2.682144
1644834595451.7332,148923919303,11760316706,909.368048,501.566076,2.617607,1,-62.332455,55.728825,531.954712,-14.329185,193.723389,0.652098,0.304897,0.472337,0.418654,1,2.554535,1,2.443582,48.008339,534.994934,-12.990916,194.138290,0.478905,0.334351,0.474921,0.417290,1,2.680679
1644834595463.733,148923930406,11760327809,917.621241,505.490470,2.618500,1,-62.253571,55.750305,531.996155,-12.052511,193.513702,0.651874,0.304837,0.476733,0.419343,1,2.554199,1,2.564010,47.996365,535.041504,-10.814327,192.358139,0.478585,0.334410,0.479123,0.423141,1,2.682800
1644834595474.732,148923941511,11760338913,921.302719,506.677455,2.617508,1,-62.183086,55.833656,532.526672,-10.188450,193.406769,0.651519,0.304740,0.480331,0.419694,1,2.557968,1,2.661167,48.017471,535.424255,-10.691906,191.863205,0.478332,0.334458,0.479359,0.424768,1,2.677048
1644834595484.732,148923952614,11760350016,920.162430,508.337921,2.621605,1,-62.105309,55.855293,532.661804,-10.420355,192.992508,0.651268,0.304715,0.479883,0.421056,1,2.570755,1,2.747285,48.014137,535.540833,-11.075287,191.435532,0.478105,0.334509,0.478619,0.426174,1,2.672455
1644834595496.732,148923963717,11760361119,920.223656,505.387133,2.620895,1,-62.044598,55.871784,532.762695,-10.486336,193.105072,0.651075,0.304695,0.479756,0.420686,1,2.570816,1,2.843251,47.989857,535.679199,-10.976271,192.819199,0.477853,0.334640,0.478810,0.421626,1,2.670975
1644834595507.746,148923974820,11760372222,917.747612,501.933575,2.625092,1,-61.886204,55.886559,532.879456,-12.143411,193.766724,0.650615,0.304689,0.476557,0.418511,1,2.570206,1,2.946579,47.951916,535.749817,-10.655246,193.908646,0.477580,0.334798,0.479430,0.418045,1,2.679977
1644834595518.734,148923985923,11760383325,918.791857,498.823321,2.621109,1,-61.789616,55.899887,532.976868,-11.560700,194.661896,0.650327,0.304679,0.477682,0.415569,1,2.560349,1,3.037596,47.920723,535.830322,-10.674466,194.590500,0.477340,0.334935,0.479393,0.415803,1,2.681870
1644834595529.732,148923997026,11760394428,916.121035,498.441499,2.623184,1,-61.715641,55.911747,533.075745,-12.045545,195.245773,0.650098,0.304675,0.476746,0.413649,1,2.561630,1,3.155292,47.905907,535.958069,-11.630748,194.200180,0.477029,0.335030,0.477547,0.417086,1,2.684738
1644834595540.7332,148924008129,11760405531,918.684397,497.147423,2.623650,1,-61.580250,55.940899,533.198181,-11.112368,195.518494,0.649699,0.304620,0.478548,0.412753,1,2.563202,1,3.259347,47.888092,536.035583,-11.180823,194.583633,0.476755,0.335119,0.478415,0.415826,1,2.684097
1644834595551.7422,148924019232,11760416634,919.023342,494.803548,2.625687,1,-61.490269,55.961895,533.302612,-11.458546,196.163330,0.649426,0.304586,0.477879,0.410634,1,2.565750,1,3.344250,47.880093,536.120789,-10.651750,195.127243,0.476531,0.335175,0.479437,0.414039,1,2.685623
1644834595562.732,148924030336,11760427738,919.740915,492.927665,2.624298,1,-61.415501,55.972908,533.291992,-11.269308,196.691650,0.649229,0.304543,0.478245,0.408897,1,2.568588,1,3.437697,47.858753,536.087830,-10.453767,195.550049,0.476283,0.335241,0.479819,0.412649,1,2.680008
1644834595574.7322,148924041439,11760438841,919.889374,493.398660,2.619934,1,-61.293060,56.002316,533.278137,-10.400417,196.280838,0.648906,0.304436,0.479922,0.410247,1,2.562485,1,3.525576,47.840298,536.062134,-11.242548,195.722031,0.476049,0.335300,0.478296,0.412084,1,2.677383
1644834595584.7412,148924052542,11760449944,920.722418,496.356082,2.622810,1,-61.213795,56.018440,533.231812,-9.989503,195.186890,0.648709,0.304362,0.480715,0.413843,1,2.570053,1,3.585364,47.817616,536.005310,-11.203991,195.316513,0.475890,0.335363,0.478371,0.413417,1,2.675568
1644834595596.739,148924063645,11760461047,919.322433,499.502760,2.618942,1,-61.155354,56.027107,533.213318,-10.842374,194.629822,0.648558,0.304325,0.479069,0.415674,1,2.566711,1,3.655294,47.800102,535.962646,-11.106550,194.278076,0.475704,0.335412,0.478559,0.416830,1,2.671173
1644834595607.73,148924074749,11760472150,917.698517,503.242743,2.615509,1,-61.030560,56.022987,533.112549,-12.617984,194.762970,0.648255,0.304304,0.475641,0.415237,1,2.567261,1,3.717832,47.775848,535.869019,-10.207159,192.248596,0.475536,0.335470,0.480295,0.423501,1,2.663757
1644834595618.732,148924085852,11760483253,914.358101,503.074533,2.608841,1,-60.958828,56.022289,533.097229,-14.134849,195.175537,0.648069,0.304302,0.472713,0.413880,1,2.558624,1,3.777436,47.753300,535.841858,-10.492693,191.921295,0.475378,0.335542,0.479744,0.424577,1,2.659058
1644834595630.74,148924096955,11760494356,917.827749,501.481891,2.610039,1,-60.909500,56.019989,533.099976,-13.054480,195.342773,0.647936,0.304312,0.474798,0.413331,1,2.558838,1,3.837133,47.711075,535.833801,-9.700915,192.561600,0.475219,0.335689,0.481272,0.422472,1,2.661240
1644834595641.7388,148924108058,11760505459,921.653223,498.467499,2.608337,1,-60.828121,56.018925,533.192078,-11.075480,195.642715,0.647691,0.304351,0.478619,0.412345,1,2.559143,1,3.902808,47.671799,535.893433,-9.615764,193.790085,0.475047,0.335848,0.481437,0.418434,1,2.657532
1644834595651.8308,148924119162,11760516563,924.684105,498.603988,2.613449,1,-60.758030,56.013596,533.218506,-9.528366,195.714310,0.647495,0.304381,0.481605,0.412109,1,2.564789,1,3.962573,47.640530,535.908630,-9.527497,193.649307,0.474889,0.335964,0.481607,0.418897,1,2.662109
1644834595663.829,148924130265,11760527666,922.127581,498.377860,2.611633,1,-60.701809,56.015385,533.278625,-10.107497,195.712341,0.647327,0.304398,0.480487,0.412116,1,2.562500,1,4.045478,47.611439,535.982788,-10.327799,193.765915,0.474670,0.336092,0.480062,0.418514,1,2.660767
1644834595674.989,148924141368,11760538769,919.573431,499.484986,2.619820,1,-60.583649,56.020931,533.323975,-10.839959,195.315277,0.646998,0.304397,0.479073,0.413421,1,2.567825,1,4.131510,47.579567,536.003906,-10.973498,193.601624,0.474443,0.336212,0.478816,0.419054,1,2.671814
1644834595685.231,148924152471,11760549872,919.017363,497.619814,2.617310,1,-60.508778,56.025356,533.355835,-10.979050,195.922363,0.646788,0.304395,0.478805,0.411426,1,2.563568,1,4.203990,47.554840,536.022339,-11.134429,193.940216,0.474251,0.336307,0.478505,0.417941,1,2.671051
1644834595697.408,148924163574,11760560975,921.118870,496.615559,2.615150,1,-60.438946,56.023087,533.322205,-10.843377,196.271698,0.646612,0.304391,0.479067,0.410277,1,2.566147,1,4.275514,47.524685,535.958374,-10.136175,194.100113,0.474060,0.336394,0.480432,0.417415,1,2.664154
1644834595708.3992,148924174677,11760572078,920.604830,498.886549,2.608536,1,-60.315147,56.023609,533.310791,-11.832872,195.895706,0.646285,0.304387,0.477157,0.411513,1,2.559525,1,4.344295,47.507133,535.934387,-9.424034,193.324600,0.473877,0.336450,0.481807,0.419964,1,2.657547
1644834595718.399,148924185780,11760583181,924.689369,499.333853,2.603050,1,-60.234756,56.024960,533.299438,-10.870338,194.918625,0.646073,0.304379,0.479015,0.414725,1,2.551926,1,4.412114,47.477875,535.910278,-8.182630,194.074905,0.473697,0.336547,0.484203,0.417498,1,2.654175
1644834595730.396,148924196884,11760594284,938.180323,502.316773,2.605461,1,-60.164318,56.030128,533.357361,-7.664283,194.569626,0.645868,0.304383,0.485204,0.415872,1,2.550339,1,4.516145,47.455555,535.975098,-4.109180,192.911407,0.473423,0.336648,0.492067,0.421323,1,2.660583
1644834595741.395,148924207988,11760605388,967.770309,503.106934,2.608490,1,-59.961220,56.013519,533.218994,1.901465,194.391846,0.645367,0.304394,0.503671,0.416456,1,2.556442,1,4.651467,47.405544,535.851990,2.291317,192.688538,0.473061,0.336788,0.504423,0.422055,1,2.660538
1644834595751.394,148924219091,11760616491,990.035820,504.527575,2.605850,1,-59.831944,56.015602,533.292603,7.755076,195.285019,0.645000,0.304416,0.514971,0.413520,1,2.553024,1,4.782109,47.377182,535.908203,8.451775,191.075043,0.472716,0.336908,0.516316,0.427359,1,2.658676
1644834595871.396,148924230194,11760627594,997.402382,502.913153,2.603020,1,-59.735489,56.007740,533.261475,9.418231,195.533081,0.644752,0.304433,0.518182,0.412705,1,2.550308,1,4.891533,47.337475,535.845398,10.763504,191.645599,0.472424,0.337030,0.520779,0.425483,1,2.655731
1644834595872.398,148924241297,11760638697,999.322586,502.449077,2.603981,1,-59.662586,56.042625,533.593933,10.236591,196.049026,0.644458,0.304435,0.519762,0.411009,1,2.551926,1,4.969187,47.330753,536.086060,10.981272,191.364975,0.472224,0.337130,0.521199,0.426406,1,2.656036
1644834595873.3972,148924252400,11760649800,997.438545,502.273965,2.604797,1,-59.598076,56.052650,533.630554,9.588553,195.768112,0.644274,0.304414,0.518511,0.411933,1,2.555252,1,5.032810,47.312794,536.113098,10.612740,191.734680,0.472057,0.337203,0.520488,0.425191,1,2.654343
1644834595873.3972,148924263503,11760660903,998.948479,502.096707,2.606873,1,-59.548729,56.066242,533.664246,10.340271,195.580811,0.644133,0.304379,0.519962,0.412548,1,2.558670,1,5.097539,47.295162,536.148499,10.675730,192.011902,0.471886,0.337277,0.520609,0.424280,1,2.655075
1644834595874.4,148924274606,11760672006,1002.881126,501.900530,2.605949,1,-59.433357,56.061176,533.516479,11.723003,195.288223,0.643869,0.304344,0.522631,0.413510,1,2.553238,1,5.160845,47.272781,536.024719,11.414929,192.403915,0.471715,0.337319,0.522037,0.422991,1,2.658661
1644834595875.397,148924285709,11760683109,1003.215065,502.891856,2.612305,1,-59.347328,56.066315,533.461853,12.178475,195.085251,0.643655,0.304306,0.523511,0.414177,1,2.562042,1,5.238942,47.262119,535.949707,11.139729,192.104187,0.471506,0.337334,0.521505,0.423976,1,2.662567
1644834595876.4,148924296813,11760694213,1003.288994,503.073710,2.612534,1,-59.279686,56.074631,533.470154,11.765235,195.185928,0.643472,0.304281,0.522713,0.413846,1,2.561813,1,5.319835,47.253815,535.945984,11.592822,191.911301,0.471291,0.337364,0.522380,0.424610,1,2.663254
1644834595877.396,148924307916,11760705316,1003.803234,505.242884,2.613098,1,-59.165062,56.104572,533.531250,12.089193,194.201828,0.643148,0.304199,0.523338,0.417081,1,2.563141,1,5.407306,47.249096,535.978821,11.546318,191.795563,0.471060,0.337392,0.522290,0.424990,1,2.663055
1644834595879.3982,148924319019,11760716419,1003.468723,503.628534,2.616112,1,-59.080490,56.109150,533.534424,11.787890,194.080856,0.642921,0.304185,0.522756,0.417479,1,2.565475,1,5.488720,47.230259,535.968750,11.667137,192.735107,0.470844,0.337456,0.522523,0.421902,1,2.666748
1644834595880.397,148924330123,11760727522,1006.195278,506.226379,2.614189,1,-59.008724,56.111618,533.532654,12.374596,193.417526,0.642730,0.304177,0.523889,0.419659,1,2.564102,1,5.560292,47.213017,535.952148,12.551617,192.081268,0.470653,0.337513,0.524231,0.424051,1,2.664276
1644834595881.399,148924341226,11760738625,1005.842571,508.053285,2.610954,1,-58.891174,56.124138,533.620850,12.352569,193.429642,0.642390,0.304167,0.523847,0.419619,1,2.560318,1,5.641289,47.198112,536.005554,12.383317,191.142807,0.470440,0.337584,0.523906,0.427136,1,2.661591
1644834595884.398,148924352329,11760749728,1007.120533,508.662826,2.605171,1,-58.815155,56.132755,533.702148,12.162710,193.799240,0.642163,0.304168,0.523480,0.418404,1,2.553223,1,5.713130,47.178459,536.081604,13.262804,190.464066,0.470252,0.337678,0.525604,0.429367,1,2.657120
1644834595897.396,148924363432,11760760831,1004.805393,508.071041,2.605057,1,-58.755978,56.146442,533.815063,12.192482,194.005173,0.641972,0.304163,0.523538,0.417728,1,2.553879,1,5.805759,47.162537,536.218689,11.983839,190.558243,0.470010,0.337778,0.523135,0.429058,1,2.656235
1644834595907.396,148924374535,11760771934,1005.807209,506.353033,2.604820,1,-58.634014,56.172283,533.921204,12.162787,193.547089,0.641615,0.304113,0.523480,0.419233,1,2.556488,1,5.890226,47.136192,536.287231,12.554073,191.887451,0.469789,0.337894,0.524236,0.424688,1,2.653152
1644834595918.398,148924385639,11760783038,1022.173805,506.245011,2.601990,1,-58.526871,56.193756,534.020569,16.213932,193.700851,0.641300,0.304075,0.531301,0.418728,1,2.552917,1,6.019613,47.126701,536.377869,17.334072,191.788422,0.469448,0.337958,0.533463,0.425014,1,2.651062
1644834595930.398,148924396743,11760794141,1049.629154,505.193174,2.600006,1,-58.390343,56.219654,534.177612,22.589573,194.116608,0.640890,0.304044,0.543609,0.417361,1,2.553238,1,6.194114,47.127453,536.547668,25.772896,191.905991,0.468991,0.338010,0.549755,0.424628,1,2.646774
1644834595941.396,148924407846,11760805244,1087.320156,502.701348,2.600311,1,-58.089043,56.230560,534.175720,33.621754,195.847473,0.640088,0.304009,0.564907,0.411672,1,2.557632,1,6.389647,47.118069,536.515076,35.078144,191.438599,0.468472,0.338036,0.567718,0.426164,1,2.642990
1644834595952.4,148924418949,11760816347,1103.117924,506.465435,2.609520,1,-57.941662,56.250366,534.119080,38.061230,193.833923,0.639711,0.303920,0.573477,0.418290,1,2.575241,1,6.531442,47.108139,536.430908,39.162811,191.543625,0.468093,0.338047,0.575604,0.425819,1,2.643799
1644834595963.396,148924430052,11760827450,1109.939060,507.484800,2.610298,1,-57.802654,56.234028,533.738892,39.467106,193.055359,0.639450,0.303837,0.576191,0.420850,1,2.579865,1,6.619826,47.058716,535.942810,41.437489,191.805344,0.467843,0.338072,0.579995,0.424958,1,2.640732
1644834595974.397,148924441155,11760838553,1108.730278,504.888064,2.608017,1,-57.648178,56.222267,533.497498,39.612202,193.697220,0.639107,0.303791,0.576471,0.418740,1,2.576569,1,6.700844,47.030518,535.740967,40.640160,192.480133,0.467621,0.338110,0.578456,0.422740,1,2.639465
1644834595985.3972,148924452258,11760849656,1109.600143,503.632808,2.600182,1,-57.564091,56.219887,533.430298,39.992970,194.707077,0.638902,0.303775,0.577206,0.415420,1,2.561920,1,6.785342,47.012470,535.647705,40.728779,192.106735,0.467394,0.338146,0.578627,0.423968,1,2.638443
1644834595997.3992,148924463361,11760860759,1110.458794,502.823496,2.598267,1,-57.506065,56.238407,533.578003,40.303680,195.009460,0.638704,0.303766,0.577806,0.414426,1,2.558945,1,6.869992,47.009274,535.816711,40.881393,192.214691,0.467175,0.338211,0.578922,0.423613,1,2.637589
1644834596007.3992,148924474465,11760871863,1108.727646,504.305828,2.601707,1,-57.396362,56.251743,533.707153,39.728237,195.080475,0.638375,0.303769,0.576695,0.414193,1,2.566040,1,6.956202,46.997185,535.901672,40.522751,191.392105,0.466949,0.338281,0.578229,0.426317,1,2.637375
1644834596018.4,148924485568,11760882966,1108.577843,503.908235,2.601028,1,-57.319035,56.267841,533.803528,39.893112,195.023682,0.638141,0.303749,0.577014,0.414380,1,2.570038,1,7.045300,46.974770,535.999390,40.277046,191.650467,0.466717,0.338392,0.577755,0.425468,1,2.632019
1644834596029.397,148924496671,11760894069,1108.171349,503.674042,2.600174,1,-57.244873,56.285633,533.911682,39.389214,195.634277,0.637912,0.303727,0.576041,0.412372,1,2.567093,1,7.137323,46.965221,536.120117,40.561646,191.158585,0.466477,0.338465,0.578304,0.427084,1,2.633255
1644834596040.396,148924507774,11760905172,1109.017010,506.087780,2.599838,1,-57.128517,56.338287,534.087830,39.491371,194.916397,0.637551,0.303608,0.576238,0.414732,1,2.562866,1,7.232945,46.959225,536.240540,40.915791,190.652618,0.466228,0.338525,0.578988,0.428747,1,2.636810
1644834596051.416,148924518878,11760916275,1108.870754,505.098832,2.604233,1,-57.040752,56.357895,534.193420,39.586922,195.318634,0.637286,0.303580,0.576423,0.413410,1,2.568344,1,7.326908,46.951687,536.343994,40.741299,190.751770,0.465982,0.338585,0.578651,0.428422,1,2.640121
1644834596063.397,148924529981,11760927378,1107.805195,502.591503,2.604744,1,-56.968746,56.376678,534.286621,39.815468,195.631592,0.637068,0.303549,0.576864,0.412381,1,2.569321,1,7.422896,46.934448,536.445923,39.937790,191.710159,0.465732,0.338678,0.577100,0.425271,1,2.640167
1644834596075.398,148924541084,11760938481,1110.772476,501.359099,2.604874,1,-56.867065,56.417534,534.510986,40.665588,195.366043,0.636733,0.303490,0.578505,0.413254,1,2.566895,1,7.506812,46.922516,536.607117,40.688759,192.600616,0.465516,0.338771,0.578550,0.422344,1,2.642853
1644834596088.399,148924552187,11760949584,1111.969585,501.292849,2.603233,1,-56.799133,56.442932,534.636108,40.639908,195.553848,0.636517,0.303448,0.578455,0.412637,1,2.564346,1,7.587515,46.912083,536.734924,41.360397,192.446381,0.465307,0.338849,0.579846,0.422851,1,2.642120
1644834596096.3982,148924563291,11760960688,1108.544712,500.080633,2.601738,1,-56.737408,56.465050,534.744934,40.013668,195.855042,0.636321,0.303412,0.577246,0.411647,1,2.559631,1,7.670276,46.904926,536.853638,40.138615,192.759796,0.465092,0.338912,0.577488,0.421821,1,2.643845
1644834596107.4,148924574394,11760971791,1100.177078,500.636262,2.601692,1,-56.676689,56.509983,534.871155,38.163818,195.464279,0.636124,0.303301,0.573675,0.412931,1,2.563400,1,7.727138,46.907024,536.939941,37.473431,192.868851,0.464945,0.338932,0.572343,0.421463,1,2.639984
1644834596118.4001,148924585497,11760982894,1090.168304,501.518852,2.599831,1,-56.626629,56.534378,534.875916,35.563885,195.398026,0.635989,0.303217,0.568656,0.413149,1,2.563507,1,7.767719,46.915165,536.932068,34.672779,192.487625,0.464837,0.338901,0.566936,0.422716,1,2.636154
1644834596129.395,148924596600,11760993997,1083.890133,503.505385,2.603874,1,-56.564610,56.551891,534.782227,34.100330,195.357178,0.635850,0.303120,0.565831,0.413283,1,2.569962,1,7.817443,46.919334,536.808838,32.748783,191.521210,0.464700,0.338849,0.563222,0.425892,1,2.637787
1644834596140.399,148924607703,11761005100,1081.573677,503.002059,2.601067,1,-56.411110,56.555145,534.422058,33.515656,196.141037,0.635542,0.302975,0.564702,0.410707,1,2.564240,1,7.883565,46.902718,536.519287,32.083519,190.992554,0.464514,0.338820,0.561937,0.427630,1,2.637894
1644834596151.397,148924618806,11761016203,1080.802574,507.058865,2.607353,1,-56.316082,56.570786,534.258850,33.384438,193.779892,0.635334,0.302860,0.564449,0.418468,1,2.568695,1,7.963250,46.881203,536.312927,31.798691,191.296707,0.464294,0.338833,0.561387,0.426630,1,2.646011
1644834596162.3982,148924629910,11761027306,1084.770870,508.134484,2.605560,1,-56.229694,56.588581,534.148438,34.131470,192.697052,0.635134,0.302756,0.565891,0.422027,1,2.563232,1,8.030489,46.851582,536.168152,33.192883,191.834229,0.464111,0.338894,0.564079,0.424864,1,2.647888
1644834596173.798,148924641013,11761038409,1083.050194,508.307934,2.609299,1,-56.101887,56.596302,534.175659,33.392094,192.565781,0.634786,0.302741,0.564463,0.422459,1,2.570053,1,8.117575,46.831989,536.172302,33.003834,191.877548,0.463880,0.338966,0.563714,0.424721,1,2.648544
1644834596184.811,148924652117,11761049513,1081.136112,508.239394,2.609192,1,-56.011620,56.596451,534.225281,32.610710,193.394974,0.634531,0.302761,0.562955,0.419733,1,2.574356,1,8.212830,46.798027,536.212708,32.752323,191.083115,0.463629,0.339100,0.563228,0.427332,1,2.644028
1644834596195.814,148924663220,11761060616,1079.505272,509.050602,2.606216,1,-55.930359,56.594315,534.387756,31.895248,193.247726,0.634270,0.302831,0.561574,0.420217,1,2.570312,1,8.311584,46.767319,536.391541,32.587803,190.819031,0.463375,0.339265,0.562911,0.428201,1,2.642120
1644834596206.809,148924674323,11761071719,1078.144226,508.929366,2.602631,1,-55.798889,56.607830,534.687866,31.439184,192.751694,0.633836,0.302898,0.560693,0.421848,1,2.563736,1,8.416818,46.716656,536.607422,32.309490,191.376526,0.463106,0.339512,0.562374,0.426368,1,2.641525
1644834596217.812,148924685426,11761082822,1080.082455,502.802503,2.596649,1,-55.712849,56.600689,534.895508,32.125782,194.849030,0.633550,0.303003,0.562019,0.414954,1,2.547958,1,8.521646,46.667519,536.827576,32.668739,192.385742,0.462838,0.339755,0.563067,0.423051,1,2.645340
1644834596229.812,148924696529,11761093925,1076.636810,502.147955,2.595634,1,-55.630978,56.598526,535.056580,31.583063,195.677811,0.633287,0.303072,0.560971,0.412229,1,2.548355,1,8.637873,46.620975,537.010010,31.352242,191.888855,0.462538,0.339977,0.560526,0.424684,1,2.642914
1644834596240.813,148924707632,11761105028,1082.310562,500.591201,2.599113,1,-55.510002,56.581501,535.274048,33.022598,196.444031,0.632906,0.303216,0.563750,0.409711,1,2.555710,1,8.738292,46.575836,537.163025,32.974194,191.911957,0.462279,0.340184,0.563657,0.424608,1,2.642517
1644834596251.812,148924718736,11761116131,1084.041710,499.888247,2.595436,1,-55.413158,56.576958,535.381287,33.335018,196.317276,0.632619,0.303274,0.564353,0.410127,1,2.552261,1,8.844733,46.529091,537.266296,33.595825,192.395187,0.462003,0.340382,0.564857,0.423020,1,2.638611
1644834596262.815,148924729839,11761127234,1084.077644,500.842202,2.598602,1,-55.315315,56.563793,535.435120,33.357334,195.965347,0.632344,0.303342,0.564396,0.411284,1,2.559448,1,8.953430,46.487999,537.312927,33.592918,192.263412,0.461717,0.340543,0.564851,0.423453,1,2.637756
1644834596273.811,148924740943,11761138338,1082.167397,499.854112,2.597145,1,-55.157719,56.551334,535.459290,32.233402,196.222092,0.631918,0.303398,0.562227,0.410440,1,2.554230,1,9.051125,46.441956,537.314331,33.686100,192.507660,0.461459,0.340707,0.565031,0.422650,1,2.640060
1644834596285.813,148924752046,11761149441,1082.903023,501.087248,2.598679,1,-55.062946,56.532887,535.439453,32.847713,196.147110,0.631672,0.303457,0.563412,0.410687,1,2.558609,1,9.143746,46.396515,537.274902,33.468792,191.957321,0.461213,0.340857,0.564611,0.424459,1,2.638748
1644834596296.813,148924763149,11761160544,1083.540573,499.621224,2.598610,1,-54.967262,56.511322,535.345459,33.330566,196.572083,0.631443,0.303500,0.564345,0.409290,1,2.556549,1,9.229418,46.338764,537.148315,33.329952,192.275681,0.460981,0.341023,0.564343,0.423412,1,2.640671
1644834596307.809,148924774252,11761171647,1080.927773,500.786000,2.597725,1,-54.824387,56.484756,535.187195,32.905102,196.457916,0.631107,0.303537,0.563523,0.409665,1,2.555878,1,9.318215,46.285305,537.010681,32.345581,191.799240,0.460740,0.341171,0.562443,0.424978,1,2.639572
1644834596317.8389,148924785355,11761182750,1079.708290,499.984163,2.597443,1,-54.741268,56.475475,535.106323,32.680592,196.914124,0.630907,0.303540,0.563090,0.408166,1,2.557831,1,9.395715,46.243881,536.904175,31.912071,191.749649,0.460530,0.341286,0.561606,0.425141,1,2.637054
1644834596329.8381,148924796458,11761193853,1081.013947,498.702943,2.596733,1,-54.661697,56.471748,535.035645,31.851294,197.095978,0.630715,0.303528,0.561489,0.407568,1,2.553650,1,9.457300,46.207039,536.808411,33.445862,192.217407,0.460362,0.341388,0.564567,0.423604,1,2.639816
1644834596340.8452,148924807561,11761204956,1083.067989,498.319602,2.596596,1,-54.560242,56.477730,535.001831,32.972565,197.025543,0.630454,0.303496,0.563654,0.407799,1,2.555466,1,9.526018,46.188698,536.769958,33.432941,192.482224,0.460179,0.341442,0.564542,0.422733,1,2.637726
1644834596350.844,148924818664,11761216059,1087.110500,499.751472,2.598236,1,-54.477993,56.488483,535.009155,34.291592,196.644791,0.630233,0.303462,0.566200,0.409051,1,2.555267,1,9.606524,46.172966,536.762573,34.295116,192.136978,0.459965,0.341497,0.566207,0.423868,1,2.641205
1644834596362.845,148924829768,11761227163,1102.672691,502.071565,2.599815,1,-54.393608,56.507923,535.131409,38.886448,196.798279,0.629975,0.303440,0.575070,0.408546,1,2.558868,1,9.715500,46.178699,536.891602,38.097347,190.807159,0.459683,0.341517,0.573547,0.428239,1,2.640762
1644834596373.837,148924840871,11761238266,1128.256474,504.586798,2.597298,1,-54.210365,56.517109,535.156433,46.670525,196.660095,0.629481,0.303420,0.590097,0.409001,1,2.556717,1,9.846799,46.165730,536.890808,44.117874,189.669998,0.459335,0.341565,0.585170,0.431977,1,2.637878
1644834596384.8381,148924851975,11761249369,1149.464722,505.858952,2.598717,1,-54.088734,56.523903,535.208252,51.622330,196.024979,0.629143,0.303417,0.599657,0.411088,1,2.561981,1,9.968036,46.150784,536.929810,50.609737,189.660049,0.459016,0.341631,0.597702,0.432010,1,2.635452
1644834596395.8389,148924863078,11761260472,1158.126812,505.928600,2.597580,1,-53.972637,56.518665,535.184204,53.727585,195.764923,0.628841,0.303428,0.603721,0.411943,1,2.568710,1,10.087976,46.116432,536.881226,53.178402,189.884781,0.458696,0.341739,0.602661,0.431271,1,2.626450
1644834596406.838,148924874181,11761271575,1161.951599,504.565430,2.599068,1,-53.873192,56.542171,535.403870,54.729130,195.723709,0.628517,0.303429,0.605655,0.412078,1,2.572266,1,10.180589,46.098999,537.049805,54.240665,190.617157,0.458459,0.341853,0.604712,0.428864,1,2.625870
1644834596417.8381,148924885284,11761282678,1161.500359,504.089141,2.595284,1,-53.813038,56.549564,535.472778,54.646732,195.781006,0.628339,0.303429,0.605496,0.411890,1,2.570297,1,10.243198,46.082077,537.114441,54.079533,190.801392,0.458297,0.341934,0.604401,0.428258,1,2.620270
1644834596429.853,148924896387,11761293781,1162.758350,503.000468,2.590935,1,-53.755409,56.562981,535.494507,55.106857,195.916840,0.628180,0.303391,0.606384,0.411444,1,2.562317,1,10.305788,46.065968,537.128845,54.298218,191.217575,0.458132,0.341996,0.604823,0.426890,1,2.619553
1644834596440.8481,148924907490,11761304884,1163.811836,503.735286,2.590576,1,-53.655926,56.568111,535.414551,55.244576,196.054367,0.627936,0.303344,0.606650,0.410992,1,2.557159,1,10.363351,46.056576,537.050842,54.728905,190.707458,0.457976,0.342006,0.605654,0.428567,1,2.623993
1644834596450.84,148924918594,11761315988,1164.214211,505.279702,2.590157,1,-53.597797,56.585300,535.403076,55.375748,195.437271,0.627785,0.303280,0.606903,0.413020,1,2.552826,1,10.421528,46.053570,537.028137,54.814922,190.541473,0.457821,0.342011,0.605820,0.429113,1,2.627487
1644834596462.838,148924929697,11761327091,1162.941170,507.467812,2.592682,1,-53.540913,56.608345,535.462158,54.252029,194.988266,0.627617,0.303221,0.604734,0.414496,1,2.555954,1,10.480848,46.065128,537.085266,55.251759,189.880997,0.457666,0.341988,0.606664,0.431284,1,2.629410
1644834596473.8381,148924940800,11761338194,1164.259529,511.225981,2.589226,1,-53.474831,56.655521,535.550903,54.934250,193.194550,0.627418,0.303089,0.606051,0.420392,1,2.556870,1,10.538266,46.069351,537.149353,55.280888,189.769150,0.457518,0.341993,0.606720,0.431651,1,2.621582
1644834596484.8362,148924951903,11761349297,1163.448315,510.270184,2.590088,1,-53.426624,56.668827,535.591125,54.681190,193.771194,0.627279,0.303057,0.605562,0.418496,1,2.559494,1,10.582000,46.068287,537.183105,55.096176,189.677139,0.457404,0.342008,0.606363,0.431954,1,2.620682
1644834596495.838,148924963006,11761360400,1163.554573,510.292876,2.589394,1,-53.383255,56.676186,535.613281,54.852440,193.899796,0.627158,0.303040,0.605893,0.418074,1,2.558090,1,10.628476,46.056816,537.200745,54.982277,189.536987,0.457282,0.342054,0.606143,0.432414,1,2.620697
1644834596506.839,148924974109,11761371503,1163.837013,508.394873,2.588875,1,-53.336216,56.678497,535.660828,55.411831,193.918427,0.627020,0.303051,0.606973,0.418012,1,2.557571,1,10.668050,46.032318,537.233276,54.575302,190.480743,0.457179,0.342151,0.605358,0.429312,1,2.620178
1644834596517.8372,148924985213,11761382606,1165.402908,510.421550,2.588264,1,-53.308670,56.673958,535.681519,56.339676,193.412598,0.626941,0.303075,0.608764,0.419675,1,2.556076,1,10.699230,46.016808,537.248962,54.492420,189.958969,0.457097,0.342211,0.605198,0.431027,1,2.620453
1644834596528.838,148924996316,11761393709,1166.272831,508.064872,2.583694,1,-53.281086,56.666042,535.694336,57.056026,194.150192,0.626865,0.303108,0.610147,0.417251,1,2.549484,1,10.734060,45.983753,537.258667,54.245441,190.416290,0.457006,0.342331,0.604721,0.429524,1,2.617905
1644834596540.8372,148925007420,11761404813,1164.800434,506.866586,2.587585,1,-53.234295,56.637173,535.693481,56.454857,195.517654,0.626741,0.303211,0.608986,0.412756,1,2.551453,1,10.766772,45.963455,537.249817,54.052132,189.656418,0.456919,0.342401,0.604348,0.432022,1,2.623718
1644834596550.8389,148925018523,11761415916,1162.784328,505.622721,2.587440,1,-53.208057,56.629574,535.702820,55.171883,195.487686,0.626669,0.303242,0.606509,0.412854,1,2.553619,1,10.787518,45.940681,537.255981,54.247211,190.317093,0.456865,0.342483,0.604724,0.429850,1,2.621262
1644834596562.837,148925029626,11761427019,1162.863178,505.380946,2.587532,1,-53.185238,56.623394,535.717712,54.974041,195.063965,0.626604,0.303269,0.606127,0.414247,1,2.557175,1,10.807949,45.927509,537.267639,54.487602,190.863419,0.456812,0.342533,0.605188,0.428054,1,2.617889
1644834596573.838,148925040730,11761438122,1161.620693,503.971052,2.587845,1,-53.153015,56.608562,535.756653,53.897694,196.473938,0.626509,0.303337,0.604050,0.409613,1,2.559097,1,10.828683,45.924999,537.292297,54.893517,190.168320,0.456758,0.342550,0.605972,0.430339,1,2.616592
1644834596584.836,148925051833,11761449225,1162.498569,503.771353,2.586617,1,-53.145451,56.609238,535.798767,54.931728,196.691132,0.626477,0.303351,0.606046,0.408899,1,2.556183,1,10.847106,45.921864,537.333740,54.333130,190.052429,0.456711,0.342574,0.604890,0.430720,1,2.617050
1644834596595.844,148925062936,11761460328,1164.616241,505.930567,2.588905,1,-53.142460,56.608479,535.850647,55.401779,196.612976,0.626456,0.303373,0.606953,0.409155,1,2.557922,1,10.859396,45.926899,537.392944,55.005753,189.035721,0.456682,0.342574,0.606189,0.434062,1,2.619888
1644834596606.8389,148925074039,11761471431,1167.142811,505.722070,2.580841,1,-53.145679,56.621159,535.952576,56.161518,195.875473,0.626438,0.303366,0.608420,0.411580,1,2.548294,1,10.864653,45.927994,537.476440,55.609299,189.878952,0.456673,0.342595,0.607354,0.431290,1,2.613388
1644834596617.837,148925085142,11761482534,1166.493988,507.037997,2.585854,1,-53.150928,56.623802,536.022644,55.712605,195.392853,0.626433,0.303383,0.607553,0.413166,1,2.549835,1,10.866011,45.931107,537.549255,55.708138,189.694351,0.456673,0.342606,0.607545,0.431897,1,2.621872
1644834596628.836,148925096246,11761493638,1165.984039,506.623417,2.585815,1,-53.160950,56.629433,536.108887,55.496773,195.469772,0.626437,0.303395,0.607137,0.412913,1,2.554871,1,10.863793,45.938908,537.652161,55.648766,189.827652,0.456684,0.342610,0.607430,0.431459,1,2.616760
1644834596640.838,148925107349,11761504741,1164.642391,507.044649,2.588715,1,-53.179832,56.642208,536.230164,55.108437,195.744904,0.626455,0.303395,0.606387,0.412009,1,2.558960,1,10.864079,45.948994,537.753967,55.313190,189.338943,0.456689,0.342605,0.606782,0.433066,1,2.618469
1644834596650.838,148925118452,11761515844,1165.194340,505.918461,2.584801,1,-53.194172,56.659611,536.315613,55.154049,196.091934,0.626471,0.303366,0.606475,0.410868,1,2.558624,1,10.860618,45.962173,537.846252,55.565464,189.562897,0.456703,0.342586,0.607269,0.432329,1,2.610977
1644834596662.8398,148925129555,11761526947,1163.139725,503.504705,2.583755,1,-53.207050,56.687660,536.423157,54.841221,196.129608,0.626476,0.303307,0.605871,0.410744,1,2.554565,1,10.859806,45.978298,537.974731,54.769669,190.749115,0.456712,0.342568,0.605733,0.428430,1,2.612946
1644834596673.837,148925140658,11761538050,1162.249775,503.172594,2.586403,1,-53.211525,56.718372,536.523010,54.268383,195.833664,0.626462,0.303235,0.604765,0.411717,1,2.555237,1,10.850730,45.998676,538.057007,54.862282,191.213455,0.456740,0.342521,0.605912,0.426904,1,2.617569
1644834596684.8381,148925151761,11761549153,1164.158478,502.257389,2.585678,1,-53.209427,56.734692,536.588745,54.041519,196.159897,0.626439,0.303202,0.604327,0.410645,1,2.556351,1,10.850014,46.024174,538.126648,56.119030,191.351273,0.456746,0.342452,0.608338,0.426451,1,2.615005
1644834596695.8389,148925162865,11761560256,1174.183960,502.368915,2.584534,1,-53.186665,56.750179,536.664246,56.633118,196.376450,0.626358,0.303176,0.609330,0.409933,1,2.553604,1,10.890300,46.046967,538.207886,58.937046,191.078171,0.456644,0.342397,0.613778,0.427349,1,2.615463
1644834596706.838,148925173968,11761571359,1197.893143,505.462128,2.576912,1,-53.102943,56.764599,536.492188,63.637764,194.645401,0.626181,0.303062,0.622853,0.415623,1,2.545120,1,10.942549,46.051758,538.063660,64.725471,191.240799,0.456498,0.342337,0.624953,0.426814,1,2.608704
1644834596717.8372,148925185072,11761582463,1216.800556,504.318309,2.574371,1,-53.038868,56.760254,536.387756,68.917114,195.299606,0.626038,0.303039,0.633045,0.413473,1,2.538651,1,11.000872,46.059647,537.941040,69.648224,191.166595,0.456337,0.342273,0.634456,0.427058,1,2.610092
1644834596728.837,148925196175,11761593566,1231.228580,504.099029,2.570564,1,-52.982220,56.740467,536.143433,72.397263,195.178879,0.625952,0.303018,0.639763,0.413869,1,2.537262,1,11.021110,46.056599,537.644287,73.953186,191.398499,0.456267,0.342195,0.642767,0.426296,1,2.603867
1644834596740.8372,148925207278,11761604669,1236.942616,504.490292,2.574364,1,-52.992046,56.762913,536.299011,74.326775,195.164429,0.625937,0.302997,0.643488,0.413917,1,2.544708,1,11.023937,46.092384,537.773743,75.106888,191.214569,0.456266,0.342108,0.644994,0.426900,1,2.604019
1644834596750.8372,148925218381,11761615772,1239.662704,505.753309,2.575752,1,-53.014618,56.770947,536.338013,75.355042,194.531952,0.625987,0.302983,0.645473,0.415996,1,2.549072,1,11.000276,46.115646,537.818237,75.546349,191.206619,0.456331,0.342039,0.645842,0.426926,1,2.602432
1644834596762.837,148925229484,11761626875,1237.988091,507.282847,2.574715,1,-53.057201,56.788486,536.448853,75.319817,193.990387,0.626071,0.302962,0.645405,0.417776,1,2.553040,1,10.982010,46.155758,537.949341,74.677986,190.972626,0.456386,0.341937,0.644166,0.427695,1,2.596390
1644834596773.8381,148925240587,11761637978,1239.068928,505.888188,2.571426,1,-53.103882,56.782341,536.344971,75.332260,195.047226,0.626222,0.302944,0.645429,0.414302,1,2.550613,1,10.936343,46.179409,537.867249,75.248734,190.622925,0.456502,0.341828,0.645268,0.428845,1,2.592239
1644834596784.844,148925251690,11761649081,1237.987232,505.093485,2.568878,1,-53.142273,56.786858,536.276489,74.295074,195.103134,0.626342,0.302902,0.643427,0.414118,1,2.545441,1,10.889228,46.199646,537.799805,75.702255,190.969986,0.456623,0.341736,0.646143,0.427704,1,2.592316
1644834596795.837,148925262793,11761660184,1239.595642,505.538338,2.572868,1,-53.189583,56.789017,536.138916,75.040268,195.062531,0.626503,0.302842,0.644865,0.414252,1,2.548019,1,10.826137,46.221786,537.649048,75.824898,190.785065,0.456781,0.341611,0.646380,0.428312,1,2.597717
1644834596806.8381,148925273897,11761671288,1241.426697,504.683125,2.572945,1,-53.262798,56.773712,535.932251,76.363998,194.850235,0.626752,0.302817,0.647421,0.414950,1,2.546341,1,10.762798,46.245159,537.483582,75.489151,191.430984,0.456940,0.341478,0.645732,0.426189,1,2.599548
1644834596817.836,148925285000,11761682391,1242.136917,507.514679,2.573006,1,-53.322117,56.775673,535.807800,77.484047,193.345673,0.626943,0.302762,0.649583,0.419895,1,2.545914,1,10.710072,46.272301,537.359497,74.752411,191.499832,0.457072,0.341343,0.644310,0.425963,1,2.600098
1644834596828.835,148925296104,11761693494,1242.591934,508.844179,2.571602,1,-53.382271,56.778435,535.713196,76.495392,192.580002,0.627127,0.302716,0.647675,0.422412,1,2.544403,1,10.620813,46.310791,537.255066,75.986542,191.591354,0.457303,0.341175,0.646692,0.425662,1,2.598801
1644834596840.836,148925307207,11761704597,1242.675133,507.267845,2.568298,1,-53.485191,56.784752,535.634155,76.069801,193.648560,0.627422,0.302662,0.646853,0.418900,1,2.536652,1,10.531891,46.357159,537.199219,76.457031,191.322067,0.457535,0.340993,0.647600,0.426547,1,2.599945
1644834596850.8452,148925318310,11761715700,1243.857479,504.458052,2.564781,1,-53.561440,56.783752,535.583740,75.783775,195.426636,0.627638,0.302646,0.646301,0.413055,1,2.533890,1,10.451767,46.395393,537.158264,77.381042,190.968704,0.457744,0.340844,0.649384,0.427708,1,2.595673
1644834596862.8381,148925329413,11761726803,1244.578686,501.491225,2.560638,1,-53.662594,56.785301,535.559021,76.337021,196.933746,0.627913,0.302629,0.647369,0.408101,1,2.524536,1,10.354116,46.443459,537.144531,77.216942,190.965912,0.458002,0.340669,0.649067,0.427718,1,2.596741
1644834596873.935,148925340516,11761737906,1240.431919,504.038447,2.562630,1,-53.810966,56.797726,535.571045,74.560928,195.642075,0.628304,0.302588,0.643940,0.412347,1,2.527924,1,10.244612,46.492992,537.172180,76.755501,190.966019,0.458292,0.340501,0.648177,0.427717,1,2.597336
1644834596884.373,148925351619,11761749009,1238.828030,504.705834,2.566971,1,-53.930904,56.803268,535.586182,74.450356,194.947784,0.628619,0.302572,0.643727,0.414629,1,2.535431,1,10.146742,46.533882,537.203186,76.000618,191.321930,0.458553,0.340365,0.646719,0.426547,1,2.598511
1644834596895.927,148925362723,11761760113,1238.449631,503.715795,2.570511,1,-54.070881,56.803932,535.590515,74.550255,195.401398,0.628990,0.302569,0.643919,0.413138,1,2.542526,1,10.003442,46.585346,537.230225,75.696632,191.370270,0.458933,0.340189,0.646132,0.426388,1,2.598495
1644834596906.482,148925373827,11761771216,1241.737633,502.880824,2.571716,1,-54.314907,56.825256,535.643250,76.568764,195.774597,0.629625,0.302510,0.647816,0.411911,1,2.540848,1,9.851439,46.653938,537.300842,75.452225,191.420441,0.459338,0.339967,0.645661,0.426224,1,2.602585
1644834596917.1692,148925384930,11761782319,1240.812950,501.925099,2.572601,1,-54.479443,56.832542,535.672058,75.720947,196.187729,0.630054,0.302493,0.646179,0.410553,1,2.541641,1,9.706875,46.712521,537.351013,75.801079,191.491943,0.459723,0.339773,0.646334,0.425989,1,2.603561
1644834596929.1848,148925396033,11761793422,1238.620834,503.643000,2.567032,1,-54.662102,56.840080,535.694458,75.338974,194.937042,0.630534,0.302472,0.645442,0.414664,1,2.529739,1,9.520029,46.797073,537.403259,75.000252,191.871567,0.460219,0.339489,0.644788,0.424741,1,2.604324
1644834596940.186,148925407136,11761804525,1236.640434,505.057508,2.567795,1,-54.949261,56.838730,535.650024,74.488174,194.034317,0.631309,0.302455,0.643799,0.417632,1,2.538635,1,9.306046,46.881607,537.395996,74.782455,192.057083,0.460784,0.339185,0.644368,0.424131,1,2.596954
1644834596951.13,148925418239,11761815628,1239.127750,507.292449,2.570702,1,-55.154346,56.825386,535.586975,75.534447,193.608932,0.631872,0.302476,0.645819,0.419030,1,2.537857,1,9.128161,46.947666,537.358887,75.078308,191.349213,0.461253,0.338938,0.644939,0.426458,1,2.603546
1644834596962.118,148925429342,11761826731,1249.743347,505.859470,2.574692,1,-55.364098,56.811111,535.495544,78.001907,193.752792,0.632454,0.302489,0.650583,0.418557,1,2.544846,1,8.886369,47.025532,537.278381,78.338867,191.931915,0.461888,0.338635,0.651233,0.424542,1,2.604538
1644834596973.1318,148925440445,11761837834,1256.424122,507.439971,2.565804,1,-55.683006,56.790810,535.385315,79.253189,193.662781,0.633333,0.302514,0.652998,0.418853,1,2.531082,1,8.637301,47.126316,537.221985,80.692390,191.220581,0.462544,0.338258,0.655777,0.426880,1,2.600525
1644834596984.118,148925451549,11761848938,1259.269352,509.358090,2.559540,1,-55.933655,56.798073,535.343140,79.934448,193.722031,0.634011,0.302469,0.654314,0.418658,1,2.521210,1,8.405117,47.231911,537.214294,81.546402,190.188782,0.463157,0.337880,0.657425,0.430272,1,2.597870
1644834596996.1182,148925462652,11761860041,1257.869740,510.767323,2.555595,1,-56.207424,56.815491,535.299622,79.133385,193.533554,0.634751,0.302386,0.652767,0.419278,1,2.513916,1,8.102343,47.378582,537.203918,81.592262,189.662704,0.463957,0.337355,0.657514,0.432001,1,2.597275
1644834597007.118,148925473755,11761871144,1262.046318,510.471708,2.561615,1,-56.694115,56.881855,535.328064,81.101837,192.593201,0.636037,0.302155,0.656567,0.422369,1,2.518646,1,7.772079,47.538567,537.280151,81.877403,190.752930,0.464833,0.336810,0.658064,0.428418,1,2.604584
1644834597017.118,148925484858,11761882247,1264.727268,509.686214,2.562370,1,-57.028854,56.929173,535.333862,81.601204,192.063538,0.636926,0.301984,0.657531,0.424110,1,2.527206,1,7.464273,47.691395,537.333008,82.824577,191.680878,0.465648,0.336282,0.659893,0.425367,1,2.597534
1644834597029.1182,148925495961,11761893350,1264.297314,512.424338,2.569290,1,-57.366692,56.979485,535.359802,81.988106,191.129044,0.637816,0.301811,0.658278,0.427181,1,2.536606,1,7.095739,47.887566,537.419556,82.205711,191.227066,0.466625,0.335612,0.658698,0.426859,1,2.601974
1644834597040.119,148925507065,11761904453,1260.158329,510.658944,2.570320,1,-57.926228,57.033108,535.338318,79.914551,192.102753,0.639310,0.301604,0.654275,0.423981,1,2.541153,1,6.689207,48.087036,537.459473,82.045944,191.148483,0.467700,0.334915,0.658390,0.427117,1,2.599487
1644834597051.1191,148925518168,11761915556,1257.520294,510.644352,2.572739,1,-58.322689,57.070591,535.295715,79.236534,191.945877,0.640377,0.301450,0.652966,0.424496,1,2.539993,1,6.322456,48.264927,537.468750,81.300537,191.312729,0.468670,0.334286,0.656951,0.426578,1,2.605484
1644834597062.134,148925529271,11761926659,1237.186375,508.304787,2.570946,1,-58.733097,57.103035,535.223022,76.672409,192.661148,0.641490,0.301301,0.648016,0.422145,1,2.539673,1,5.878371,48.477039,537.441467,72.892776,191.783722,0.469842,0.333522,0.640720,0.425029,1,2.602219
1644834597073.127,148925540375,11761937763,1181.912785,509.126884,2.578056,1,-59.609066,57.189857,535.189575,58.469360,192.535995,0.643829,0.300967,0.612875,0.422557,1,2.547821,1,5.270061,48.725803,537.504517,61.271103,191.492050,0.471451,0.332656,0.618284,0.425988,1,2.608292
1644834597084.118,148925551478,11761948866,1107.183609,507.740396,2.582870,1,-60.267296,57.215427,534.834229,36.463238,192.612991,0.645687,0.300732,0.570392,0.422304,1,2.551682,1,4.594107,48.916965,537.201294,42.954582,192.118103,0.473231,0.331875,0.582924,0.423930,1,2.614059
1644834597096.119,148925562581,11761959969,1022.447948,509.518898,2.582130,1,-60.869747,57.181747,534.028870,12.029407,191.576340,0.647535,0.300535,0.523223,0.425711,1,2.541718,1,3.689036,49.065929,536.185486,21.666496,192.252930,0.475606,0.331008,0.541827,0.423487,1,2.622543
1644834597107.1191,148925573684,11761971072,890.108156,511.789924,2.558388,1,-61.962097,57.048782,532.266479,-31.523996,190.544449,0.650994,0.300317,0.439143,0.429103,1,2.499451,1,2.770408,49.185955,535.009888,-6.188445,192.133316,0.478025,0.330189,0.488053,0.423880,1,2.617325
1644834597117.118,148925584787,11761982175,793.291540,516.669255,2.548050,1,-62.646446,56.981644,531.522705,-54.977551,189.754395,0.653060,0.300260,0.393866,0.431700,1,2.484955,1,1.883577,49.315056,534.301392,-34.975536,190.449371,0.480374,0.329487,0.432480,0.429415,1,2.611145
1644834597129.119,148925595890,11761993278,705.639238,524.737287,2.549026,1,-63.299328,56.969780,531.437927,-74.284653,188.741989,0.654836,0.300260,0.356593,0.435028,1,2.485809,1,0.966980,49.507462,534.303284,-62.964184,187.370941,0.482812,0.328791,0.378448,0.439534,1,2.612244
1644834597140.1191,148925606994,11762004381,594.063663,533.826613,2.555168,1,-64.632683,56.906090,531.283325,-108.588272,185.925049,0.658461,0.300408,0.290370,0.444287,1,2.486542,1,0.088505,49.668762,534.323242,-88.864876,185.579208,0.485149,0.328213,0.328446,0.445424,1,2.623795
1644834597150.1182,148925618097,11762015484,547.790823,542.625332,2.568375,1,-65.293472,56.905506,531.485352,-118.330902,184.377762,0.660166,0.300477,0.271562,0.449373,1,2.489380,1,-0.687102,49.866337,534.668579,-104.090302,182.665176,0.487211,0.327615,0.299053,0.455003,1,2.647369
1644834597162.118,148925629201,11762026588,526.776695,547.881335,2.572586,1,-65.696945,56.879517,531.343506,-121.591255,183.710464,0.661294,0.300510,0.265268,0.451566,1,2.482788,1,-1.351824,50.025131,534.525513,-112.168793,180.667404,0.488979,0.326994,0.283458,0.461569,1,2.662384
1644834597174.133,148925640304,11762037691,526.567898,551.457828,2.576294,1,-66.537010,56.789265,530.623657,-120.451851,182.348999,0.663788,0.300543,0.267467,0.456042,1,2.488525,1,-1.940080,50.156906,534.142700,-113.420868,180.215439,0.490547,0.326391,0.281041,0.463055,1,2.664062
1644834597184.144,148925651407,11762048794,527.059507,553.682059,2.571152,1,-66.987968,56.726982,530.107300,-120.044296,181.101669,0.665174,0.300560,0.268254,0.460142,1,2.480957,1,-2.506894,50.277111,533.640076,-113.563210,180.335052,0.492061,0.325788,0.280766,0.462662,1,2.661346
1644834597195.148,148925662510,11762059897,526.486444,552.214909,2.572464,1,-67.320305,56.708790,530.038696,-120.005180,180.813507,0.666091,0.300594,0.268330,0.461089,1,2.481644,1,-3.070004,50.432316,533.622070,-113.911514,181.367111,0.493560,0.325222,0.280094,0.459269,1,2.663284
1644834597207.149,148925673614,11762071000,525.406580,549.304229,2.570412,1,-68.223442,56.700424,530.140381,-120.049286,180.787292,0.668483,0.300649,0.268245,0.461175,1,2.471237,1,-3.621546,50.596237,533.777344,-114.450081,182.869141,0.495026,0.324684,0.279054,0.454332,1,2.669586
1644834597217.144,148925684717,11762082103,524.582748,548.059595,2.574158,1,-68.693336,56.684422,530.149719,-119.476006,181.225998,0.669742,0.300703,0.269351,0.459733,1,2.475098,1,-4.150690,50.756756,533.876343,-115.467896,183.061554,0.496433,0.324140,0.277089,0.453700,1,2.673218
1644834597229.148,148925695820,11762093206,524.321852,546.729612,2.572784,1,-68.990669,56.665867,530.123413,-119.553078,181.484970,0.670550,0.300755,0.269203,0.458882,1,2.477249,1,-4.672901,50.903511,533.912231,-115.531555,183.476913,0.497822,0.323623,0.276966,0.452334,1,2.668320
1644834597240.144,148925706923,11762104309,521.771393,547.825491,2.575966,1,-69.772064,56.591179,530.035828,-120.508232,181.331558,0.672682,0.300976,0.267359,0.459386,1,2.483185,1,-5.172813,51.047859,533.934021,-115.952606,183.074661,0.499152,0.323111,0.276153,0.453656,1,2.668747
1644834597250.1472,148925718027,11762115413,520.789976,546.122128,2.578094,1,-70.163895,56.544788,530.006104,-121.341537,181.453995,0.673746,0.301125,0.265750,0.458984,1,2.481903,1,-5.651621,51.165810,533.972656,-115.648872,183.815887,0.500426,0.322698,0.276740,0.451220,1,2.674286
1644834597262.146,148925729130,11762126516,518.285007,545.951396,2.576790,1,-70.404922,56.515476,529.984375,-121.319244,181.503296,0.674402,0.301218,0.265793,0.458822,1,2.477921,1,-6.095199,51.281109,534.006470,-117.022797,183.853149,0.501605,0.322294,0.274087,0.451097,1,2.675659
1644834597273.144,148925740233,11762137619,517.406158,545.487016,2.575287,1,-71.087982,56.429264,529.925110,-121.782906,181.919907,0.676260,0.301493,0.264898,0.457452,1,2.475876,1,-6.526137,51.384811,534.041870,-117.033356,183.672028,0.502751,0.321931,0.274067,0.451693,1,2.674698
1644834597284.145,148925751336,11762148722,517.638931,543.901241,2.574463,1,-71.433159,56.393768,529.904907,-121.487267,181.604630,0.677196,0.301607,0.265469,0.458489,1,2.480331,1,-6.940532,51.484348,534.093384,-117.203400,184.791382,0.503852,0.321589,0.273739,0.448014,1,2.668594
1644834597295.148,148925762439,11762159825,519.168520,543.941206,2.576202,1,-71.640816,56.375008,529.924988,-121.944786,181.615326,0.677747,0.301679,0.264585,0.458453,1,2.480698,1,-7.356678,51.588688,534.202698,-115.920532,184.760406,0.504956,0.321250,0.276215,0.448115,1,2.671707
1644834597306.896,148925773542,11762170928,508.050041,546.504325,2.578529,1,-72.349510,56.324123,530.027954,-125.640785,180.607391,0.679615,0.301890,0.257450,0.461766,1,2.481613,1,-7.783604,51.687801,534.335571,-118.223854,184.468704,0.506087,0.320938,0.271769,0.449074,1,2.675446
1644834597316.897,148925784645,11762182031,491.971993,550.133032,2.583054,1,-72.690254,56.279976,529.944336,-129.937164,180.220261,0.680562,0.302011,0.249156,0.463039,1,2.486618,1,-8.214468,51.773590,534.303833,-122.602921,183.015930,0.507234,0.320616,0.263315,0.453849,1,2.679489
1644834597327.897,148925795748,11762193134,478.547645,552.229500,2.580841,1,-72.883980,56.254040,529.887878,-131.808990,179.390656,0.681104,0.302079,0.245542,0.465766,1,2.483978,1,-8.625924,51.849106,534.257812,-127.974655,182.782532,0.508331,0.320327,0.252945,0.454617,1,2.677704
1644834597339.895,148925806853,11762204238,468.942289,554.842454,2.575935,1,-73.417000,56.179993,529.590515,-134.334503,178.269852,0.682648,0.302222,0.240667,0.469450,1,2.473740,1,-8.980985,51.918015,534.135315,-130.632034,182.578461,0.509281,0.320035,0.247815,0.455287,1,2.678131
1644834597349.8982,148925817956,11762215341,466.142864,555.605221,2.576187,1,-73.694916,56.174664,529.712891,-134.372498,178.330063,0.683350,0.302284,0.240594,0.469252,1,2.465164,1,-9.285968,52.016575,534.331787,-132.104568,182.131470,0.510084,0.319748,0.244972,0.456757,1,2.687210
1644834597361.898,148925829059,11762226444,465.083585,557.330722,2.576599,1,-73.845078,56.173115,529.750549,-134.400269,178.584686,0.683740,0.302302,0.240540,0.468415,1,2.469254,1,-9.572613,52.113640,534.457825,-132.648361,181.001999,0.510840,0.319443,0.243922,0.460469,1,2.683945
1644834597372.896,148925840162,11762237547,462.938848,553.951621,2.582863,1,-74.274170,56.171604,529.936584,-136.031052,179.412811,0.684824,0.302372,0.237392,0.465693,1,2.476334,1,-9.840384,52.194061,534.619629,-132.174835,181.887177,0.511544,0.319210,0.244836,0.457560,1,2.689392
1644834597383.897,148925851265,11762248650,465.331392,552.379042,2.583374,1,-74.459938,56.159740,529.897034,-135.359619,179.668991,0.685338,0.302396,0.238688,0.464851,1,2.481537,1,-10.071627,52.252617,534.612488,-131.555313,182.428391,0.512159,0.318997,0.246032,0.455781,1,2.685211
1644834597394.897,148925862368,11762259753,465.668564,552.823305,2.589699,1,-74.554298,56.154476,529.867798,-135.012207,179.778046,0.685603,0.302402,0.239359,0.464492,1,2.483459,1,-10.275204,52.313526,534.590515,-131.720779,182.094055,0.512702,0.318770,0.245713,0.456880,1,2.695938
1644834597405.915,148925873471,11762270856,466.159244,558.735538,2.589417,1,-74.838188,56.142502,529.793518,-134.025711,178.442261,0.686395,0.302413,0.241263,0.468883,1,2.482422,1,-10.453008,52.379299,534.578308,-132.442520,180.432083,0.513175,0.318530,0.244319,0.462343,1,2.696411
1644834597416.893,148925884574,11762281959,465.818381,559.419912,2.588348,1,-74.973259,56.132755,529.723755,-134.110641,178.145355,0.686785,0.302419,0.241099,0.469859,1,2.477844,1,-10.621760,52.427822,534.532654,-132.541504,180.382004,0.513626,0.318339,0.244128,0.462507,1,2.698853
1644834597427.9338,148925895678,11762293063,465.632243,559.838480,2.583641,1,-75.049683,56.132607,529.726074,-135.146988,177.752380,0.686989,0.302419,0.239098,0.471151,1,2.471390,1,-10.785476,52.474346,534.567688,-131.605621,180.562744,0.514059,0.318184,0.245935,0.461913,1,2.695892
1644834597439.8242,148925906781,11762304166,464.417539,555.005032,2.584991,1,-75.291389,56.123478,529.798401,-136.134247,179.285904,0.687612,0.302476,0.237193,0.466110,1,2.477692,1,-10.946312,52.509274,534.641846,-131.273788,181.479980,0.514483,0.318084,0.246576,0.458898,1,2.692291
1644834597450.1628,148925917884,11762315269,463.835707,554.470164,2.586884,1,-75.420227,56.116917,529.812378,-136.847885,179.548355,0.687953,0.302503,0.235815,0.465247,1,2.480499,1,-11.096825,52.538330,534.685242,-130.874084,181.488724,0.514881,0.317994,0.247347,0.458870,1,2.693268
1644834597462.024,148925928988,11762326372,463.870611,552.375484,2.595032,1,-75.491531,56.112595,529.834717,-136.556305,179.792313,0.688136,0.302526,0.236378,0.464446,1,2.489365,1,-11.238140,52.558060,534.756287,-131.146851,182.306870,0.515253,0.317946,0.246821,0.456180,1,2.700699
1644834597473.348,148925940091,11762337475,464.847651,553.155684,2.599251,1,-75.710129,56.097416,529.901001,-136.296341,179.430161,0.688699,0.302602,0.236880,0.465636,1,2.491943,1,-11.368423,52.580612,534.821960,-130.879608,182.273422,0.515595,0.317887,0.247337,0.456290,1,2.706558
1644834597483.277,148925951194,11762348578,465.719032,553.723168,2.601791,1,-75.822853,56.096741,529.962036,-135.705063,178.627228,0.688979,0.302626,0.238021,0.468275,1,2.492310,1,-11.479575,52.596642,534.912109,-131.000717,182.788651,0.515886,0.317860,0.247103,0.454597,1,2.711273
1644834597495.004,148925962297,11762359681,465.395508,555.501187,2.599991,1,-75.870888,56.089481,529.970703,-135.370804,178.555984,0.689104,0.302654,0.238666,0.468509,1,2.491119,1,-11.568401,52.610294,534.947266,-131.509552,181.958328,0.516120,0.317823,0.246121,0.457326,1,2.708862
1644834597506.49,148925973400,11762370784,463.733582,555.888140,2.599792,1,-75.971802,56.071732,529.940491,-135.854553,177.778793,0.689388,0.302705,0.237733,0.471064,1,2.490128,1,-11.634385,52.604439,534.943909,-131.922562,182.539352,0.516296,0.317842,0.245323,0.455416,1,2.709457
1644834597516.49,148925984504,11762381888,463.096061,557.141411,2.605453,1,-76.013176,56.065735,529.989380,-135.997742,177.698181,0.689480,0.302744,0.237456,0.471329,1,2.498657,1,-11.685600,52.612766,535.013672,-132.123352,181.984482,0.516428,0.317836,0.244936,0.457240,1,2.712250
1644834597528.495,148925995607,11762392991,463.416853,556.530261,2.604790,1,-76.024353,56.059711,530.038269,-136.009171,177.613800,0.689491,0.302784,0.237434,0.471606,1,2.497375,1,-11.722048,52.611866,535.114502,-131.938828,182.378708,0.516519,0.317873,0.245292,0.455944,1,2.712204
1644834597539.49,148926006710,11762404094,465.706272,556.813037,2.610573,1,-76.026871,56.035725,530.212585,-135.948486,178.187958,0.689431,0.302936,0.237551,0.469719,1,2.503647,1,-11.738897,52.627941,535.223022,-130.764175,181.661179,0.516558,0.317854,0.247560,0.458303,1,2.717499
1644834597550.4912,148926017813,11762415197,469.277458,565.124935,2.599762,1,-76.019081,56.043755,530.358032,-136.441086,178.146790,0.689355,0.302963,0.236600,0.469854,1,2.500839,1,-11.742659,52.651882,535.356750,-128.344635,177.487854,0.516560,0.317816,0.252230,0.472020,1,2.698685
1644834597561.492,148926028916,11762426300,469.060249,568.123627,2.580093,1,-76.024597,56.056152,530.429504,-137.402847,177.483917,0.689342,0.302946,0.234744,0.472033,1,2.491913,1,-11.738871,52.657291,535.417419,-127.500076,176.630249,0.516546,0.317818,0.253861,0.474839,1,2.668274
1644834597572.4932,148926040019,11762437403,474.118409,590.920508,2.501846,1,-76.066811,56.126801,530.717163,-136.429001,174.443558,0.689344,0.302802,0.236624,0.482027,1,2.433716,1,-11.744499,52.714756,535.684082,-125.744598,168.111633,0.516545,0.317707,0.257250,0.502840,1,2.569977
1644834597582.4922,148926051122,11762448506,nan,nan,nan,1,-76.088348,56.172661,530.815002,-140.406403,170.935074,0.689364,0.302675,0.228945,0.493560,1,2.525970,0,nan,nan,nan,nan,nan,nan,nan,nan,nan,0,nan
1644834597593.493,148926062226,11762459609,nan,nan,nan,0,nan,nan,nan,nan,nan,nan,nan,nan,nan,0,nan,0,nan,nan,nan,nan,nan,nan,nan,nan,nan,0,nan
1644834597604.503,148926073330,11762470713,nan,nan,nan,0,nan,nan,nan,nan,nan,nan,nan,nan,nan,0,nan,0,nan,nan,nan,nan,nan,nan,nan,nan,nan,0,nan
1644834597615.4922,148926084433,11762481816,nan,nan,nan,0,nan,nan,nan,nan,nan,nan,nan,nan,nan,0,nan,0,nan,nan,nan,nan,nan,nan,nan,nan,nan,0,nan
1644834597625.49,148926095536,11762492919,nan,nan,nan,0,nan,nan,nan,nan,nan,nan,nan,nan,nan,0,nan,0,nan,nan,nan,nan,nan,nan,nan,nan,nan,0,nan
1644834597637.492,148926106639,11762504022,nan,nan,nan,0,nan,nan,nan,nan,nan,nan,nan,nan,nan,0,nan,0,nan,nan,nan,nan,nan,nan,nan,nan,nan,0,nan
1644834597648.497,148926117742,11762515125,nan,nan,nan,0,nan,nan,nan,nan,nan,nan,nan,nan,nan,0,nan,0,nan,nan,nan,nan,nan,nan,nan,nan,nan,0,nan
1644834597660.491,148926128845,11762526228,nan,nan,nan,0,nan,nan,nan,nan,nan,nan,nan,nan,nan,0,nan,0,nan,nan,nan,nan,nan,nan,nan,nan,nan,0,nan
1644834597672.49,148926139948,11762537331,nan,nan,nan,0,nan,nan,nan,nan,nan,nan,nan,nan,nan,0,nan,1,-11.562528,52.895218,535.763428,-188.525665,158.071167,0.516056,0.317099,0.136051,0.535844,1,1.899567
1644834597683.493,148926151051,11762548434,349.414229,680.370748,2.127953,1,-75.991814,56.346478,530.996704,-140.936234,139.128952,0.689033,0.302125,0.227922,0.598108,1,2.356339,1,-11.562528,52.895218,535.763428,-188.525665,158.071167,0.516056,0.317099,0.136051,0.535844,1,1.899567
1644834597695.493,148926162156,11762559538,430.826812,630.409741,2.464508,1,-75.964653,56.349606,530.901489,-140.153290,151.808273,0.688996,0.302078,0.229434,0.556430,1,2.430634,1,-11.476901,52.888947,535.627625,-145.379761,170.724213,0.515836,0.317075,0.219344,0.494253,1,2.498383
1644834597706.491,148926173259,11762570641,461.614594,591.920310,2.619461,1,-75.886917,56.329887,530.806458,-140.643631,163.707520,0.688824,0.302113,0.228487,0.517317,1,2.479248,1,-11.416896,52.872761,535.574402,-128.276810,178.340729,0.515680,0.317115,0.252361,0.469217,1,2.759674
1644834597717.51,148926184362,11762581744,462.869353,566.174626,2.606026,1,-75.817131,56.327690,530.694336,-138.642731,175.939697,0.688680,0.302079,0.232350,0.477109,1,2.493362,1,-11.383554,52.877010,535.563538,-129.600662,179.162750,0.515592,0.317096,0.249806,0.466515,1,2.718689
1644834597728.493,148926195465,11762592847,460.659513,567.698246,2.599670,1,-75.791534,56.330227,530.703979,-138.155609,175.155701,0.688608,0.302074,0.233290,0.479686,1,2.486832,1,-11.329564,52.889149,535.593750,-131.280197,179.174225,0.515446,0.317065,0.246563,0.466477,1,2.712509
1644834597739.491,148926206568,11762603950,460.820103,560.395646,2.613029,1,-75.722427,56.352783,530.762573,-137.741974,176.812790,0.688399,0.302017,0.234089,0.474239,1,2.512207,1,-11.279397,52.889797,535.648254,-131.607193,181.219849,0.515310,0.317082,0.245932,0.459753,1,2.713852
1644834597750.4932,148926217671,11762615053,459.154587,561.673093,2.606674,1,-75.688225,56.365047,530.826965,-138.380219,176.310684,0.688283,0.301998,0.232857,0.475890,1,2.507523,1,-11.237533,52.895828,535.728333,-131.867599,181.074173,0.515194,0.317090,0.245429,0.460232,1,2.705826
1644834597761.505,148926228774,11762626156,458.665724,558.959627,2.616325,1,-75.676727,56.373962,530.873413,-138.207504,176.730209,0.688234,0.301984,0.233190,0.474511,1,2.519882,1,-11.199412,52.905415,535.828369,-132.304108,182.030533,0.515088,0.317091,0.244587,0.457089,1,2.712769
1644834597773.4922,148926239878,11762637259,457.834611,558.132398,2.624420,1,-75.651031,56.392517,531.021729,-137.206085,177.222137,0.688109,0.301975,0.235123,0.472894,1,2.532578,1,-11.160583,52.923191,535.926636,-133.753967,181.958008,0.514979,0.317063,0.241788,0.457327,1,2.716263
1644834597783.4932,148926250982,11762648363,458.360538,558.630449,2.627510,1,-75.643288,56.416977,531.112915,-136.453323,176.378906,0.688053,0.301922,0.236577,0.475666,1,2.536606,1,-11.133838,52.937946,536.037659,-134.222961,182.548752,0.514902,0.317050,0.240882,0.455385,1,2.718414
1644834597886.503,148926262085,11762659466,460.125017,558.565700,2.625275,1,-75.638641,56.429207,531.182800,-136.467072,176.050842,0.688014,0.301905,0.236550,0.476744,1,2.530930,1,-11.118987,52.959328,536.172791,-133.257141,182.909668,0.514855,0.317022,0.242747,0.454199,1,2.719620
1644834597886.503,148926273188,11762670569,461.701355,555.937940,2.614151,1,-75.630363,56.463863,531.394226,-136.763123,177.620743,0.687910,0.301862,0.235978,0.471584,1,2.507858,1,-11.104267,52.983715,536.306702,-132.110519,182.672165,0.514808,0.316983,0.244960,0.454980,1,2.720444
1644834597886.503,148926284291,11762681672,461.749549,557.320797,2.609100,1,-75.631073,56.491482,531.539185,-136.545349,177.302856,0.687857,0.301819,0.236399,0.472628,1,2.499863,1,-11.085513,53.015198,536.473083,-132.302261,182.288834,0.514749,0.316930,0.244590,0.456240,1,2.718338
1644834597889.492,148926295394,11762692775,459.005756,558.372599,2.608185,1,-75.631737,56.504238,531.604431,-136.428665,177.140335,0.687834,0.301799,0.236624,0.473163,1,2.501953,1,-11.059213,53.038761,536.598267,-133.899445,181.918060,0.514673,0.316891,0.241507,0.457458,1,2.714417
1644834597890.495,148926306497,11762703878,456.034198,555.278617,2.608406,1,-75.636871,56.525059,531.787903,-137.114243,177.898407,0.687778,0.301794,0.235301,0.470671,1,2.504181,1,-11.043947,53.051048,536.716370,-134.817276,182.728760,0.514626,0.316889,0.239735,0.454794,1,2.712631
1644834597891.498,148926317601,11762714981,457.656755,554.658490,2.617706,1,-75.634407,56.525410,531.858215,-136.908051,178.197800,0.687744,0.301820,0.235699,0.469687,1,2.522293,1,-11.043051,53.057240,536.794617,-134.147980,182.743805,0.514619,0.316895,0.241027,0.454744,1,2.713120
1644834597892.492,148926328704,11762726084,458.659530,552.988029,2.620224,1,-75.636734,56.529285,531.911987,-136.862091,178.775101,0.687730,0.301826,0.235787,0.467789,1,2.522949,1,-11.042368,53.062069,536.897644,-133.652863,183.013504,0.514612,0.316914,0.241983,0.453858,1,2.717499
1644834597893.493,148926339808,11762737188,458.187604,552.222812,2.630211,1,-75.644432,56.540348,532.053589,-136.292694,178.669373,0.687697,0.301841,0.236887,0.468137,1,2.538345,1,-11.032722,53.062214,536.989685,-134.476913,183.507233,0.514581,0.316945,0.240392,0.452235,1,2.722076
1644834597893.493,148926350911,11762748291,458.077497,550.077528,2.632973,1,-75.657013,56.551727,532.198364,-136.399796,179.282379,0.687675,0.301855,0.236680,0.466122,1,2.536194,1,-11.027438,53.070480,537.151794,-134.429214,183.982010,0.514559,0.316973,0.240484,0.450674,1,2.729752
1644834597894.492,148926362014,11762759394,457.133904,548.042697,2.634399,1,-75.662567,56.561138,532.284424,-136.570465,179.469284,0.687658,0.301854,0.236350,0.465507,1,2.539200,1,-11.013705,53.076694,537.325623,-134.767700,184.826843,0.514513,0.317012,0.239831,0.447897,1,2.729599
1644834597906.493,148926373117,11762770497,458.492846,546.976411,2.636467,1,-75.671585,56.594650,532.559265,-136.723007,179.943695,0.687577,0.301839,0.236056,0.463948,1,2.541199,1,-11.007738,53.088505,537.499084,-133.881912,184.893066,0.514488,0.317031,0.241541,0.447679,1,2.731735
1644834597916.49,148926384220,11762781600,457.287254,546.427524,2.639305,1,-75.680443,56.613327,532.741150,-136.389465,180.739716,0.687532,0.301842,0.236700,0.461331,1,2.539398,1,-10.982808,53.101841,537.693054,-134.865967,184.375351,0.514411,0.317052,0.239641,0.449381,1,2.739212
1644834597928.4922,148926395323,11762792703,457.655339,545.943850,2.643379,1,-75.679703,56.620831,532.815125,-136.538437,180.731186,0.687502,0.301843,0.236412,0.461360,1,2.539749,1,-10.965670,53.103401,537.839417,-134.518402,184.629135,0.514358,0.317097,0.240312,0.448547,1,2.747009
1644834597939.49,148926406426,11762803806,459.352326,546.173626,2.647537,1,-75.680466,56.635941,533.016602,-135.623199,181.066132,0.687427,0.301866,0.238179,0.460259,1,2.547760,1,-10.940939,53.108578,537.967957,-134.517960,184.177658,0.514286,0.317124,0.240313,0.450031,1,2.747314
1644834597950.491,148926417529,11762814909,458.397918,544.424504,2.647392,1,-75.662445,56.639366,533.069885,-136.294571,181.347885,0.687359,0.301875,0.236883,0.459332,1,2.549805,1,-10.917649,53.100994,538.021423,-134.361572,184.782791,0.514222,0.317170,0.240615,0.448042,1,2.744980
1644834597961.498,148926428633,11762826013,457.660289,545.184839,2.647217,1,-75.653656,56.638813,533.086060,-136.284637,181.538208,0.687329,0.301883,0.236902,0.458707,1,2.549210,1,-10.891567,53.096573,538.049255,-134.769531,184.206955,0.514151,0.317196,0.239827,0.449935,1,2.745224
1644834597972.49,148926439737,11762837116,454.685240,548.683512,2.653732,1,-75.625298,56.631569,533.144653,-137.028351,180.976410,0.687231,0.301931,0.235467,0.460553,1,2.547241,1,-10.864574,53.083920,538.085022,-135.631119,182.994797,0.514078,0.317253,0.238164,0.453919,1,2.760223
1644834597983.489,148926450840,11762848219,449.762063,547.994256,2.656395,1,-75.619781,56.605427,533.162048,-138.002380,181.609085,0.687211,0.302031,0.233586,0.458474,1,2.547989,1,-10.846068,53.059223,538.101257,-137.313538,182.711594,0.514029,0.317346,0.234916,0.454850,1,2.764801
1644834597994.503,148926461943,11762859322,447.036881,546.241111,2.658478,1,-75.622437,56.592484,533.217957,-138.897659,181.997452,0.687197,0.302098,0.231858,0.457197,1,2.546295,1,-10.841170,53.026752,538.212402,-137.888733,183.212158,0.514010,0.317499,0.233806,0.453205,1,2.770660
1644834598006.489,148926473046,11762870425,448.054547,544.722623,2.658470,1,-75.653610,56.583965,533.443848,-138.361847,181.825928,0.687195,0.302214,0.232892,0.457761,1,2.548248,1,-10.838108,53.006008,538.363342,-137.875412,184.153625,0.513994,0.317624,0.233831,0.450110,1,2.768692
1644834598016.9128,148926484149,11762881528,449.544110,544.782561,2.662903,1,-75.658073,56.593849,533.622864,-138.400253,181.530609,0.687139,0.302247,0.232818,0.458732,1,2.552307,1,-10.823823,52.997463,538.545410,-137.033249,184.418518,0.513947,0.317718,0.235457,0.449239,1,2.773499
1644834598028.912,148926495252,11762892631,448.931694,544.752574,2.667374,1,-75.647697,56.593357,533.630188,-138.228439,181.559326,0.687109,0.302251,0.233150,0.458637,1,2.559158,1,-10.788466,52.980740,538.560486,-137.535477,184.404968,0.513853,0.317782,0.234488,0.449284,1,2.775589
1644834598039.236,148926506355,11762903734,442.242651,543.626833,2.668076,1,-75.579529,56.586525,533.560181,-140.844528,181.678070,0.686953,0.302250,0.228099,0.458247,1,2.557968,1,-10.747113,52.953957,538.508667,-138.528687,184.857056,0.513747,0.317859,0.232570,0.447798,1,2.778183
1644834598050.191,148926517459,11762914838,440.911460,544.904763,2.669022,1,-75.545563,56.590023,533.497681,-140.562042,181.824600,0.686886,0.302214,0.228645,0.457765,1,2.555344,1,-10.707117,52.933434,538.440918,-139.529495,184.062592,0.513645,0.317909,0.230638,0.450409,1,2.782700
1644834598061.331,148926528562,11762925941,440.553460,546.292770,2.664909,1,-75.533737,56.597618,533.532654,-140.461441,181.638947,0.686841,0.302201,0.228839,0.458376,1,2.548340,1,-10.673264,52.934353,538.507935,-139.823288,183.544495,0.513552,0.317929,0.230071,0.452112,1,2.781479
1644834598072.829,148926539665,11762937044,445.372167,543.382645,2.665634,1,-75.532661,56.630302,533.704163,-138.155502,182.175598,0.686773,0.302150,0.233291,0.456612,1,2.555939,1,-10.646391,52.932396,538.621033,-139.529099,184.483383,0.513475,0.317976,0.230639,0.449026,1,2.775330
1644834598083.841,148926550768,11762948147,445.941939,541.850960,2.663925,1,-75.520828,56.647865,533.832397,-138.133423,182.267212,0.686693,0.302136,0.233333,0.456311,1,2.554382,1,-10.622220,52.937344,538.743408,-139.243713,185.168365,0.513405,0.318001,0.231190,0.446774,1,2.773468
1644834598094.842,148926561871,11762959250,446.638727,543.169105,2.664604,1,-75.509834,56.655422,533.859741,-138.149521,181.767960,0.686653,0.302120,0.233302,0.457952,1,2.558701,1,-10.596233,52.941959,538.792053,-138.851639,184.999222,0.513334,0.318002,0.231947,0.447330,1,2.770508
1644834598105.842,148926572975,11762970353,446.200004,546.180689,2.663673,1,-75.461754,56.673035,533.871643,-139.047653,180.977951,0.686520,0.302062,0.231568,0.460548,1,2.557861,1,-10.575486,52.947750,538.793091,-138.190247,184.262222,0.513279,0.317982,0.233223,0.449753,1,2.769485
1644834598116.841,148926584078,11762981456,446.162996,546.166384,2.664734,1,-75.437531,56.682652,533.833923,-139.319595,181.559235,0.686470,0.302014,0.231043,0.458638,1,2.563370,1,-10.546978,52.952530,538.750122,-137.938278,183.688217,0.513206,0.317951,0.233710,0.451640,1,2.766098
1644834598127.843,148926595181,11762992559,444.979234,544.655263,2.665718,1,-75.427063,56.692406,533.821777,-139.918961,182.205627,0.686446,0.301975,0.229886,0.456513,1,2.567413,1,-10.524937,52.960617,538.723083,-137.977676,183.808014,0.513149,0.317913,0.233634,0.451246,1,2.764023
1644834598138.842,148926606285,11763003663,443.988762,545.491469,2.663300,1,-75.407402,56.723751,533.814819,-139.643173,182.516022,0.686396,0.301861,0.230419,0.455493,1,2.563705,1,-10.494560,52.980892,538.714600,-138.787888,183.073639,0.513069,0.317840,0.232070,0.453660,1,2.762894
1644834598149.842,148926617388,11763014766,444.038386,548.953503,2.661049,1,-75.386703,56.752674,533.827148,-139.623688,180.389160,0.686336,0.301764,0.230456,0.462484,1,2.561813,1,-10.471939,52.990261,538.723938,-138.780609,183.445145,0.513009,0.317810,0.232084,0.452439,1,2.760284
1644834598160.8428,148926628491,11763025869,445.421219,550.489211,2.657539,1,-75.370529,56.757454,533.828491,-139.136642,179.913040,0.686292,0.301748,0.231396,0.464049,1,2.556915,1,-10.429175,52.991550,538.721680,-138.521500,183.142563,0.512896,0.317806,0.232584,0.453433,1,2.758163
1644834598173.1328,148926639594,11763036972,462.934055,548.860413,2.656700,1,-75.266899,56.756721,533.789734,-134.111267,180.570236,0.686030,0.301737,0.241098,0.461889,1,2.562622,1,-10.365716,52.979832,538.687134,-134.097229,183.311249,0.512730,0.317836,0.241125,0.452879,1,2.750778
1644834598183.1309,148926650697,11763048075,483.821726,545.847845,2.651985,1,-75.196075,56.768471,533.897827,-129.206314,181.865067,0.685800,0.301737,0.250567,0.457632,1,2.560837,1,-10.275435,52.975876,538.808716,-127.731560,183.543884,0.512486,0.317893,0.253414,0.452114,1,2.743134
1644834598194.132,148926661800,11763059178,498.280134,545.498514,2.652748,1,-75.152596,56.779503,533.943115,-126.303673,181.954330,0.685667,0.301716,0.256170,0.457339,1,2.564133,1,-10.184842,52.973015,538.882202,-122.832642,183.631790,0.512243,0.317930,0.262871,0.451825,1,2.741364
1644834598206.1309,148926672903,11763070281,506.233263,543.700504,2.652443,1,-75.056633,56.814690,534.122925,-123.549461,181.391342,0.685344,0.301661,0.261487,0.459190,1,2.560318,1,-10.116410,52.965973,538.985657,-121.295479,185.106445,0.512057,0.317992,0.265839,0.446978,1,2.744568
1644834598216.134,148926684006,11763081384,504.356318,543.243814,2.648216,1,-74.992912,56.805878,533.996155,-123.562378,181.043335,0.685221,0.301645,0.261463,0.460333,1,2.560791,1,-10.051875,52.939423,538.818176,-122.295349,185.686005,0.511895,0.318028,0.263909,0.445073,1,2.735641
1644834598228.132,148926695111,11763092488,505.313129,542.378122,2.649788,1,-74.950844,56.807392,533.924805,-123.081947,181.112274,0.685135,0.301613,0.262390,0.460107,1,2.564514,1,-9.996462,52.916588,538.683960,-122.259483,186.055954,0.511756,0.318063,0.263978,0.443857,1,2.735062
1644834598239.134,148926706214,11763103591,508.245134,546.715593,2.645470,1,-74.826736,56.819050,533.696350,-121.792915,180.167984,0.684889,0.301487,0.264878,0.463211,1,2.563278,1,-9.933082,52.904148,538.535400,-121.966454,184.801010,0.511595,0.318056,0.264544,0.447982,1,2.727661
1644834598249.1309,148926717317,11763114694,508.122110,548.128188,2.645653,1,-74.772064,56.834919,533.660706,-121.647423,180.474304,0.684757,0.301417,0.265159,0.462204,1,2.564651,1,-9.871075,52.908665,538.478394,-122.178368,183.778458,0.511434,0.318021,0.264134,0.451343,1,2.726654
1644834598261.133,148926728420,11763125797,509.804163,548.631370,2.639076,1,-74.730827,56.842541,533.617615,-121.503853,180.707382,0.684662,0.301375,0.265437,0.461438,1,2.556702,1,-9.809740,52.909035,538.388000,-121.414330,183.290268,0.511277,0.317990,0.265609,0.452948,1,2.721451
1644834598272.1318,148926739523,11763136900,508.579988,545.533401,2.631042,1,-74.587891,56.874313,533.486084,-122.683807,182.269058,0.684329,0.301214,0.263159,0.456304,1,2.541962,1,-9.745580,52.908531,538.297791,-120.894905,183.299347,0.511111,0.317961,0.266612,0.452918,1,2.720123
1644834598283.135,148926750626,11763148003,510.262327,544.641584,2.625412,1,-74.521660,56.887321,533.417480,-122.843697,182.342194,0.684178,0.301142,0.262850,0.456064,1,2.535767,1,-9.680232,52.903046,538.200378,-119.827248,183.678406,0.510943,0.317948,0.268673,0.451672,1,2.715057
1644834598294.133,148926761729,11763159106,509.074488,545.775211,2.626701,1,-74.477478,56.899513,533.387634,-122.586304,181.815002,0.684071,0.301088,0.263347,0.457797,1,2.536057,1,-9.594036,52.903034,538.133789,-120.725601,183.630814,0.510718,0.317926,0.266939,0.451828,1,2.717346
1644834598306.134,148926772832,11763170209,509.840298,548.745167,2.625046,1,-74.347946,56.943596,533.302368,-121.873459,180.123627,0.683756,0.300901,0.264723,0.463357,1,2.536255,1,-9.513218,52.894268,538.072693,-121.025208,183.816299,0.510508,0.317937,0.266361,0.451219,1,2.713837
1644834598315.9038,148926783936,11763181313,510.224848,551.421851,2.624290,1,-74.289215,56.972221,533.291504,-121.255798,179.204727,0.683603,0.300796,0.265915,0.466377,1,2.533356,1,-9.429770,52.888653,538.049561,-121.435387,183.378006,0.510288,0.317950,0.265569,0.452659,1,2.715225
1644834598327.905,148926795039,11763192416,512.055044,551.280016,2.625832,1,-74.245544,56.991611,533.289673,-121.506783,178.989807,0.683487,0.300727,0.265431,0.467083,1,2.538101,1,-9.360541,52.874382,538.035278,-120.196846,183.664825,0.510106,0.317996,0.267960,0.451717,1,2.713562
1644834598338.902,148926806142,11763203519,508.668652,548.578995,2.626007,1,-74.106491,57.026981,533.276184,-123.017586,180.351990,0.683120,0.300598,0.262514,0.462606,1,2.540222,1,-9.274533,52.868755,538.012939,-120.513306,183.672211,0.509879,0.318009,0.267349,0.451692,1,2.711792
1644834598349.904,148926817246,11763214622,505.319281,546.497798,2.622520,1,-74.043625,57.038471,533.276550,-123.948265,181.500107,0.682951,0.300558,0.260718,0.458832,1,2.533173,1,-9.185226,52.861526,537.998779,-121.389877,183.579346,0.509644,0.318031,0.265657,0.451998,1,2.711868
1644834598360.904,148926828349,11763225725,504.600592,546.664006,2.619438,1,-73.995575,57.052952,533.293701,-124.115807,182.028931,0.682817,0.300514,0.260394,0.457094,1,2.531113,1,-9.094424,52.867130,538.014587,-121.610138,182.966263,0.509403,0.318018,0.265231,0.454013,1,2.707764
1644834598372.903,148926839452,11763236828,507.517576,549.174374,2.621132,1,-73.876106,57.115883,533.411377,-123.249710,181.051544,0.682453,0.300337,0.262066,0.460306,1,2.527786,1,-9.010706,52.864155,538.075500,-120.902283,182.670776,0.509179,0.318051,0.266598,0.454984,1,2.714478
1644834598382.904,148926850555,11763247931,510.177641,548.853850,2.623413,1,-73.808624,57.146999,533.454956,-122.032997,180.846939,0.682257,0.300244,0.264415,0.460979,1,2.534576,1,-8.917569,52.860592,538.118958,-120.683662,183.037888,0.508931,0.318080,0.267020,0.453777,1,2.712250
1644834598394.9038,148926861659,11763259034,510.005865,546.847522,2.624786,1,-73.748024,57.162857,533.442810,-122.168777,180.859070,0.682099,0.300184,0.264153,0.460939,1,2.535461,1,-8.819359,52.836369,538.084229,-120.640549,184.043015,0.508673,0.318155,0.267103,0.450473,1,2.714111
1644834598405.904,148926872763,11763270138,510.798197,547.507703,2.617226,1,-73.558914,57.199097,533.345764,-121.325302,180.937378,0.681629,0.300021,0.265781,0.460682,1,2.524734,1,-8.709715,52.824253,538.007874,-121.056511,183.629990,0.508386,0.318173,0.266300,0.451831,1,2.709717
1644834598415.905,148926883866,11763281241,513.379211,549.714285,2.619720,1,-73.464088,57.221497,533.292236,-121.192047,180.011063,0.681395,0.299922,0.266038,0.463727,1,2.529526,1,-8.596566,52.804634,537.920105,-119.797073,183.437454,0.508091,0.318213,0.268732,0.452464,1,2.709915
1644834598427.902,148926894969,11763292344,523.524656,552.466393,2.616081,1,-73.377052,57.238857,533.258118,-119.237160,179.203049,0.681175,0.299848,0.269812,0.466383,1,2.524902,1,-8.450487,52.789925,537.837769,-116.277695,182.850067,0.507708,0.318239,0.275526,0.454395,1,2.707260
1644834598438.903,148926906072,11763303447,550.236797,552.382833,2.621834,1,-73.057495,57.288628,533.070862,-111.566391,179.668716,0.680389,0.299604,0.284621,0.464852,1,2.540710,1,-8.278136,52.776123,537.700012,-109.534996,182.426712,0.507258,0.318242,0.288543,0.455786,1,2.702957
1644834598449.902,148926917175,11763314550,567.789145,550.555247,2.620865,1,-72.924034,57.332676,533.148560,-107.808998,180.659561,0.680004,0.299479,0.291874,0.461595,1,2.539688,1,-8.096629,52.788124,537.761658,-103.821434,182.362549,0.506775,0.318224,0.299573,0.455997,1,2.702042
1644834598460.9028,148926928278,11763325653,574.956465,548.091745,2.626518,1,-72.862671,57.377399,533.297302,-106.307312,181.560394,0.679785,0.299378,0.294774,0.458634,1,2.547592,1,-7.946090,52.820389,537.996094,-101.455772,182.710831,0.506368,0.318194,0.304139,0.454852,1,2.705444
1644834598472.905,148926939381,11763336756,577.490330,544.612724,2.629486,1,-72.760674,57.528030,533.917053,-104.330231,182.299606,0.679286,0.299083,0.298590,0.456204,1,2.553131,1,-7.829904,52.864845,538.368347,-102.065628,183.735641,0.506046,0.318168,0.302962,0.451484,1,2.705841
1644834598482.904,148926950484,11763347859,578.190851,545.779663,2.626961,1,-72.684616,57.579906,533.969666,-103.841354,181.818146,0.679063,0.298920,0.299534,0.457787,1,2.546753,1,-7.728220,52.883595,538.416931,-102.176476,183.625397,0.505776,0.318120,0.302748,0.451846,1,2.707169
1644834598494.906,148926961589,11763358963,578.068228,545.018417,2.620789,1,-72.622223,57.605522,533.937500,-103.815529,181.496048,0.678908,0.298818,0.299584,0.458845,1,2.540207,1,-7.624933,52.879871,538.340332,-102.268501,184.333496,0.505505,0.318108,0.302570,0.449519,1,2.701370
1644834598506.443,148926972692,11763370066,579.602709,546.800888,2.620461,1,-72.429634,57.656147,533.735168,-103.722160,180.989197,0.678467,0.298563,0.299764,0.460512,1,2.542648,1,-7.521199,52.872566,538.196655,-101.533882,183.936600,0.505237,0.318085,0.303989,0.450823,1,2.698273
1644834598515.91,148926983795,11763381169,580.257282,544.554323,2.623634,1,-72.338631,57.684582,533.731140,-104.365211,181.798843,0.678225,0.298462,0.298523,0.457850,1,2.544998,1,-7.416606,52.870174,538.172852,-100.537621,184.266037,0.504961,0.318087,0.305912,0.449740,1,2.702271
1644834598527.9019,148926994898,11763392272,582.098036,544.172752,2.626038,1,-72.273895,57.699505,533.707214,-104.164116,182.101959,0.678061,0.298400,0.298911,0.456854,1,2.546600,1,-7.310205,52.862431,538.109619,-99.745499,184.156387,0.504682,0.318094,0.307441,0.450101,1,2.705475
1644834598538.904,148927006001,11763403375,579.051905,542.770565,2.627975,1,-72.062218,57.740906,533.602539,-105.351051,182.637238,0.677533,0.298216,0.296620,0.455094,1,2.542236,1,-7.185953,52.847881,538.025513,-100.202194,184.332077,0.504357,0.318118,0.306559,0.449523,1,2.713715
1644834598549.906,148927017104,11763414478,578.639946,543.797189,2.629311,1,-71.961502,57.762657,533.573059,-104.739044,182.219482,0.677274,0.298129,0.297801,0.456467,1,2.543732,1,-7.056899,52.836369,537.972107,-101.036469,184.229233,0.504017,0.318142,0.304949,0.449861,1,2.714890
1644834598560.904,148927028207,11763425581,576.087685,546.148467,2.626884,1,-71.897850,57.780396,533.587158,-105.233315,181.556641,0.677099,0.298072,0.296847,0.458646,1,2.539886,1,-6.917458,52.835434,537.979614,-101.919380,183.699921,0.503648,0.318150,0.303244,0.451601,1,2.713882
1644834598572.9019,148927039310,11763436684,578.776417,546.764874,2.623627,1,-71.705261,57.841118,533.682190,-104.505310,181.867081,0.676550,0.297896,0.298252,0.457626,1,2.540192,1,-6.792750,52.836178,538.018311,-101.196587,183.076935,0.503317,0.318163,0.304640,0.453649,1,2.707062
1644834598582.904,148927050414,11763447788,579.544945,547.886342,2.622574,1,-71.607605,57.874050,533.737061,-104.343521,181.714691,0.676270,0.297802,0.298565,0.458127,1,2.542252,1,-6.662864,52.829674,538.065613,-100.943687,182.660706,0.502972,0.318204,0.305128,0.455017,1,2.702896
1644834598593.905,148927061517,11763458891,579.732370,547.093856,2.625465,1,-71.542419,57.888340,533.768188,-103.621811,182.113190,0.676084,0.297764,0.299958,0.456817,1,2.546722,1,-6.535580,52.816940,538.101990,-101.564247,182.664001,0.502635,0.318263,0.303930,0.455006,1,2.704208
1644834598605.906,148927072620,11763469994,579.532528,550.674927,2.626999,1,-71.368637,57.909515,533.827148,-102.787537,180.701889,0.675599,0.297714,0.301568,0.461456,1,2.546158,1,-6.409959,52.791103,538.120728,-102.506363,182.259537,0.502302,0.318362,0.302111,0.456336,1,2.707840
1644834598615.906,148927083724,11763481097,580.684834,550.597841,2.627502,1,-71.279167,57.907352,533.806458,-102.545807,180.350296,0.675368,0.297715,0.302035,0.462611,1,2.547012,1,-6.301922,52.745064,538.078369,-102.126312,182.650223,0.502018,0.318512,0.302845,0.455052,1,2.707993
1644834598627.904,148927094827,11763492200,581.226482,549.799275,2.624825,1,-71.226974,57.907726,533.820679,-102.512512,180.516739,0.675224,0.297720,0.302099,0.462064,1,2.545181,1,-6.203284,52.697311,538.090576,-101.867340,182.888672,0.501758,0.318685,0.303345,0.454268,1,2.704468
1644834598638.908,148927105930,11763503303,581.151838,546.166706,2.619362,1,-71.081985,57.916622,533.878296,-102.466423,181.075241,0.674816,0.297713,0.302188,0.460229,1,2.540070,1,-6.113060,52.650196,538.112000,-101.953712,184.172028,0.501519,0.318860,0.303178,0.450049,1,2.698654
1644834598649.905,148927117033,11763514406,581.180563,545.799744,2.617584,1,-71.012589,57.929401,533.940735,-101.996391,180.986038,0.674609,0.297693,0.303096,0.460522,1,2.534470,1,-6.024950,52.616966,538.172791,-102.408249,184.447311,0.501285,0.318999,0.302301,0.449145,1,2.700699
1644834598660.906,148927128136,11763525509,581.403866,546.365529,2.614838,1,-70.962494,57.941566,533.953613,-102.449348,180.834427,0.674471,0.297655,0.302221,0.461020,1,2.527557,1,-5.944546,52.588264,538.181396,-101.834808,184.312027,0.501072,0.319105,0.303408,0.449589,1,2.702118
1644834598672.904,148927139240,11763536613,580.978260,546.941382,2.613998,1,-70.802078,57.988537,533.967957,-103.215378,180.739868,0.674037,0.297497,0.300742,0.461331,1,2.524429,1,-5.858347,52.571232,538.173218,-101.298416,184.114609,0.500845,0.319163,0.304443,0.450238,1,2.703568
1644834598682.903,148927150343,11763547716,580.336561,546.428561,2.616081,1,-70.716522,58.019768,533.988342,-103.574287,181.434052,0.673801,0.297395,0.300050,0.459049,1,2.527390,1,-5.759969,52.568707,538.179260,-101.285767,183.680466,0.500585,0.319176,0.304468,0.451665,1,2.704773
1644834598693.9038,148927161446,11763558819,581.432991,546.196729,2.616150,1,-70.652107,58.040432,533.974365,-103.167877,181.559418,0.673634,0.297317,0.300834,0.458637,1,2.529892,1,-5.651915,52.565697,538.134338,-101.100555,183.672653,0.500300,0.319172,0.304825,0.451691,1,2.702408
1644834598705.904,148927172549,11763569922,580.853319,546.925700,2.619057,1,-70.439461,58.106850,533.913818,-103.593208,181.573883,0.673087,0.297061,0.300013,0.458590,1,2.531616,1,-5.536701,52.566059,538.075684,-100.987999,183.288589,0.499997,0.319153,0.305042,0.452953,1,2.706497
1644834598716.903,148927183652,11763581025,582.093973,547.845376,2.616432,1,-70.322052,58.150146,533.894775,-103.664169,180.683472,0.672780,0.296901,0.299876,0.461516,1,2.531799,1,-5.414640,52.574276,538.031372,-100.247581,183.712677,0.499676,0.319110,0.306472,0.451559,1,2.701065
1644834598727.9019,148927194755,11763592128,589.695053,548.592943,2.614700,1,-70.225433,58.180344,533.889282,-102.473808,180.249100,0.672524,0.296793,0.302174,0.462944,1,2.528091,1,-5.255390,52.585075,537.995605,-97.336548,183.767944,0.499255,0.319062,0.312092,0.451378,1,2.701309
1644834598738.901,148927205858,11763603231,625.172138,551.706809,2.613358,1,-69.863655,58.273746,533.797546,-90.823952,178.870514,0.671590,0.296431,0.324664,0.467476,1,2.534836,1,-5.058723,52.599770,537.908142,-89.843559,183.567719,0.498737,0.318983,0.326557,0.452036,1,2.691879
1644834598749.903,148927216962,11763614334,650.230465,550.977373,2.601509,1,-69.681854,58.342113,533.982422,-84.409142,179.286301,0.671040,0.296263,0.337048,0.466109,1,2.524231,1,-4.838048,52.636162,538.066528,-82.737320,183.521790,0.498150,0.318913,0.340275,0.452187,1,2.678787
1644834598760.906,148927228066,11763625438,663.186665,549.335343,2.598289,1,-69.594322,58.391979,534.146362,-81.485954,179.734619,0.670749,0.296151,0.342691,0.464635,1,2.527771,1,-4.649780,52.679775,538.324219,-78.669571,183.906052,0.497646,0.318851,0.348128,0.450924,1,2.668808
1644834598771.903,148927239169,11763636541,669.780149,546.072596,2.594902,1,-69.457008,58.539402,534.774475,-79.072281,181.415894,0.670164,0.295875,0.347351,0.459109,1,2.518845,1,-4.509615,52.734192,538.716309,-77.525520,183.879135,0.497267,0.318796,0.350337,0.451012,1,2.670959
1644834598782.905,148927250272,11763647644,668.696194,545.178294,2.597031,1,-69.338303,58.573448,534.650940,-79.523834,182.041092,0.669890,0.295708,0.346479,0.457054,1,2.518661,1,-4.398598,52.724464,538.557373,-77.658836,183.707367,0.496977,0.318777,0.350079,0.451577,1,2.675400
1644834598793.903,148927261375,11763658747,668.228159,547.977072,2.599228,1,-69.255600,58.587257,534.511902,-79.533974,181.239548,0.669717,0.295606,0.346460,0.459689,1,2.522003,1,-4.283835,52.707634,538.289368,-77.901291,183.089874,0.496679,0.318746,0.349611,0.453607,1,2.676453
1644834598805.902,148927272478,11763669850,666.515722,549.960065,2.595757,1,-68.991806,58.616062,533.971008,-80.198433,180.222595,0.669199,0.295296,0.345177,0.463031,1,2.520706,1,-4.168903,52.677616,537.918640,-78.160812,183.101364,0.496383,0.318725,0.349110,0.453569,1,2.670807
1644834598815.912,148927283581,11763680953,666.238260,550.415039,2.592079,1,-68.876625,58.651451,533.876404,-79.828735,180.133347,0.668924,0.295135,0.345890,0.463325,1,2.520218,1,-4.055753,52.677105,537.792908,-78.680206,182.959885,0.496086,0.318686,0.348108,0.454034,1,2.663940
1644834598827.904,148927294684,11763692056,667.710772,547.318357,2.591103,1,-68.805916,58.679279,533.841187,-80.357262,180.729614,0.668747,0.295024,0.344870,0.461365,1,2.515198,1,-3.954974,52.671101,537.711487,-77.357117,183.933746,0.495821,0.318680,0.350662,0.450833,1,2.667007
1644834598838.913,148927305787,11763703159,670.032635,547.533470,2.596687,1,-68.625725,58.759979,533.791199,-79.201729,180.171478,0.668283,0.294720,0.347101,0.463199,1,2.524078,1,-3.840035,52.676769,537.659851,-77.259804,184.382812,0.495518,0.318644,0.350850,0.449357,1,2.669296
1644834598848.902,148927316891,11763714263,669.219046,547.051996,2.598000,1,-68.512665,58.802574,533.787109,-79.794266,180.844498,0.667982,0.294569,0.345957,0.460987,1,2.523788,1,-3.719279,52.691383,537.632874,-77.106216,183.953857,0.495199,0.318585,0.351146,0.450766,1,2.672211
1644834598860.903,148927327994,11763725366,669.966259,547.011834,2.600578,1,-68.428398,58.827827,533.740479,-79.189514,181.171051,0.667773,0.294462,0.347124,0.459914,1,2.529602,1,-3.586543,52.704594,537.530029,-77.307808,183.647705,0.494849,0.318505,0.350757,0.451773,1,2.671555
1644834598872.903,148927339098,11763736469,669.843321,548.794341,2.594131,1,-68.199669,58.894844,533.604248,-79.080635,180.770660,0.667208,0.294174,0.347335,0.461230,1,2.524155,1,-3.455364,52.713131,537.416443,-77.483009,183.144287,0.494504,0.318437,0.350419,0.453427,1,2.664108
1644834598882.903,148927350201,11763747572,671.709709,551.227784,2.594528,1,-68.054131,58.942673,533.488342,-78.877655,179.570633,0.666858,0.293960,0.347726,0.465174,1,2.526886,1,-3.333519,52.715919,537.266724,-76.678940,183.110474,0.494184,0.318377,0.351971,0.453539,1,2.662170
1644834598893.903,148927361304,11763758675,671.409502,556.136262,2.587715,1,-67.954865,58.974857,533.423706,-79.003319,178.616013,0.666614,0.293822,0.347484,0.468312,1,2.522736,1,-3.214858,52.724098,537.133057,-76.715271,181.576294,0.493871,0.318304,0.351901,0.458582,1,2.652695
1644834598905.9082,148927372407,11763769778,672.543182,573.332834,2.568771,1,-67.691467,59.053558,533.271667,-78.936729,175.523117,0.665961,0.293486,0.347612,0.478479,1,2.505264,1,-3.103553,52.729862,537.006409,-76.170135,175.949783,0.493578,0.318241,0.352953,0.477076,1,2.632278
1644834598914.9028,148927383510,11763780881,674.204750,578.296691,2.612450,1,-67.610245,59.070393,533.215393,-78.783089,174.623917,0.665763,0.293405,0.347909,0.481434,1,2.553482,1,-3.059030,52.725410,536.938354,-75.427231,174.332092,0.493462,0.318234,0.354388,0.482394,1,2.671417
1644834598925.904,148927394613,11763791984,676.106043,588.624394,2.589996,1,-67.565079,59.077084,533.193054,-79.058128,174.151764,0.665650,0.293373,0.347378,0.482986,1,2.543900,1,-3.016774,52.720703,536.886047,-74.126312,169.567673,0.493350,0.318233,0.356899,0.498054,1,2.636093
1644834598936.904,148927405717,11763803088,nan,nan,nan,0,nan,nan,nan,nan,nan,nan,nan,nan,nan,0,nan,0,nan,nan,nan,nan,nan,nan,nan,nan,nan,0,nan
1644834598947.9028,148927416820,11763814191,nan,nan,nan,0,nan,nan,nan,nan,nan,nan,nan,nan,nan,0,nan,0,nan,nan,nan,nan,nan,nan,nan,nan,nan,0,nan
1644834598959.904,148927427923,11763825294,nan,nan,nan,0,nan,nan,nan,nan,nan,nan,nan,nan,nan,0,nan,0,nan,nan,nan,nan,nan,nan,nan,nan,nan,0,nan
1644834598969.904,148927439026,11763836397,nan,nan,nan,0,nan,nan,nan,nan,nan,nan,nan,nan,nan,0,nan,0,nan,nan,nan,nan,nan,nan,nan,nan,nan,0,nan
1644834598980.9028,148927450129,11763847500,nan,nan,nan,0,nan,nan,nan,nan,nan,nan,nan,nan,nan,0,nan,0,nan,nan,nan,nan,nan,nan,nan,nan,nan,0,nan
1644834598991.903,148927461232,11763858603,nan,nan,nan,0,nan,nan,nan,nan,nan,nan,nan,nan,nan,0,nan,0,nan,nan,nan,nan,nan,nan,nan,nan,nan,0,nan
1644834599003.9028,148927472336,11763869706,nan,nan,nan,0,nan,nan,nan,nan,nan,nan,nan,nan,nan,0,nan,0,nan,nan,nan,nan,nan,nan,nan,nan,nan,0,nan
1644834599014.905,148927483440,11763880809,nan,nan,nan,0,nan,nan,nan,nan,nan,nan,nan,nan,nan,0,nan,0,nan,nan,nan,nan,nan,nan,nan,nan,nan,0,nan
1644834599025.904,148927494544,11763891913,nan,nan,nan,0,nan,nan,nan,nan,nan,nan,nan,nan,nan,0,nan,0,nan,nan,nan,nan,nan,nan,nan,nan,nan,0,nan
1644834599036.9019,148927505647,11763903016,nan,nan,nan,0,nan,nan,nan,nan,nan,nan,nan,nan,nan,0,nan,0,nan,nan,nan,nan,nan,nan,nan,nan,nan,0,nan
1644834599047.9219,148927516750,11763914119,nan,nan,nan,0,nan,nan,nan,nan,nan,nan,nan,nan,nan,0,nan,0,nan,nan,nan,nan,nan,nan,nan,nan,nan,0,nan
1644834599058.902,148927527853,11763925222,nan,nan,nan,0,nan,nan,nan,nan,nan,nan,nan,nan,nan,0,nan,0,nan,nan,nan,nan,nan,nan,nan,nan,nan,0,nan
1644834599070.911,148927538956,11763936325,nan,nan,nan,0,nan,nan,nan,nan,nan,nan,nan,nan,nan,0,nan,0,nan,nan,nan,nan,nan,nan,nan,nan,nan,0,nan
1644834599080.903,148927550059,11763947428,nan,nan,nan,0,nan,nan,nan,nan,nan,nan,nan,nan,nan,0,nan,0,nan,nan,nan,nan,nan,nan,nan,nan,nan,0,nan
1644834599092.9102,148927561162,11763958531,nan,nan,nan,1,-64.735703,61.289036,532.849915,-112.110596,79.480118,0.658177,0.285408,0.283570,0.794175,1,1.499908,0,nan,nan,nan,nan,nan,nan,nan,nan,nan,0,nan
1644834599103.91,148927572265,11763969634,nan,nan,nan,1,-64.735703,61.289036,532.849915,-112.110596,79.480118,0.658177,0.285408,0.283570,0.794175,1,1.499908,0,nan,nan,nan,nan,nan,nan,nan,nan,nan,0,nan
1644834599114.923,148927583369,11763980738,nan,nan,nan,1,-64.735703,61.289036,532.849915,-112.110596,79.480118,0.658177,0.285408,0.283570,0.794175,1,1.499908,0,nan,nan,nan,nan,nan,nan,nan,nan,nan,0,nan
1644834599126.923,148927594473,11763991841,nan,nan,nan,0,nan,nan,nan,nan,nan,nan,nan,nan,nan,0,nan,1,0.173579,53.953590,536.082764,-61.003719,181.593796,0.484884,0.313643,0.382232,0.458524,1,2.715652
1644834599138.4421,148927605576,11764002944,nan,nan,nan,0,nan,nan,nan,nan,nan,nan,nan,nan,nan,0,nan,1,0.173579,53.953590,536.082764,-61.003719,181.593796,0.484884,0.313643,0.382232,0.458524,1,2.715652
1644834599149.436,148927616679,11764014047,nan,nan,nan,0,nan,nan,nan,nan,nan,nan,nan,nan,nan,0,nan,1,0.173579,53.953590,536.082764,-61.003719,181.593796,0.484884,0.313643,0.382232,0.458524,1,2.715652
1644834599160.878,148927627782,11764025150,721.036606,581.978130,2.598145,1,-63.631882,62.209549,532.996887,-65.832565,178.725647,0.655169,0.282210,0.372910,0.467952,1,2.583481,1,0.664222,54.227993,536.052429,-63.108074,168.363724,0.483580,0.312669,0.378170,0.502012,1,2.612808
1644834599171.9092,148927638885,11764036253,716.093903,579.122704,2.592682,1,-63.485794,62.304417,533.081909,-67.690140,175.419983,0.654751,0.281910,0.369324,0.478818,1,2.548111,1,0.753330,54.286015,536.054321,-63.917519,173.117188,0.483343,0.312466,0.376607,0.486387,1,2.637253
1644834599182.575,148927649988,11764047356,718.016825,574.122924,2.560814,1,-63.422981,62.381119,533.146851,-67.474075,176.494827,0.654562,0.281666,0.369741,0.475285,1,2.505371,1,0.825895,54.350922,536.105591,-63.095985,174.577438,0.483150,0.312256,0.378193,0.481587,1,2.616257
1644834599194.575,148927661091,11764058459,720.916328,574.297804,2.570496,1,-63.318005,62.501003,533.299805,-66.936508,175.038330,0.654231,0.281305,0.370779,0.480072,1,2.498047,1,0.977260,54.476929,536.288269,-62.069027,175.945236,0.482748,0.311878,0.380176,0.477091,1,2.642944
1644834599205.575,148927672195,11764069563,719.008484,566.997796,2.584763,1,-63.092030,62.760281,533.658691,-67.579262,178.482391,0.653512,0.280537,0.369538,0.468751,1,2.516296,1,1.132816,54.605320,536.516479,-62.455700,176.202606,0.482336,0.311509,0.379429,0.476245,1,2.653229
1644834599216.594,148927683298,11764080666,717.979574,570.369798,2.578125,1,-62.977737,62.894493,533.829651,-67.161339,177.532700,0.653152,0.280134,0.370345,0.471873,1,2.510239,1,1.255034,54.701729,536.693787,-63.428806,175.442581,0.482012,0.311234,0.377551,0.478743,1,2.646011
1644834599227.597,148927694401,11764091769,718.908606,566.732132,2.582588,1,-62.887852,63.008766,534.010498,-66.839249,177.937149,0.652854,0.279806,0.370967,0.470544,1,2.515503,1,1.388813,54.813370,536.949341,-63.249603,176.882584,0.481659,0.310934,0.377896,0.474010,1,2.649673
1644834599238.5981,148927705504,11764102872,720.718718,568.895477,2.584961,1,-62.699722,63.276207,534.451721,-66.334549,175.418472,0.652212,0.279045,0.371941,0.478822,1,2.522522,1,1.512022,54.913616,537.235229,-62.777607,178.304337,0.481334,0.310685,0.378808,0.469337,1,2.647400
1644834599249.6008,148927716607,11764113975,721.323481,567.347288,2.586868,1,-62.612148,63.393749,534.665161,-66.104294,175.531601,0.651911,0.278719,0.372385,0.478451,1,2.528534,1,1.609271,55.001465,537.465759,-62.681534,178.976242,0.481078,0.310460,0.378993,0.467128,1,2.645203
1644834599260.594,148927727711,11764125078,719.826508,567.213392,2.596375,1,-62.524719,63.507771,534.812134,-66.317368,175.066666,0.651631,0.278379,0.371974,0.479979,1,2.536270,1,1.726356,55.100239,537.659180,-63.276230,179.509079,0.480769,0.310183,0.377845,0.465377,1,2.656479
1644834599272.604,148927738814,11764136181,719.946785,561.761338,2.595573,1,-62.326672,63.722832,535.079895,-66.831322,177.282516,0.651019,0.277733,0.370982,0.472695,1,2.529526,1,1.836599,55.204563,537.820251,-62.697376,180.057648,0.480478,0.309875,0.378963,0.463573,1,2.661621
1644834599282.595,148927749917,11764147284,720.108633,563.850027,2.593979,1,-62.235600,63.842846,535.219849,-66.740555,176.685593,0.650732,0.277368,0.371157,0.474657,1,2.523193,1,1.933696,55.293560,537.964172,-62.700836,179.595505,0.480221,0.309615,0.378956,0.465093,1,2.664764
1644834599294.593,148927761021,11764158388,719.631271,563.800496,2.591873,1,-62.144451,63.953266,535.338379,-66.580193,176.354095,0.650452,0.277029,0.371467,0.475747,1,2.520920,1,2.047077,55.401287,538.109741,-63.118767,179.952118,0.479922,0.309290,0.378149,0.463920,1,2.662827
1644834599305.534,148927772124,11764169491,718.192978,568.958616,2.594299,1,-61.961433,64.184402,535.619507,-66.715981,175.196411,0.649876,0.276333,0.371205,0.479552,1,2.518692,1,2.168097,55.518600,538.284363,-63.759048,178.494431,0.479603,0.308942,0.376913,0.468712,1,2.669907
1644834599316.535,148927783227,11764180594,716.701441,570.098090,2.597290,1,-61.862541,64.299850,535.795288,-67.178070,175.279282,0.649558,0.276001,0.370313,0.479280,1,2.518585,1,2.273772,55.618225,538.466370,-64.101784,177.833801,0.479325,0.308659,0.376251,0.470883,1,2.675995
1644834599327.534,148927794330,11764191697,720.418282,570.206004,2.601929,1,-61.765789,64.407059,535.963684,-66.733414,176.134430,0.649248,0.275695,0.371171,0.476469,1,2.520462,1,2.399395,55.726662,538.677795,-62.540871,176.923889,0.478995,0.308356,0.379265,0.473874,1,2.683395
1644834599339.534,148927805433,11764202800,732.678909,568.996757,2.606377,1,-61.553783,64.636635,536.248901,-62.681103,176.182831,0.648596,0.275008,0.378994,0.476310,1,2.529144,1,2.543868,55.832081,538.851501,-59.977543,177.488647,0.478615,0.308051,0.384213,0.472018,1,2.683609
1644834599349.534,148927816536,11764213903,743.840246,567.113543,2.609909,1,-61.437298,64.773865,536.468140,-60.173027,176.331177,0.648218,0.274618,0.383836,0.475822,1,2.535019,1,2.677588,55.942204,539.095032,-56.463123,178.295151,0.478265,0.307754,0.390998,0.469367,1,2.684799
1644834599360.533,148927827639,11764225006,747.694988,568.025976,2.615990,1,-61.339790,64.908936,536.716553,-59.145596,176.176514,0.647883,0.274249,0.385819,0.476331,1,2.544388,1,2.811800,56.073521,539.399536,-55.410618,177.987183,0.477914,0.307406,0.393030,0.470379,1,2.687592
1644834599372.536,148927838742,11764236109,748.450871,567.059416,2.625824,1,-61.200947,65.163773,537.281433,-58.458481,176.692398,0.647342,0.273594,0.387146,0.474635,1,2.556381,1,2.921398,56.193935,539.771667,-55.689850,177.961380,0.477629,0.307121,0.392491,0.470464,1,2.695267
1644834599382.535,148927849847,11764247213,747.187500,568.861109,2.634460,1,-61.118908,65.283485,537.435547,-58.972206,176.346909,0.647077,0.273239,0.386154,0.475771,1,2.559631,1,3.006199,56.289608,539.946106,-55.857841,177.393356,0.477408,0.306850,0.392166,0.472331,1,2.709290
1644834599394.533,148927860950,11764258316,747.834463,568.302208,2.636963,1,-61.050144,65.391640,537.597351,-58.559544,176.163712,0.646845,0.272928,0.386951,0.476373,1,2.561798,1,3.092031,56.380306,540.141235,-55.921387,177.859894,0.477184,0.306604,0.392044,0.470798,1,2.712128
1644834599405.534,148927872053,11764269419,746.784611,567.695510,2.638924,1,-60.894966,65.566437,537.731140,-59.443676,176.624298,0.646392,0.272372,0.385244,0.474859,1,2.567917,1,3.172026,56.462852,540.213501,-55.603752,177.706955,0.476974,0.306342,0.392657,0.471300,1,2.709930
1644834599416.534,148927883156,11764280522,747.923899,567.391115,2.636169,1,-60.820522,65.682884,537.924866,-59.220787,176.623886,0.646135,0.272046,0.385674,0.474860,1,2.565186,1,3.254996,56.557091,540.427551,-55.211922,177.861740,0.476758,0.306091,0.393413,0.470792,1,2.707153
1644834599427.5469,148927894259,11764291625,748.739834,568.666935,2.636742,1,-60.746204,65.790138,538.074219,-60.000828,176.229431,0.645893,0.271734,0.384168,0.476157,1,2.560837,1,3.330577,56.643887,540.612183,-53.991596,177.609299,0.476561,0.305856,0.395769,0.471621,1,2.712646
1644834599438.533,148927905362,11764302728,750.028753,568.352222,2.638306,1,-60.602192,65.989021,538.403687,-60.080154,176.724121,0.645412,0.271178,0.384015,0.474531,1,2.558289,1,3.409081,56.733021,540.823059,-53.216820,177.274185,0.476358,0.305622,0.397265,0.472723,1,2.718323
1644834599449.535,148927916465,11764313831,748.509665,567.112648,2.639221,1,-60.518471,66.105797,538.609192,-59.648033,176.722092,0.645128,0.270857,0.384849,0.474537,1,2.565094,1,3.503332,56.824150,541.044922,-54.468594,177.904709,0.476113,0.305386,0.394848,0.470650,1,2.713348
1644834599460.5352,148927927568,11764324934,750.642357,565.238160,2.639481,1,-60.447884,66.201416,538.760742,-58.472694,176.828827,0.644896,0.270588,0.387118,0.474187,1,2.568008,1,3.588397,56.907108,541.227295,-54.493198,178.748413,0.475892,0.305164,0.394801,0.467877,1,2.710953
1644834599471.533,148927938672,11764336038,750.511580,567.423517,2.639900,1,-60.323944,66.396248,539.071533,-57.069302,176.034119,0.644475,0.270039,0.389828,0.476799,1,2.567963,1,3.686652,57.005753,541.428101,-55.967152,178.435028,0.475637,0.304894,0.391955,0.468907,1,2.711838
1644834599482.534,148927949775,11764347141,750.283327,570.430523,2.640259,1,-60.238335,66.517097,539.198669,-57.181961,175.597504,0.644210,0.269671,0.389610,0.478234,1,2.564835,1,3.770547,57.108944,541.558289,-55.977634,177.346985,0.475418,0.304582,0.391935,0.472483,1,2.715683
1644834599494.534,148927960878,11764358244,750.957756,571.601629,2.640755,1,-60.160881,66.627113,539.317505,-57.211021,175.990540,0.643969,0.269337,0.389554,0.476942,1,2.564056,1,3.851417,57.225403,541.695007,-55.584675,176.360153,0.475207,0.304226,0.392694,0.475727,1,2.717453
1644834599505.5361,148927971981,11764369347,752.553692,570.263010,2.642090,1,-60.039566,66.872871,539.611084,-57.662537,175.736588,0.643560,0.268603,0.388682,0.477777,1,2.562607,1,3.919078,57.347794,541.888000,-54.272045,177.292847,0.475032,0.303870,0.395228,0.472662,1,2.721573
1644834599516.546,148927983085,11764380450,754.351845,566.796470,2.639076,1,-59.972435,67.022324,539.766479,-58.057259,176.715561,0.643336,0.268147,0.387920,0.474559,1,2.561203,1,3.979424,57.487865,542.055237,-52.907021,178.071548,0.474876,0.303443,0.397863,0.470102,1,2.716949
1644834599527.544,148927994188,11764391553,752.782774,567.695922,2.635780,1,-59.920418,67.167297,539.911560,-58.490208,176.947266,0.643155,0.267702,0.387085,0.473797,1,2.559036,1,4.039828,57.653637,542.227417,-53.320770,177.383804,0.474719,0.302929,0.397064,0.472363,1,2.712524
1644834599538.534,148928005291,11764402656,751.727743,566.642118,2.629807,1,-59.826645,67.428169,540.132324,-59.247723,177.084442,0.642840,0.266885,0.385622,0.473347,1,2.557587,1,4.089029,57.813320,542.367859,-53.132542,177.780991,0.474592,0.302424,0.397428,0.471057,1,2.702026
1644834599549.536,148928016394,11764413759,750.619383,567.836684,2.626328,1,-59.783230,67.582443,540.263916,-58.966919,177.507492,0.642686,0.266402,0.386164,0.471956,1,2.555405,1,4.139010,57.984066,542.510437,-54.011383,176.752228,0.474462,0.301881,0.395731,0.474439,1,2.697250
1644834599560.536,148928027498,11764424863,751.577511,568.120873,2.625610,1,-59.747272,67.727623,540.382263,-58.739147,176.656708,0.642555,0.265945,0.386604,0.474752,1,2.553391,1,4.177038,58.142601,542.650085,-53.722126,177.458908,0.474364,0.301380,0.396289,0.472116,1,2.697830
1644834599571.534,148928038601,11764435966,757.956419,570.980233,2.623192,1,-59.661850,67.991844,540.646973,-56.663376,176.755020,0.642250,0.265137,0.390611,0.474429,1,2.551376,1,4.228843,58.327503,542.818970,-52.355938,175.910797,0.474230,0.300798,0.398927,0.477204,1,2.695007
1644834599582.532,148928049704,11764447069,775.957632,573.473865,2.618599,1,-59.584774,68.164497,540.874451,-52.081650,175.785019,0.641980,0.264634,0.399456,0.477618,1,2.548599,1,4.313967,58.515602,543.058716,-47.224510,175.616379,0.474010,0.300233,0.408833,0.478172,1,2.688599
1644834599594.533,148928060807,11764458172,793.246651,573.959130,2.611061,1,-59.487198,68.285774,540.913513,-48.683273,176.722412,0.641710,0.264227,0.406017,0.474536,1,2.544006,1,4.416372,58.696571,543.086731,-41.294003,174.432938,0.473741,0.299614,0.420282,0.482062,1,2.678116
1644834599605.535,148928071910,11764469275,811.612501,574.443465,2.606796,1,-59.322681,68.502655,540.981812,-43.329208,176.450104,0.641255,0.263500,0.416353,0.475432,1,2.546387,1,4.509288,58.872036,543.114746,-36.738171,174.459641,0.473497,0.299013,0.429077,0.481974,1,2.667206
1644834599615.5332,148928083013,11764480378,813.935852,571.629095,2.595886,1,-59.218224,68.612762,540.835449,-43.304001,176.963974,0.641021,0.263050,0.416401,0.473742,1,2.533630,1,4.565571,59.014778,542.941040,-35.509716,175.372757,0.473344,0.298450,0.431448,0.478973,1,2.658142
1644834599627.541,148928094116,11764491481,815.089989,571.841955,2.593620,1,-59.176529,68.722343,540.918518,-42.031555,176.560715,0.640886,0.262704,0.418858,0.475068,1,2.535217,1,4.624394,59.187645,543.041504,-36.159462,175.668106,0.473190,0.297886,0.430194,0.478002,1,2.652023
1644834599638.542,148928105220,11764502584,813.402672,571.955144,2.594200,1,-59.079620,68.891396,541.013550,-41.667496,176.598923,0.640602,0.262156,0.419561,0.474942,1,2.532166,1,4.696126,59.352463,543.097900,-37.433952,175.572510,0.473002,0.297334,0.427734,0.478316,1,2.656235
1644834599649.532,148928116324,11764513688,813.598967,573.328078,2.597527,1,-59.031090,69.027863,541.291748,-41.401428,176.318054,0.640393,0.261803,0.420074,0.475866,1,2.536316,1,4.764298,59.526501,543.371277,-37.594093,175.157211,0.472829,0.296832,0.427424,0.479681,1,2.658737
1644834599660.541,148928127427,11764524791,814.752731,573.274809,2.594383,1,-58.985832,69.127953,541.499878,-41.456173,175.814011,0.640214,0.261546,0.419969,0.477523,1,2.529068,1,4.839227,59.698296,543.648499,-36.916813,175.688309,0.472638,0.296340,0.428732,0.477935,1,2.659698
1644834599671.541,148928138530,11764535894,818.489399,571.779335,2.584465,1,-58.900249,69.307861,541.893066,-40.525898,176.498734,0.639875,0.261095,0.421765,0.475272,1,2.519684,1,4.915282,59.871250,543.941040,-35.830853,175.761856,0.472445,0.295850,0.430828,0.477694,1,2.649246
1644834599682.542,148928149633,11764546997,819.127378,572.936100,2.581573,1,-58.833675,69.439423,542.168701,-40.089367,176.628754,0.639620,0.260759,0.422607,0.474844,1,2.517609,1,5.000322,60.031891,544.213562,-35.923157,175.045303,0.472227,0.295397,0.430650,0.480049,1,2.645538
1644834599694.5342,148928160736,11764558100,817.160196,569.380081,2.577728,1,-58.752434,69.543564,542.325195,-41.095791,177.481094,0.639361,0.260467,0.420664,0.472043,1,2.521896,1,5.103314,60.204136,544.413269,-35.978161,175.996033,0.471962,0.294875,0.430544,0.476924,1,2.633560
1644834599705.512,148928171839,11764569203,814.579411,570.765620,2.576126,1,-58.585506,69.762253,542.529541,-41.620083,176.121567,0.638863,0.259797,0.419652,0.476511,1,2.522156,1,5.228053,60.382706,544.558350,-36.846428,176.653046,0.471638,0.294312,0.428868,0.474765,1,2.630096
1644834599714.528,148928182942,11764580306,814.390068,568.866473,2.572929,1,-58.465576,69.902954,542.692200,-41.867500,177.062912,0.638501,0.259381,0.419175,0.473417,1,2.517761,1,5.345266,60.554779,544.713928,-36.701153,176.674622,0.471335,0.293775,0.429148,0.474694,1,2.628098
1644834599727.4412,148928194045,11764591409,816.251163,568.260705,2.570183,1,-58.361954,70.035942,542.882690,-40.689316,177.128815,0.638174,0.259004,0.421449,0.473201,1,2.513397,1,5.490045,60.751541,544.955627,-36.875114,176.915848,0.470961,0.293186,0.428812,0.473901,1,2.626968
1644834599738.435,148928205149,11764602513,817.335291,566.040337,2.568222,1,-58.160564,70.253380,543.278442,-40.605942,178.407639,0.637533,0.258427,0.421610,0.468997,1,2.509079,1,5.649986,60.944324,545.234924,-36.373489,176.762848,0.470550,0.292627,0.429781,0.474404,1,2.627365
1644834599749.431,148928216252,11764613616,816.945934,567.351043,2.566002,1,-58.010063,70.400566,543.559082,-41.449898,177.108246,0.637059,0.258043,0.419981,0.473268,1,2.511536,1,5.813047,61.103600,545.517883,-35.739647,177.397675,0.470131,0.292186,0.431004,0.472317,1,2.620468
1644834599761.2468,148928227355,11764624719,815.928726,569.262511,2.565826,1,-57.863544,70.507820,543.767334,-42.205944,177.135864,0.636616,0.257766,0.418521,0.473177,1,2.514954,1,6.010157,61.267471,545.771118,-35.532490,176.400864,0.469624,0.291718,0.431404,0.475593,1,2.616699
1644834599771.2458,148928238459,11764635822,810.738831,572.486007,2.559708,1,-57.590015,70.669128,544.076172,-44.236343,177.144531,0.635813,0.257348,0.414602,0.473149,1,2.505661,1,6.212542,61.421268,545.977539,-36.302479,174.757782,0.469101,0.291268,0.429918,0.480994,1,2.613754
1644834599782.246,148928249562,11764646925,808.836336,570.213157,2.555031,1,-57.411167,70.755478,544.218933,-44.405453,177.909393,0.635304,0.257115,0.414275,0.470635,1,2.498047,1,6.393582,61.538536,546.102966,-37.159893,175.145325,0.468632,0.290912,0.428263,0.479720,1,2.612015
1644834599794.2458,148928260665,11764658028,804.918308,570.663679,2.551331,1,-57.264236,70.848389,544.460510,-45.369942,177.510315,0.634853,0.256903,0.412413,0.471947,1,2.493134,1,6.595170,61.688667,546.402527,-38.309479,175.315979,0.468116,0.290512,0.426043,0.479159,1,2.609528
1644834599805.2449,148928271768,11764669131,803.182983,569.182152,2.551971,1,-56.985600,71.008888,544.857971,-45.164249,177.269638,0.634014,0.256529,0.412810,0.472738,1,2.495438,1,6.814685,61.822697,546.688171,-39.451534,176.307846,0.467553,0.290162,0.423839,0.475899,1,2.608505
1644834599906.248,148928282871,11764680234,803.998146,572.861302,2.551445,1,-56.797619,71.135185,545.244995,-44.651844,175.911148,0.633417,0.256269,0.413800,0.477203,1,2.496735,1,7.034739,61.966717,547.072632,-39.524132,175.800827,0.466992,0.289817,0.423699,0.477566,1,2.606155
1644834599907.261,148928293975,11764691338,805.870829,572.642952,2.548111,1,-56.607647,71.226135,545.527649,-44.423447,176.584534,0.632843,0.256085,0.414240,0.474990,1,2.488495,1,7.291157,62.109894,547.403748,-38.742035,175.238144,0.466336,0.289455,0.425208,0.479415,1,2.607727
1644834599907.261,148928305078,11764702441,808.888607,570.981807,2.545967,1,-56.275612,71.389824,546.027649,-44.540997,176.676941,0.631841,0.255749,0.414013,0.474686,1,2.485886,1,7.554054,62.251987,547.761536,-36.996147,175.988022,0.465665,0.289108,0.428579,0.476950,1,2.606049
1644834599908.249,148928316181,11764713544,806.102200,569.455683,2.543457,1,-56.036083,71.474953,546.294128,-44.367794,177.384827,0.631145,0.255578,0.414348,0.472359,1,2.485672,1,7.823761,62.360374,548.013123,-38.672855,176.053970,0.464974,0.288836,0.425342,0.476734,1,2.601242
1644834599909.25,148928327284,11764724647,802.970037,570.143634,2.546211,1,-55.790794,71.548180,546.466736,-44.672577,176.938507,0.630459,0.255407,0.413759,0.473826,1,2.491837,1,8.141343,62.457829,548.196594,-40.058155,176.151443,0.464156,0.288576,0.422668,0.476413,1,2.600586
1644834599909.25,148928338387,11764735750,802.042494,569.586629,2.544029,1,-55.376823,71.650169,546.769653,-44.011219,177.672623,0.629300,0.255197,0.415036,0.471413,1,2.492691,1,8.480530,62.542622,548.399170,-41.219986,175.699738,0.463284,0.288367,0.420425,0.477898,1,2.595367
1644834599910.247,148928349490,11764746853,803.362370,571.083802,2.547157,1,-55.079117,71.710365,546.911682,-44.140759,177.876419,0.628487,0.255058,0.414786,0.470743,1,2.494217,1,8.788278,62.602757,548.519775,-40.378235,174.736816,0.462490,0.288212,0.422050,0.481063,1,2.600098
1644834599910.247,148928360594,11764757956,805.020218,571.384531,2.547226,1,-54.770916,71.773788,547.088318,-43.763195,177.881500,0.627638,0.254923,0.415515,0.470726,1,2.498123,1,9.151048,62.670757,548.692993,-39.861263,174.579239,0.461557,0.288050,0.423048,0.481581,1,2.596329
1644834599911.258,148928371697,11764769059,805.879211,573.771822,2.543724,1,-54.267776,71.866005,547.302490,-44.179558,176.880325,0.626273,0.254709,0.414711,0.474017,1,2.492828,1,9.523471,62.726276,548.817505,-38.981400,174.369965,0.460597,0.287913,0.424746,0.482269,1,2.594620
1644834599915.256,148928382801,11764780163,806.631289,570.199299,2.568314,1,-53.930141,71.929482,547.476501,-44.519928,177.031708,0.625350,0.254574,0.414054,0.473520,1,2.492859,1,9.685163,62.740013,548.829468,-38.235279,176.030090,0.460179,0.287873,0.426187,0.476812,1,2.643768
1644834599927.247,148928393904,11764791266,807.997284,568.635571,2.565971,1,-53.578323,71.987289,547.634338,-44.556763,176.907990,0.624394,0.254451,0.413983,0.473927,1,2.486786,1,10.282158,62.785816,549.041748,-37.461384,176.946655,0.458642,0.287807,0.427681,0.473799,1,2.645157
1644834599938.262,148928405007,11764802369,806.126432,569.307536,2.567154,1,-53.015392,72.072502,547.910645,-44.276501,176.586533,0.622861,0.254291,0.414524,0.474983,1,2.491226,1,10.921646,62.835667,549.282227,-38.751148,176.927429,0.456998,0.287740,0.425191,0.473863,1,2.643082
1644834599949.248,148928416110,11764813472,806.224966,572.764438,2.534050,1,-52.643574,72.117195,548.069214,-44.133709,175.896317,0.621855,0.254214,0.414800,0.477252,1,2.482971,1,11.131854,62.847080,549.408203,-38.840729,175.864807,0.456460,0.287753,0.425018,0.477355,1,2.585129
1644834599960.247,148928427213,11764824575,804.553900,573.480964,2.532806,1,-52.265823,72.162521,548.334595,-44.208961,176.516006,0.620808,0.254184,0.414655,0.475215,1,2.485321,1,11.587228,62.860054,549.667847,-39.667149,174.881775,0.455296,0.287817,0.423422,0.480587,1,2.580292
1644834599972.2458,148928438316,11764835678,804.068241,572.371531,2.534500,1,-51.685238,72.205582,548.711975,-44.381264,177.099625,0.619208,0.254217,0.414322,0.473296,1,2.484360,1,12.041689,62.836082,549.912476,-39.756901,174.860672,0.454135,0.288003,0.423249,0.480656,1,2.584641
1644834599982.244,148928449419,11764846781,805.141268,572.122622,2.539963,1,-51.313240,72.218491,548.984985,-43.772606,177.433609,0.618177,0.254302,0.415497,0.472199,1,2.493561,1,12.459876,62.796322,550.168152,-39.786560,174.652939,0.453069,0.288247,0.423192,0.481339,1,2.586365
1644834599994.246,148928460522,11764857884,805.613308,573.000079,2.542900,1,-50.909233,72.226128,549.285583,-43.941822,177.097046,0.617057,0.254419,0.415170,0.473305,1,2.499298,1,12.928570,62.732628,550.463318,-39.362648,174.544586,0.451877,0.288589,0.424010,0.481695,1,2.586502
1644834600005.248,148928471626,11764868988,806.461802,571.544480,2.538094,1,-50.309635,72.234947,549.733215,-43.827908,177.299500,0.615398,0.254601,0.415390,0.472640,1,2.494141,1,13.402525,62.650238,550.766541,-39.018723,175.080215,0.450673,0.288998,0.424674,0.479934,1,2.582047
1644834600016.247,148928482729,11764880091,805.383739,569.987047,2.539948,1,-49.913681,72.238075,549.997681,-44.704292,177.859039,0.614311,0.254716,0.413698,0.470800,1,2.498001,1,13.825279,62.566452,551.006958,-38.724030,175.310303,0.449598,0.289386,0.425243,0.479178,1,2.581894
1644834600027.247,148928493833,11764891194,807.623148,569.416738,2.540977,1,-49.491772,72.256668,550.274597,-43.979374,177.525467,0.613154,0.254784,0.415098,0.471897,1,2.495392,1,14.301294,62.463638,551.268433,-38.240616,175.933105,0.448388,0.289848,0.426176,0.477131,1,2.586563
1644834600038.25,148928504936,11764902297,808.519564,568.250316,2.546181,1,-48.893173,72.283806,550.724426,-44.358517,177.476822,0.611503,0.254904,0.414366,0.472057,1,2.504517,1,14.777870,62.361393,551.579773,-37.377789,176.573166,0.447182,0.290328,0.427842,0.475027,1,2.587845
1644834600049.246,148928516039,11764913400,808.448839,570.257306,2.545883,1,-48.497272,72.310265,551.013916,-44.129642,176.680786,0.610414,0.254950,0.414808,0.474673,1,2.496582,1,15.209893,62.274708,551.843201,-37.644810,176.351562,0.446088,0.290734,0.427327,0.475756,1,2.595184
1644834600060.2468,148928527142,11764924503,810.462942,567.824417,2.549202,1,-48.063618,72.322319,551.333008,-43.638859,177.308380,0.609222,0.255059,0.415755,0.472610,1,2.499405,1,15.695036,62.167652,552.139282,-37.048832,176.957535,0.444861,0.291223,0.428477,0.473764,1,2.598999
1644834600071.247,148928538245,11764935606,826.479321,568.643886,2.546753,1,-47.457935,72.355858,551.787292,-38.247250,177.669174,0.607558,0.255158,0.426164,0.471424,1,2.491699,1,16.207140,62.073509,552.449219,-33.798264,176.181213,0.443567,0.291673,0.434752,0.476315,1,2.601807
1644834600082.246,148928549348,11764946709,837.637882,563.128531,2.577614,1,-47.064564,72.371895,552.128052,-34.546387,178.980484,0.606468,0.255263,0.433308,0.467114,1,2.500961,1,16.418097,62.022228,552.580017,-31.478167,177.666458,0.443034,0.291902,0.439231,0.471433,1,2.654266
1644834600093.2468,148928560452,11764957813,859.790211,565.174735,2.573700,1,-46.578926,72.391869,552.464355,-29.397610,179.073776,0.605143,0.255354,0.443248,0.466807,1,2.500992,1,17.156696,61.881802,553.004272,-24.673901,176.535645,0.441170,0.292557,0.452367,0.475150,1,2.646408
1644834600104.2458,148928571555,11764968916,870.553837,564.467043,2.581757,1,-46.005493,72.433006,553.095764,-26.387592,179.216461,0.603531,0.255506,0.449059,0.466338,1,2.516846,1,17.831163,61.748386,553.649170,-21.876047,176.751801,0.439491,0.293270,0.457768,0.474440,1,2.646667
1644834600115.246,148928582658,11764980019,871.203718,565.489447,2.578362,1,-45.846817,72.435722,553.220154,-25.625635,179.688766,0.603096,0.255555,0.450530,0.464786,1,2.561630,1,18.024427,61.689651,553.670288,-22.287310,175.761047,0.438997,0.293482,0.456974,0.477697,1,2.595093
1644834600127.247,148928593761,11764991122,869.917173,567.407352,2.578362,1,-45.319569,72.416710,553.425415,-26.395306,178.708496,0.601697,0.255720,0.449044,0.468008,1,2.557831,1,18.406981,61.568279,553.784424,-22.211861,175.768890,0.438026,0.293946,0.457120,0.477671,1,2.598892
1644834600138.246,148928604864,11765002225,872.545195,566.350687,2.575058,1,-44.685287,72.364166,553.602539,-25.163130,179.773727,0.600029,0.255989,0.451422,0.464507,1,2.552017,1,18.766636,61.451256,553.836670,-22.025984,175.239410,0.437108,0.294371,0.457479,0.479411,1,2.598099
1644834600149.2468,148928615968,11765013328,874.872665,568.396354,2.549866,1,-44.566330,72.370895,553.649536,-24.668863,179.021347,0.599714,0.255989,0.452377,0.466980,1,2.503906,1,19.073093,61.355125,553.933655,-21.264378,174.954590,0.436331,0.294741,0.458949,0.480347,1,2.595825
1644834600160.248,148928627071,11765024431,875.948582,566.143888,2.552826,1,-44.244408,72.374115,553.892029,-24.345661,179.608810,0.598837,0.256091,0.453001,0.465049,1,2.511551,1,19.388491,61.263180,554.118286,-21.007030,175.509186,0.435539,0.295130,0.459446,0.478524,1,2.594101
1644834600171.854,148928638174,11765035534,874.753647,565.253627,2.552185,1,-43.859539,72.397873,554.154175,-24.794537,179.906586,0.597794,0.256133,0.452134,0.464070,1,2.510864,1,19.686512,61.181519,554.278992,-21.202923,175.662811,0.434790,0.295474,0.459068,0.478019,1,2.593506
1644834600181.8599,148928649278,11765046638,873.909588,566.076314,2.553574,1,-43.655655,72.425186,554.331055,-24.995691,179.407379,0.597235,0.256122,0.451746,0.465711,1,2.514206,1,19.942551,61.118835,554.465515,-21.457228,175.744888,0.434151,0.295763,0.458577,0.477750,1,2.592941
1644834600193.854,148928660381,11765057741,874.335966,566.498727,2.557236,1,-43.382008,72.469574,554.606140,-24.620821,179.394882,0.596477,0.256098,0.452469,0.465752,1,2.522095,1,20.210388,61.059025,554.694153,-21.602053,175.543243,0.433486,0.296057,0.458297,0.478413,1,2.592377
1644834600204.8591,148928671484,11765068844,874.061050,563.289160,2.562164,1,-43.051598,72.506538,554.857544,-24.971081,179.735062,0.595579,0.256089,0.451793,0.464634,1,2.528168,1,20.464064,60.986584,554.856445,-21.400135,176.830444,0.432852,0.296369,0.458687,0.474181,1,2.596161
1644834600215.851,148928682587,11765079947,874.300346,559.964955,2.565933,1,-42.866676,72.526009,555.052063,-25.036327,180.850098,0.595066,0.256112,0.451667,0.460969,1,2.531265,1,20.699228,60.932285,555.071838,-21.205740,177.400894,0.432271,0.296638,0.459062,0.472306,1,2.600601
1644834600226.854,148928693690,11765091050,873.036690,558.669037,2.562500,1,-42.604416,72.557190,555.318420,-25.815786,180.863937,0.594341,0.256129,0.450163,0.460923,1,2.522858,1,20.946096,60.877052,555.291077,-21.108124,178.044159,0.431661,0.296912,0.459251,0.470192,1,2.602142
1644834600238.852,148928704793,11765102153,873.495026,562.660253,2.568169,1,-42.299198,72.598907,555.644653,-25.857063,180.497421,0.593495,0.256137,0.450083,0.462128,1,2.533981,1,21.183004,60.837799,555.515015,-20.819536,176.386948,0.431076,0.297133,0.459808,0.475639,1,2.602356
1644834600248.8552,148928715896,11765113256,872.701807,563.761854,2.564774,1,-42.122269,72.623489,555.821533,-26.022968,180.269196,0.593008,0.256135,0.449763,0.462878,1,2.527298,1,21.411951,60.806522,555.709351,-21.081635,176.056595,0.430510,0.297316,0.459302,0.476725,1,2.602249
1644834600260.279,148928726999,11765124359,873.749857,561.394501,2.567169,1,-41.876720,72.660667,556.063293,-26.168350,180.859253,0.592332,0.256119,0.449482,0.460938,1,2.530807,1,21.638603,60.772350,555.906006,-20.370760,176.666855,0.429950,0.297508,0.460674,0.474719,1,2.603531
1644834600271.361,148928738103,11765135463,874.341459,560.341591,2.566566,1,-41.596355,72.705620,556.358765,-25.397940,180.701324,0.591558,0.256102,0.450969,0.461458,1,2.529770,1,21.871098,60.752602,556.110474,-20.821907,177.358658,0.429377,0.297655,0.459803,0.472445,1,2.603363
1644834600281.7668,148928749207,11765146566,876.794958,561.266953,2.571907,1,-41.432751,72.736267,556.514099,-24.511953,180.616959,0.591110,0.256070,0.452680,0.461735,1,2.535767,1,22.078350,60.734653,556.280701,-20.384081,176.973862,0.428864,0.297783,0.460648,0.473710,1,2.608047
1644834600293.732,148928760310,11765157669,875.097313,564.225841,2.576996,1,-41.209553,72.780968,556.760376,-24.773142,180.655289,0.590492,0.256031,0.452175,0.461609,1,2.540131,1,22.295399,60.736832,556.482361,-21.038910,175.435226,0.428331,0.297853,0.459384,0.478767,1,2.613861
1644834600304.463,148928771413,11765168772,878.543243,563.191116,2.576981,1,-40.978565,72.825218,557.030090,-24.086542,180.961777,0.589851,0.256004,0.453501,0.460601,1,2.535278,1,22.483072,60.710045,556.676086,-19.866161,175.653397,0.427872,0.298019,0.461648,0.478050,1,2.618683
1644834600315.4558,148928782516,11765179875,876.274252,559.964257,2.599861,1,-40.911831,72.829811,557.135803,-24.961351,181.894287,0.589660,0.256036,0.451812,0.457536,1,2.583725,1,22.651712,60.673916,556.819275,-20.215612,176.357040,0.427456,0.298197,0.460974,0.475737,1,2.615997
1644834600327.486,148928793619,11765190978,880.579977,555.654377,2.596848,1,-40.651657,72.822357,557.251587,-23.422873,182.915909,0.588974,0.256117,0.454782,0.454178,1,2.581055,1,22.824678,60.600571,556.884216,-19.430805,177.520706,0.427022,0.298473,0.462489,0.471913,1,2.612640
1644834600338.458,148928804722,11765202081,894.307652,560.312909,2.600060,1,-40.314709,72.820175,557.323853,-18.355471,181.575409,0.588101,0.256162,0.464565,0.458584,1,2.585892,1,23.021252,60.544781,556.903442,-17.090998,176.499115,0.426523,0.298673,0.467006,0.475270,1,2.614227
1644834600348.4548,148928815825,11765213184,907.884150,563.424700,2.577461,1,-40.234753,72.834877,557.413147,-15.723350,180.654739,0.587880,0.256153,0.469646,0.461611,1,2.543320,1,23.207161,60.494152,557.016907,-12.397500,175.842056,0.426061,0.298890,0.476067,0.477430,1,2.611603
1644834600360.456,148928826929,11765224288,924.554815,564.668477,2.580070,1,-40.009491,72.858101,557.636902,-11.309382,180.517059,0.587264,0.256177,0.478167,0.462063,1,2.547943,1,23.409296,60.449364,557.198608,-7.816234,175.349106,0.425565,0.299112,0.484911,0.479051,1,2.612198
1644834600371.458,148928838032,11765235391,929.545898,562.555271,2.578354,1,-39.773201,72.903381,558.032104,-10.658873,180.700058,0.586589,0.256202,0.479423,0.461462,1,2.549210,1,23.601830,60.402962,557.508301,-5.773661,176.237595,0.425108,0.299387,0.488854,0.476130,1,2.607498
1644834600381.458,148928849135,11765246494,928.107290,561.722767,2.579498,1,-39.624699,72.919106,558.195740,-11.049290,181.049515,0.586181,0.256224,0.478669,0.460313,1,2.546951,1,23.774696,60.354000,557.683533,-6.159477,176.310181,0.424687,0.299620,0.488109,0.475892,1,2.612045
1644834600394.4558,148928860238,11765257597,926.274233,561.828303,2.577736,1,-39.400764,72.943893,558.466064,-11.062294,180.784790,0.585561,0.256263,0.478644,0.461183,1,2.544861,1,23.993778,60.299015,557.917297,-7.135565,176.521408,0.424155,0.299895,0.486225,0.475197,1,2.610611
1644834600405.457,148928871342,11765268700,923.936090,564.639312,2.580864,1,-39.111496,72.941597,558.560730,-11.546559,180.150406,0.584807,0.256317,0.477709,0.463268,1,2.546936,1,24.222902,60.225166,557.964417,-7.912903,175.730484,0.423577,0.300167,0.484724,0.477797,1,2.614792
1644834600414.459,148928882445,11765279803,923.550196,563.138241,2.601234,1,-39.018574,72.940773,558.629700,-12.320884,180.428802,0.584558,0.256352,0.476214,0.462353,1,2.593384,1,24.439077,60.163357,558.146057,-7.346772,176.213150,0.423047,0.300446,0.485817,0.476210,1,2.609085
1644834600426.456,148928893548,11765290906,925.813179,561.461896,2.605247,1,-38.646896,72.927666,558.884399,-12.240199,180.837662,0.583567,0.256515,0.476370,0.461010,1,2.594604,1,24.682829,60.075291,558.299805,-6.206410,176.654312,0.422444,0.300805,0.488018,0.474760,1,2.615891
1644834600437.4558,148928904651,11765302009,932.160330,559.558976,2.606033,1,-38.276733,72.914207,559.295227,-9.147022,181.562698,0.582553,0.256748,0.482342,0.458626,1,2.597656,1,24.932337,59.986454,558.539978,-5.874781,176.894135,0.421837,0.301197,0.488659,0.473972,1,2.614410
1644834600448.458,148928915755,11765313113,932.096758,558.909148,2.607498,1,-38.276733,72.914207,559.295227,-9.147022,181.562698,0.582553,0.256748,0.482342,0.458626,1,2.597656,1,25.148958,59.893818,558.643188,-5.909099,177.223663,0.421299,0.301552,0.488592,0.472889,1,2.617340
1644834600460.4548,148928926858,11765324216,931.323681,559.254152,2.609688,1,-37.931465,72.865997,559.474487,-9.497659,181.180847,0.581645,0.256996,0.481665,0.459881,1,2.603210,1,25.376631,59.784904,558.741577,-5.975569,177.430527,0.420732,0.301960,0.488464,0.472209,1,2.616165
1644834600471.457,148928937961,11765335319,929.643288,558.441013,2.610550,1,-37.568130,72.827042,559.728149,-10.517376,181.119980,0.580678,0.257246,0.479696,0.460081,1,2.601669,1,25.590750,59.693638,558.876953,-5.862526,177.903687,0.420204,0.302322,0.488682,0.470654,1,2.619431
1644834600482.465,148928949064,11765346422,928.941679,559.163833,2.591629,1,-37.499218,72.820892,559.738342,-10.870289,180.405090,0.580501,0.257272,0.479015,0.462431,1,2.558228,1,25.753153,59.614204,558.940308,-5.888191,178.252106,0.419799,0.302616,0.488633,0.469508,1,2.625031
1644834600493.4548,148928960167,11765357525,926.974154,562.097830,2.589111,1,-37.307838,72.804443,559.890564,-10.877669,180.341507,0.579989,0.257398,0.479001,0.462640,1,2.554504,1,25.928434,59.549816,559.046326,-6.942476,176.828018,0.419366,0.302875,0.486597,0.474189,1,2.623718
1644834600504.456,148928971270,11765368628,927.738791,561.491221,2.585648,1,-37.135002,72.793442,560.093689,-10.927646,181.083878,0.579516,0.257527,0.478904,0.460200,1,2.555252,1,26.070150,59.483505,559.195618,-6.479930,176.393219,0.419024,0.303156,0.487490,0.475618,1,2.616043
1644834600514.457,148928982373,11765379731,927.151279,562.377602,2.607193,1,-37.089516,72.790962,560.194458,-10.596583,182.002548,0.579383,0.257580,0.479543,0.457180,1,2.597275,1,26.183096,59.429794,559.306396,-7.127987,175.025116,0.418751,0.303379,0.486239,0.480116,1,2.617111
1644834600526.456,148928993476,11765390834,927.768373,561.588246,2.613159,1,-36.906689,72.769821,560.303772,-10.391633,182.070251,0.578901,0.257703,0.479939,0.456958,1,2.604370,1,26.298277,59.352261,559.371765,-6.999966,175.357635,0.418467,0.303667,0.486486,0.479022,1,2.621948
1644834600538.455,148929004581,11765401938,924.778633,563.226879,2.619965,1,-36.694942,72.732994,560.318909,-11.793284,181.213287,0.578361,0.257837,0.477233,0.459775,1,2.609848,1,26.410244,59.275826,559.363403,-7.211552,175.383728,0.418182,0.303924,0.486078,0.478937,1,2.630081
1644834600548.456,148929015684,11765413041,925.096407,562.467241,2.622398,1,-36.694942,72.732994,560.318909,-11.793284,181.213287,0.578361,0.257837,0.477233,0.459775,1,2.609848,1,26.508577,59.219860,559.408203,-7.040062,175.768875,0.417938,0.304131,0.486409,0.477671,1,2.634949
1644834600560.455,148929026787,11765424144,924.588461,561.637813,2.621239,1,-36.507652,72.730560,560.476013,-12.142945,181.352036,0.577860,0.257917,0.476558,0.459319,1,2.612442,1,26.632689,59.168842,559.502747,-6.964476,176.050690,0.417634,0.304340,0.486555,0.476744,1,2.630035
1644834600571.456,148929037890,11765435247,925.390320,556.868523,2.622864,1,-36.292114,72.725609,560.613525,-11.565320,182.681396,0.577290,0.257998,0.477673,0.454949,1,2.612823,1,26.767635,59.109081,559.573730,-7.109448,177.139572,0.417301,0.304569,0.486275,0.473165,1,2.632904
1644834600582.468,148929048993,11765446350,927.622633,557.958966,2.601082,1,-36.248184,72.743408,560.665955,-10.729803,181.542679,0.577170,0.257961,0.479286,0.458692,1,2.568787,1,26.886990,59.072540,559.679199,-6.740478,177.725433,0.417011,0.304732,0.486987,0.471239,1,2.633377
1644834600593.456,148929060096,11765457453,928.769588,559.384489,2.601845,1,-36.092026,72.778702,560.871887,-10.612967,181.283356,0.576739,0.257935,0.479512,0.459544,1,2.567245,1,27.029675,59.044674,559.845459,-6.238368,177.261902,0.416669,0.304888,0.487957,0.472763,1,2.636444
1644834600604.455,148929071199,11765468556,929.559231,562.876725,2.599838,1,-35.926151,72.832291,561.058350,-10.504250,180.414963,0.576288,0.257838,0.479721,0.462399,1,2.566635,1,27.168945,59.039459,559.983948,-5.920990,176.359589,0.416333,0.304957,0.488569,0.475729,1,2.633041
1644834600615.457,148929082302,11765479659,929.462271,562.970048,2.595703,1,-35.828892,72.862770,561.182434,-10.278629,181.050903,0.576021,0.257791,0.480157,0.460309,1,2.564346,1,27.281233,59.041454,560.114990,-6.198973,175.676346,0.416064,0.304998,0.488033,0.477975,1,2.627060
1644834600626.456,148929093406,11765490763,928.757515,561.927366,2.591515,1,-35.699368,72.921997,561.381897,-9.992461,181.561829,0.575660,0.257681,0.480709,0.458629,1,2.560928,1,27.409065,59.054119,560.280701,-6.865408,175.694138,0.415760,0.305016,0.486746,0.477916,1,2.622101
1644834600637.456,148929104509,11765501866,930.881195,562.396914,2.587708,1,-35.585705,72.997337,561.656616,-9.117970,181.674698,0.575327,0.257549,0.482398,0.458258,1,2.555664,1,27.522072,59.075771,560.504700,-6.593983,175.343185,0.415501,0.305024,0.487270,0.479070,1,2.619751
1644834600648.458,148929115612,11765512969,932.637205,561.836457,2.585571,1,-35.506279,73.040031,561.770508,-9.244323,181.813385,0.575108,0.257456,0.482154,0.457802,1,2.552322,1,27.615219,59.091728,560.627625,-5.520169,175.488708,0.415280,0.305016,0.489343,0.478592,1,2.618820
1644834600660.456,148929126715,11765524072,946.019754,559.352660,2.590118,1,-35.371582,73.087921,561.828613,-5.740401,182.544403,0.574757,0.257322,0.488918,0.455400,1,2.554840,1,27.725359,59.104458,560.661804,-1.803049,176.017075,0.415005,0.304986,0.496519,0.476855,1,2.625397
1644834600671.4639,148929137819,11765535175,963.039980,556.337178,2.591911,1,-35.201916,73.123695,561.746155,-1.019165,183.495132,0.574340,0.257167,0.498032,0.452274,1,2.559021,1,27.843996,59.103622,560.564880,2.659540,176.595337,0.414692,0.304956,0.505134,0.474954,1,2.624802
1644834600681.458,148929148922,11765546278,976.820469,555.692697,2.595078,1,-35.107483,73.163002,561.768005,3.212303,183.257797,0.574097,0.257046,0.506201,0.453054,1,2.561279,1,27.937428,59.110420,560.570068,5.863743,177.159439,0.414456,0.304936,0.511320,0.473100,1,2.628876
1644834600693.456,148929160025,11765557381,985.852547,556.038290,2.588165,1,-34.993992,73.194679,561.703064,5.639650,183.286530,0.573819,0.256912,0.510887,0.452960,1,2.553452,1,28.017317,59.103851,560.488586,8.309998,176.955444,0.414243,0.304931,0.516042,0.473771,1,2.622879
1644834600704.456,148929171128,11765568484,986.739578,557.837820,2.585846,1,-34.902321,73.254021,561.844482,6.584324,182.989151,0.573564,0.256775,0.512711,0.453937,1,2.549362,1,28.096006,59.119919,560.604309,7.843945,176.340378,0.414058,0.304919,0.515143,0.475792,1,2.622330
1644834600714.457,148929182232,11765579588,985.754929,559.403247,2.584518,1,-34.838871,73.276672,561.919983,6.002612,183.235840,0.573391,0.256733,0.511588,0.453127,1,2.549179,1,28.156984,59.125618,560.670593,7.894358,175.299988,0.413912,0.304924,0.515240,0.479212,1,2.619858
1644834600726.475,148929193335,11765590691,983.979149,558.624995,2.590508,1,-34.758995,73.320671,562.168396,5.600078,183.349258,0.573150,0.256696,0.510811,0.452754,1,2.561249,1,28.245745,59.143574,560.904236,7.338685,175.581177,0.413717,0.304948,0.514167,0.478288,1,2.619766
1644834600737.4739,148929204438,11765601794,988.814449,559.390318,2.590736,1,-34.686996,73.342056,562.349731,6.794886,182.778687,0.572939,0.256704,0.513117,0.454629,1,2.563889,1,28.321047,59.138008,561.060547,8.752954,175.763672,0.413546,0.305023,0.516898,0.477688,1,2.617584
1644834600748.455,148929215541,11765612897,989.182720,559.239042,2.591728,1,-34.633690,73.344498,562.437561,7.028297,182.336273,0.572791,0.256736,0.513568,0.456083,1,2.563934,1,28.376966,59.117851,561.145081,8.718285,176.282761,0.413416,0.305122,0.516831,0.475982,1,2.619522
1644834600760.456,148929226644,11765624000,990.803089,559.894127,2.590942,1,-34.557587,73.328026,562.480408,7.304501,182.266663,0.572592,0.256811,0.514101,0.456312,1,2.558090,1,28.437992,59.071888,561.177063,9.316353,176.020264,0.413265,0.305289,0.517985,0.476844,1,2.623795
1644834600771.457,148929237747,11765635103,990.689106,554.105330,2.595070,1,-34.477203,73.289688,562.513611,6.719505,184.003784,0.572384,0.256956,0.512972,0.450602,1,2.559967,1,28.481565,59.009640,561.198364,9.839831,177.218292,0.413158,0.305508,0.518996,0.472907,1,2.630173
1644834600781.455,148929248850,11765646206,991.232185,554.006034,2.593719,1,-34.437542,73.276299,562.494202,7.007960,184.033859,0.572287,0.256993,0.513529,0.450504,1,2.558472,1,28.514326,58.978573,561.171448,9.844424,177.238586,0.413072,0.305604,0.519005,0.472840,1,2.628967
1644834600793.4539,148929259954,11765657309,990.847034,551.559538,2.589897,1,-34.390308,73.241241,562.444641,7.090268,184.361710,0.572175,0.257090,0.513688,0.449426,1,2.555038,1,28.545111,58.924591,561.113464,9.554300,178.151215,0.412987,0.305766,0.518445,0.469840,1,2.624756
1644834600804.454,148929271058,11765668413,989.402790,559.602767,2.586060,1,-34.357609,73.226440,562.407776,7.559839,181.950363,0.572098,0.257124,0.514594,0.457352,1,2.552185,1,28.582397,58.890953,561.072388,8.305473,176.484299,0.412888,0.305865,0.516034,0.475319,1,2.619934
1644834600814.46,148929282161,11765679516,989.526043,558.392715,2.606598,1,-34.342075,73.203117,562.395569,7.182098,182.755432,0.572061,0.257198,0.513865,0.454706,1,2.597046,1,28.591949,58.843571,561.033875,8.749694,176.292755,0.412859,0.306012,0.516891,0.475949,1,2.616150
1644834600826.455,148929293264,11765690619,983.766632,562.228578,2.611221,1,-34.320065,73.156181,562.479919,5.043410,181.680725,0.571993,0.257393,0.509736,0.458238,1,2.604050,1,28.602621,58.792538,561.096313,7.780689,175.422516,0.412840,0.306206,0.515021,0.478809,1,2.618393
1644834600837.459,148929304367,11765701722,970.313644,558.641517,2.612396,1,-34.313072,73.089783,562.609558,0.192425,183.275253,0.571956,0.257674,0.500372,0.452997,1,2.606873,1,28.599106,58.736500,561.185974,5.372635,175.646790,0.412861,0.306427,0.510372,0.478072,1,2.617920
1644834600848.457,148929315470,11765712825,964.430408,559.423828,2.613770,1,-34.313072,73.089783,562.609558,0.192425,183.275253,0.571956,0.257674,0.500372,0.452997,1,2.606873,1,28.597580,58.694542,561.258179,2.198161,175.250107,0.412875,0.306594,0.504243,0.479376,1,2.620667
1644834600860.461,148929326573,11765723928,954.297724,558.898330,2.608688,1,-34.289726,73.051842,562.741394,-2.187464,183.601456,0.571877,0.257860,0.495777,0.451925,1,2.600937,1,28.612234,58.639240,561.355835,-0.889355,175.190369,0.412851,0.306815,0.498283,0.479572,1,2.616440
1644834600871.457,148929337676,11765735031,952.489529,555.513704,2.608421,1,-34.219643,72.986366,562.719360,-2.616042,184.444168,0.571704,0.258072,0.494950,0.449155,1,2.598434,1,28.632269,58.552937,561.339050,-1.436426,176.063797,0.412799,0.307101,0.497227,0.476701,1,2.618408
1644834600881.457,148929348779,11765746134,954.408617,555.743551,2.587639,1,-34.207024,72.982765,562.732056,-2.148134,183.212784,0.571670,0.258090,0.495853,0.453202,1,2.554794,1,28.655203,58.494953,561.389893,-0.868833,177.178635,0.412748,0.307315,0.498323,0.473037,1,2.620483
1644834600893.458,148929359883,11765757238,956.798716,551.724404,2.588974,1,-34.161972,72.942032,562.711487,-2.318828,183.559662,0.571560,0.258219,0.495523,0.452062,1,2.554199,1,28.666815,58.397743,561.362915,0.591495,178.869659,0.412716,0.307634,0.501142,0.467478,1,2.623749
1644834600904.458,148929370986,11765768341,956.596785,553.913713,2.588806,1,-34.128094,72.929764,562.817627,-3.065474,182.881622,0.571458,0.258307,0.494082,0.454291,1,2.550674,1,28.686386,58.342270,561.455627,1.229182,178.437607,0.412679,0.307854,0.502373,0.468899,1,2.626938
1644834600914.4558,148929382089,11765779444,955.947962,555.380309,2.590172,1,-34.115437,72.917534,562.854431,-3.189471,182.802811,0.571421,0.258364,0.493843,0.454550,1,2.549667,1,28.698202,58.305607,561.490479,1.003074,177.772812,0.412654,0.307990,0.501936,0.471084,1,2.630676
1644834600928.455,148929393193,11765790547,956.404552,559.949362,2.592491,1,-34.108368,72.924393,563.059875,-2.774984,182.452042,0.571371,0.258431,0.494643,0.455703,1,2.551300,1,28.718012,58.303993,561.685059,0.834956,175.806870,0.412629,0.308064,0.501612,0.477546,1,2.633682
1644834600937.457,148929404296,11765801650,956.590834,560.504472,2.591949,1,-34.109692,72.935280,563.268127,-2.187089,182.409851,0.571343,0.258485,0.495778,0.455842,1,2.553116,1,28.729731,58.302090,561.876160,0.347610,175.567581,0.412624,0.308137,0.500671,0.478333,1,2.630783
1644834600947.4749,148929415399,11765812753,956.762466,557.128197,2.610947,1,-34.108044,72.940262,563.383728,-2.482140,183.473785,0.571321,0.258519,0.495208,0.452344,1,2.597244,1,28.733356,58.304604,562.028625,0.735246,176.215530,0.412635,0.308182,0.501419,0.476203,1,2.624649
1644834600959.457,148929426502,11765823856,953.104563,556.555885,2.613869,1,-34.102688,72.971992,563.602173,-4.193073,183.372925,0.571274,0.258508,0.491905,0.452676,1,2.601456,1,28.736069,58.309498,562.191284,0.472425,176.606613,0.412649,0.308222,0.500912,0.474917,1,2.626282
1644834600970.457,148929437605,11765834959,953.600693,558.403248,2.617691,1,-34.110062,73.019455,563.825989,-3.920782,182.365768,0.571259,0.258446,0.492431,0.455987,1,2.607971,1,28.736353,58.319565,562.350098,0.467850,176.677094,0.412669,0.308243,0.500903,0.474685,1,2.627411
1644834600981.457,148929448709,11765846063,952.773714,560.718173,2.599068,1,-34.109447,73.026939,563.830444,-3.750583,181.780777,0.571256,0.258423,0.492759,0.457909,1,2.564819,1,28.729031,58.328316,562.443970,-0.148581,176.088287,0.412700,0.308247,0.499713,0.476621,1,2.633316
1644834600993.457,148929459812,11765857166,951.250935,562.324458,2.593163,1,-34.117119,73.045166,563.907959,-3.617677,181.496170,0.571264,0.258395,0.493016,0.458845,1,2.559067,1,28.718376,58.329964,562.514526,-1.103110,175.558441,0.412736,0.308266,0.497870,0.478362,1,2.627258
1644834601004.456,148929470915,11765868269,948.507042,564.028984,2.593033,1,-34.123798,73.056030,563.967224,-4.306641,181.349014,0.571272,0.258384,0.491686,0.459329,1,2.557434,1,28.701420,58.324089,562.567383,-1.894720,174.841339,0.412785,0.308303,0.496342,0.480720,1,2.628632
1644834601014.456,148929482018,11765879372,949.252825,563.160557,2.586662,1,-34.134243,73.062164,564.012817,-3.809911,181.369446,0.571291,0.258383,0.492645,0.459262,1,2.550369,1,28.682709,58.314369,562.617859,-1.989044,175.261230,0.412839,0.308354,0.496160,0.479339,1,2.622955
1644834601026.456,148929493121,11765890475,950.784817,562.555164,2.593918,1,-34.148945,73.064934,564.063538,-2.964852,181.870331,0.571320,0.258396,0.494276,0.457615,1,2.559357,1,28.654783,58.300522,562.666992,-2.007463,175.067261,0.412916,0.308417,0.496125,0.479977,1,2.628479
1644834601037.456,148929504224,11765901578,952.660875,560.631555,2.596107,1,-34.155235,73.056885,564.092041,-2.913642,182.597458,0.571332,0.258435,0.494375,0.455225,1,2.563507,1,28.623055,58.271633,562.693909,-1.046363,175.315491,0.413000,0.308523,0.497980,0.479161,1,2.628708
1644834601048.4568,148929515328,11765912681,952.808418,562.380302,2.603378,1,-34.154366,73.053154,564.159180,-3.304778,181.972549,0.571320,0.258477,0.493620,0.457279,1,2.573090,1,28.616323,58.245682,562.768738,-0.575617,175.053726,0.413027,0.308636,0.498889,0.480021,1,2.633667
1644834601060.456,148929526431,11765923784,964.743176,562.418890,2.603790,1,-34.124073,73.038681,564.274170,-0.366055,181.593506,0.571226,0.258576,0.499293,0.458525,1,2.572876,1,28.631857,58.199951,562.876892,2.925452,175.413223,0.413002,0.308828,0.505648,0.478840,1,2.634705
1644834601071.457,148929537535,11765934888,981.063423,565.592444,2.601608,1,-34.059788,72.997482,564.231201,4.886910,180.590866,0.571071,0.258697,0.509434,0.461821,1,2.567932,1,28.673731,58.129662,562.830994,6.478623,174.806747,0.412891,0.309049,0.512507,0.480833,1,2.635284
1644834601081.461,148929548638,11765945991,996.974545,568.527335,2.599022,1,-34.010902,72.978722,564.290710,9.523984,179.623550,0.570939,0.258787,0.518386,0.465000,1,2.564911,1,28.724699,58.077507,562.893921,10.426913,174.285965,0.412771,0.309247,0.520129,0.482545,1,2.633133
1644834601093.456,148929559741,11765957094,1008.479004,565.558630,2.596695,1,-33.946293,72.936737,564.353638,12.326583,180.226074,0.570767,0.258956,0.523796,0.463020,1,2.562378,1,28.767944,58.003704,562.945984,13.831890,175.188721,0.412669,0.309515,0.526703,0.479578,1,2.631012
1644834601104.455,148929570844,11765968197,1013.687668,563.074583,2.602188,1,-33.911236,72.928619,564.654541,14.000158,180.500809,0.570633,0.259115,0.527027,0.462117,1,2.569122,1,28.814531,57.962769,563.220154,14.968839,176.173477,0.412588,0.309748,0.528897,0.476341,1,2.635254
1644834601114.4568,148929581947,11765979300,1011.154747,561.691189,2.603676,1,-33.879761,72.901146,564.711487,12.864986,181.073380,0.570546,0.259232,0.524836,0.460235,1,2.570297,1,28.835577,57.914246,563.280212,14.737258,176.302368,0.412543,0.309932,0.528450,0.475917,1,2.637054
1644834601126.456,148929593050,11765990403,1009.029465,563.590586,2.607758,1,-33.858139,72.881065,564.799866,12.994612,181.312866,0.570478,0.259338,0.525086,0.459447,1,2.575775,1,28.856699,57.872364,563.362183,13.460917,175.099777,0.412500,0.310101,0.525986,0.479870,1,2.639740
1644834601137.4568,148929604153,11766001506,1007.884655,562.296456,2.604279,1,-33.852238,72.863937,564.932983,12.126438,182.176239,0.570443,0.259453,0.523410,0.456609,1,2.572159,1,28.861652,57.832672,563.484802,13.711360,174.892563,0.412504,0.310277,0.526470,0.480551,1,2.636398
1644834601148.456,148929615256,11766012609,1008.614788,561.491829,2.606674,1,-33.863586,72.857544,565.015076,11.805200,182.437943,0.570460,0.259510,0.522790,0.455749,1,2.572540,1,28.854805,57.802826,563.576599,14.426570,175.038834,0.412534,0.310409,0.527851,0.480070,1,2.640808
1644834601159.457,148929626360,11766023713,1008.723507,559.514326,2.608337,1,-33.898392,72.845055,565.112671,11.823290,181.945541,0.570533,0.259594,0.522825,0.457368,1,2.573425,1,28.828131,57.753571,563.674683,14.467154,176.533936,0.412614,0.310608,0.527929,0.475156,1,2.643250
1644834601170.012,148929637463,11766034816,1009.503822,562.056041,2.601906,1,-33.943501,72.836365,565.233643,11.486514,181.103958,0.570629,0.259675,0.522175,0.460134,1,2.577072,1,28.794327,57.725815,563.634216,15.224935,176.086731,0.412694,0.310687,0.529392,0.476626,1,2.626740
1644834601182.0159,148929648567,11766045919,1012.157707,563.676220,2.607903,1,-33.989235,72.824059,565.299683,12.489600,181.421982,0.570734,0.259744,0.524111,0.459089,1,2.584641,1,28.727915,57.679016,563.752502,15.653873,174.947250,0.412877,0.310884,0.530220,0.480372,1,2.631165
1644834601193.014,148929659670,11766057022,1012.130470,565.807217,2.605530,1,-34.063354,72.802010,565.430603,11.731393,182.242874,0.570901,0.259873,0.522647,0.456391,1,2.582901,1,28.641504,57.640530,563.955078,16.397360,173.045868,0.413122,0.311081,0.531655,0.486621,1,2.628159
1644834601204.0142,148929670773,11766068125,1012.368164,559.874171,2.618378,1,-34.147423,72.767609,565.495178,12.416111,183.788101,0.571103,0.260015,0.523969,0.451311,1,2.585953,1,28.624819,57.622871,564.066284,15.840921,174.508957,0.413178,0.311179,0.530581,0.481812,1,2.650803
1644834601215.015,148929681876,11766079228,1010.980911,555.057156,2.635811,1,-34.176395,72.753731,565.558289,12.123060,185.603012,0.571167,0.260089,0.523403,0.445346,1,2.624603,1,28.578817,57.598377,564.188293,15.385454,175.136414,0.413310,0.311302,0.529702,0.479750,1,2.647018
1644834601226.013,148929692979,11766090331,1013.516064,553.721505,2.638184,1,-34.278381,72.766647,565.811401,13.497764,185.537033,0.571385,0.260153,0.526057,0.445563,1,2.627930,1,28.536175,57.575542,564.379517,15.378649,175.879654,0.413442,0.311444,0.529688,0.477307,1,2.648438
1644834601237.018,148929704082,11766101434,1011.794300,557.316381,2.637375,1,-34.353710,72.776772,565.958252,13.941465,184.492172,0.571552,0.260182,0.526914,0.448997,1,2.623566,1,28.505259,57.560406,564.486267,14.005924,175.101776,0.413534,0.311530,0.527038,0.479864,1,2.651184
1644834601248.013,148929715186,11766112538,1010.600338,559.611994,2.619484,1,-34.360275,72.785629,565.995361,13.449724,183.574829,0.571563,0.260168,0.525965,0.452012,1,2.581970,1,28.491478,57.552422,564.603821,13.853478,174.855103,0.413584,0.311597,0.526744,0.480674,1,2.656998
1644834601260.0269,148929726289,11766123641,1008.346596,557.959843,2.621902,1,-34.384930,72.794556,566.153137,12.703462,183.145798,0.571601,0.260206,0.524524,0.453423,1,2.585083,1,28.480715,57.525494,564.751709,13.383641,176.121841,0.413630,0.311738,0.525837,0.476511,1,2.658722
1644834601271.012,148929737392,11766134744,1010.605145,556.126982,2.624161,1,-34.418690,72.807854,566.346619,13.241731,182.599274,0.571656,0.260244,0.525563,0.455219,1,2.592880,1,28.477343,57.499477,564.930542,14.064043,177.597702,0.413662,0.311886,0.527151,0.471659,1,2.655441
1644834601281.016,148929748495,11766145847,1011.432209,553.647995,2.646034,1,-34.430962,72.806152,566.422729,13.666787,183.202682,0.571676,0.260282,0.526384,0.453236,1,2.638031,1,28.472591,57.467644,565.008789,14.085253,178.251282,0.413684,0.312019,0.527192,0.469511,1,2.654037
1644834601293.0132,148929759598,11766156950,1014.713688,555.171847,2.643555,1,-34.462566,72.792343,566.539246,14.267253,183.031769,0.571738,0.260378,0.527543,0.453797,1,2.632111,1,28.454815,57.433182,565.097168,15.255412,177.649536,0.413740,0.312165,0.529451,0.471489,1,2.654999
1644834601304.012,148929770702,11766168053,1011.123734,553.698188,2.642288,1,-34.486797,72.759491,566.736267,12.100547,184.731873,0.571769,0.260573,0.523360,0.448209,1,2.627090,1,28.436687,57.397133,565.231323,15.485009,176.696655,0.413803,0.312331,0.529894,0.474621,1,2.657486
1644834601315.1519,148929781805,11766179156,1013.131657,557.750183,2.622498,1,-34.503170,72.751205,566.736267,12.511210,183.803726,0.571810,0.260600,0.524153,0.451260,1,2.586426,1,28.410715,57.362125,565.337524,16.157804,175.570267,0.413882,0.312484,0.531193,0.478324,1,2.658569
1644834601326.149,148929792908,11766190259,1017.973595,556.749380,2.625252,1,-34.520153,72.727043,566.855652,14.103410,184.433868,0.571835,0.260732,0.527227,0.449189,1,2.589890,1,28.405668,57.308403,565.450317,17.178238,175.447617,0.413910,0.312702,0.533163,0.478727,1,2.660614
1644834601337.149,148929804012,11766201363,1033.762836,559.584457,2.628777,1,-34.502373,72.694321,566.759521,18.540565,183.897217,0.571805,0.260800,0.535793,0.450953,1,2.592316,1,28.402914,57.241501,565.356384,21.260681,174.546707,0.413905,0.312894,0.541044,0.481688,1,2.665237
1644834601348.1519,148929815115,11766212466,1048.489094,558.969694,2.635979,1,-34.481571,72.704865,566.913330,22.448492,183.316650,0.571729,0.260832,0.543337,0.452861,1,2.600616,1,28.429346,57.210556,565.503967,25.298807,175.438995,0.413858,0.313048,0.548839,0.478755,1,2.671341
1644834601360.152,148929826218,11766223569,1065.817623,562.343502,2.638130,1,-34.469341,72.720665,567.073914,26.864799,182.397217,0.571674,0.260848,0.551862,0.455883,1,2.603409,1,28.447136,57.195541,565.662415,30.232683,174.647751,0.413833,0.313153,0.558364,0.481356,1,2.672852
1644834601371.151,148929837321,11766234672,1073.161411,558.171111,2.641312,1,-34.499081,72.770226,567.543274,29.369371,182.773560,0.571678,0.260883,0.556698,0.454646,1,2.609116,1,28.466234,57.200768,566.126404,31.690697,176.386963,0.413844,0.313292,0.561179,0.475639,1,2.673508
1644834601381.15,148929848424,11766245775,1078.279552,556.698239,2.631676,1,-34.525723,72.780502,567.656677,31.656635,182.594849,0.571727,0.260897,0.561113,0.455234,1,2.589203,1,28.458088,57.190758,566.235168,32.165047,177.312515,0.413879,0.313362,0.562095,0.472597,1,2.674149
1644834601393.157,148929859527,11766256878,1076.495190,552.952909,2.633118,1,-34.558723,72.776825,567.809570,31.391960,184.085007,0.571787,0.260975,0.560602,0.450335,1,2.591827,1,28.445812,57.170288,566.388062,31.466946,177.721405,0.413929,0.313482,0.560747,0.471253,1,2.674408
1644834601404.155,148929870630,11766267981,1077.638111,552.678877,2.631142,1,-34.593998,72.747314,567.801086,31.635021,184.239944,0.571877,0.261069,0.561071,0.449826,1,2.588867,1,28.418192,57.138020,566.378052,31.840609,177.705429,0.413997,0.313586,0.561468,0.471305,1,2.673416
1644834601415.16,148929881733,11766279084,1071.724262,552.428162,2.639229,1,-34.620068,72.724625,567.853638,29.591923,185.326294,0.571934,0.261167,0.557127,0.446255,1,2.605957,1,28.403208,57.124737,566.426331,30.692665,176.746170,0.414041,0.313647,0.559252,0.474458,1,2.672501
1644834601426.158,148929892837,11766290188,1072.835655,551.021773,2.639618,1,-34.674694,72.698540,567.891846,29.936922,185.315384,0.572066,0.261270,0.557793,0.446291,1,2.605682,1,28.361584,57.095592,566.468628,30.947367,177.470108,0.414151,0.313758,0.559744,0.472079,1,2.673553
1644834601437.15,148929903941,11766301291,1074.366817,551.106226,2.642830,1,-34.758896,72.700836,568.047607,30.611134,184.282166,0.572253,0.261327,0.559095,0.449687,1,2.609268,1,28.315002,57.084309,566.631104,31.099339,178.460541,0.414289,0.313849,0.560037,0.468823,1,2.676392
1644834601448.152,148929915044,11766312394,1077.036610,552.791315,2.644028,1,-34.823071,72.689865,568.096313,31.372206,183.944687,0.572406,0.261384,0.560564,0.450797,1,2.610565,1,28.269714,57.081646,566.681702,31.778811,177.943680,0.414409,0.313875,0.561349,0.470522,1,2.677490
1644834601459.152,148929926147,11766323497,1076.841145,551.427341,2.642662,1,-34.911842,72.670456,568.172546,30.850380,184.028702,0.572617,0.261480,0.559557,0.450520,1,2.611633,1,28.198843,57.079113,566.767395,32.195187,178.551208,0.414597,0.313911,0.562153,0.468525,1,2.673691
1644834601470.155,148929937250,11766334600,1074.412937,548.752105,2.639809,1,-34.990696,72.626755,568.124451,29.724049,185.316040,0.572823,0.261604,0.557382,0.446289,1,2.608200,1,28.115669,57.074364,566.724426,32.011307,178.620316,0.414801,0.313911,0.561798,0.468298,1,2.671417
1644834601481.152,148929948353,11766345703,1073.011265,548.113579,2.637398,1,-35.052921,72.607445,568.115112,28.964117,185.717133,0.572980,0.261663,0.555915,0.444971,1,2.603348,1,28.065533,57.081741,566.720703,32.014893,178.543030,0.414926,0.313885,0.561805,0.468552,1,2.671448
1644834601493.154,148929959456,11766356806,1073.519840,548.078012,2.640915,1,-35.134510,72.588463,568.104187,28.772655,185.962555,0.573186,0.261721,0.555546,0.444164,1,2.606186,1,27.989010,57.091400,566.718689,32.480759,178.315659,0.415117,0.313851,0.562704,0.469299,1,2.675644
1644834601504.153,148929970559,11766367909,1076.669312,548.355746,2.642593,1,-35.224964,72.566948,568.102844,29.364639,185.609360,0.573413,0.261791,0.556688,0.445325,1,2.609299,1,27.920883,57.087620,566.728394,33.588211,178.528030,0.415290,0.313866,0.564842,0.468601,1,2.675888
1644834601514.156,148929981663,11766379013,1078.590374,547.120750,2.638481,1,-35.290070,72.545464,568.089172,30.172092,184.869492,0.573579,0.261856,0.558247,0.447757,1,2.607422,1,27.881130,57.068302,566.723999,33.817329,179.894058,0.415389,0.313928,0.565284,0.464111,1,2.669540
1644834601526.1519,148929992766,11766390116,1078.681583,549.055624,2.638145,1,-35.363506,72.502350,568.118164,31.050667,184.876862,0.573759,0.262011,0.559943,0.447732,1,2.610123,1,27.836803,57.053104,566.761658,32.988018,178.905609,0.415505,0.313991,0.563683,0.467360,1,2.666168
1644834601537.154,148930003869,11766401219,1077.100754,554.543245,2.636658,1,-35.422131,72.452919,568.096252,30.698479,184.388214,0.573910,0.262166,0.559263,0.449339,1,2.608215,1,27.794029,57.032608,566.747253,32.487171,176.611816,0.415611,0.314054,0.562716,0.474900,1,2.665100
1644834601548.1519,148930014972,11766412322,1077.471085,553.985202,2.639351,1,-35.463520,72.419296,568.135620,30.807974,185.177017,0.574007,0.262294,0.559475,0.446746,1,2.610138,1,27.773851,57.012497,566.789307,32.577522,176.105927,0.415667,0.314135,0.562891,0.476563,1,2.668564
1644834601559.154,148930026076,11766423425,1089.588604,555.409223,2.642151,1,-35.486805,72.400368,568.171570,34.024857,183.883942,0.574060,0.262372,0.565685,0.450996,1,2.608353,1,27.774834,56.975620,566.836060,35.899048,176.676956,0.415670,0.314274,0.569303,0.474686,1,2.675949
1644834601570.153,148930037179,11766434528,1111.991901,553.787166,2.640465,1,-35.471237,72.367455,568.063843,40.823746,183.766586,0.574038,0.262436,0.578810,0.451382,1,2.610687,1,27.804327,56.935318,566.731506,41.188606,177.616776,0.415584,0.314374,0.579515,0.471597,1,2.670242
1644834601581.1519,148930048282,11766445631,1128.445244,554.640037,2.643288,1,-35.439358,72.354134,568.002747,45.095791,183.388214,0.573968,0.262455,0.587057,0.452626,1,2.614502,1,27.825762,56.919861,566.673584,45.794498,177.562668,0.415523,0.314407,0.588406,0.471774,1,2.672073
1644834601593.1511,148930059385,11766456734,1140.663242,553.722703,2.641838,1,-35.428139,72.330978,567.880493,48.182133,183.956879,0.573959,0.262480,0.593016,0.450756,1,2.616959,1,27.833765,56.912136,566.547729,49.300789,177.459152,0.415487,0.314391,0.595175,0.472115,1,2.666718
1644834601604.1528,148930070489,11766467838,1144.379539,551.154488,2.641586,1,-35.465687,72.362450,568.157715,48.433517,184.998810,0.574010,0.262493,0.593501,0.447332,1,2.613846,1,27.827379,56.949356,566.822021,51.054661,177.719437,0.415537,0.314358,0.598561,0.471259,1,2.669327
1644834601614.1519,148930081592,11766478941,1144.485340,550.967467,2.642029,1,-35.508980,72.378242,568.272949,48.958813,184.940338,0.574100,0.262489,0.594515,0.447524,1,2.613205,1,27.818300,56.975731,566.945435,50.586422,177.872772,0.415575,0.314311,0.597657,0.470755,1,2.670853
1644834601626.153,148930092695,11766490044,1144.454842,552.442163,2.638519,1,-35.580650,72.406258,568.478821,49.573860,185.537766,0.574248,0.262482,0.595702,0.445560,1,2.608734,1,27.801985,57.030247,567.148987,49.954967,176.527618,0.415640,0.314197,0.596438,0.475177,1,2.668304
1644834601637.1519,148930103798,11766501147,1143.910046,552.845925,2.641838,1,-35.655338,72.410500,568.540527,49.443451,185.651047,0.574425,0.262493,0.595451,0.445188,1,2.608688,1,27.768019,57.065605,567.212952,49.791397,176.209610,0.415733,0.314100,0.596122,0.476222,1,2.674988
1644834601648.152,148930114901,11766512250,1143.450680,552.314097,2.637650,1,-35.713497,72.413719,568.583252,49.153530,185.644989,0.574564,0.262500,0.594891,0.445208,1,2.607803,1,27.728088,57.088531,567.264526,49.833462,176.485291,0.415839,0.314040,0.596204,0.475316,1,2.667496
1644834601659.152,148930126004,11766523353,1142.437420,547.686446,2.637589,1,-35.797737,72.406189,568.595093,48.557941,185.932510,0.574773,0.262528,0.593741,0.444263,1,2.604630,1,27.664368,57.103073,567.285950,49.882298,178.544174,0.416002,0.313998,0.596298,0.468548,1,2.670547
1644834601670.151,148930137107,11766534456,1143.114624,544.801909,2.636406,1,-35.899090,72.398521,568.566711,48.720531,186.134949,0.575031,0.262540,0.594055,0.443597,1,2.603836,1,27.587784,57.118164,567.270752,50.085117,179.804321,0.416192,0.313941,0.596689,0.464406,1,2.668976
1644834601681.153,148930148210,11766545559,1143.735237,545.430243,2.639252,1,-35.973660,72.391739,568.541870,48.366634,186.104904,0.575222,0.262551,0.593372,0.443696,1,2.602295,1,27.522921,57.144264,567.252808,50.773872,179.515778,0.416352,0.313847,0.598019,0.465355,1,2.676208
1644834601693.1501,148930159315,11766556663,1144.591427,547.814816,2.638130,1,-36.084583,72.381783,568.478394,48.173409,185.718552,0.575509,0.262556,0.592999,0.444966,1,2.597870,1,27.433907,57.182281,567.201538,51.429039,178.693100,0.416568,0.313701,0.599284,0.468059,1,2.678391
1644834601703.154,148930170418,11766567766,1146.271248,550.559610,2.627869,1,-36.192234,72.350258,568.333496,48.447315,185.877686,0.575802,0.262598,0.593528,0.444443,1,2.597916,1,27.378292,57.209831,567.137695,52.061573,177.142227,0.416700,0.313587,0.600505,0.473157,1,2.657822
1644834601714.153,148930181521,11766578869,1145.722790,548.133534,2.629745,1,-36.258091,72.326279,568.236145,48.645557,186.106644,0.575983,0.262636,0.593910,0.443690,1,2.600555,1,27.288155,57.223381,566.988953,51.567410,178.143341,0.416907,0.313491,0.599551,0.469866,1,2.658936
1644834601726.1528,148930192624,11766589972,1147.970409,544.703579,2.633575,1,-36.351734,72.297035,568.160828,49.162052,185.885193,0.576230,0.262700,0.594907,0.444418,1,2.607544,1,27.170322,57.229465,566.891602,52.263668,180.103912,0.417191,0.313436,0.600895,0.463421,1,2.659607
1644834601737.154,148930203727,11766601075,1148.114033,548.372430,2.646973,1,-36.450745,72.280769,568.127197,49.838596,184.716675,0.576483,0.262738,0.596213,0.448259,1,2.609955,1,27.147778,57.245033,566.898804,51.664623,179.412186,0.417248,0.313386,0.599739,0.465695,1,2.683990
1644834601748.167,148930214830,11766612178,1147.873306,548.072970,2.646080,1,-36.517841,72.264954,568.125549,49.818996,185.218094,0.576652,0.262789,0.596176,0.446611,1,2.610672,1,27.103806,57.263287,566.906128,51.554344,179.062622,0.417359,0.313327,0.599526,0.466844,1,2.681488
1644834601759.1528,148930225933,11766623281,1138.210373,548.223853,2.644035,1,-36.616810,72.242683,568.130920,46.956516,186.442230,0.576899,0.262864,0.590650,0.442587,1,2.612946,1,27.035698,57.300545,566.923645,49.202854,177.761963,0.417532,0.313207,0.594986,0.471119,1,2.675125
1644834601770.155,148930237036,11766634384,1126.725655,544.459140,2.650223,1,-36.736565,72.217369,568.199097,43.350845,188.375763,0.577188,0.262976,0.583689,0.436232,1,2.622482,1,26.954781,57.333740,567.003906,46.611607,177.737350,0.417744,0.313122,0.589984,0.471200,1,2.677963
1644834601781.152,148930248140,11766645488,1120.993938,544.802284,2.647301,1,-36.816288,72.202545,568.208679,41.734406,187.675278,0.577386,0.263029,0.580568,0.438534,1,2.616669,1,26.889036,57.344006,567.028198,45.135292,178.263855,0.417912,0.313095,0.587134,0.469470,1,2.677933
1644834601792.1519,148930259243,11766656591,1120.595856,546.215594,2.648575,1,-36.929211,72.163994,568.200012,42.509087,187.360779,0.577671,0.263152,0.582064,0.439568,1,2.613770,1,26.812454,57.353008,567.035400,44.145824,177.861694,0.418104,0.313066,0.585224,0.470792,1,2.683380
1644834601804.153,148930270346,11766667694,1120.878754,552.672619,2.641464,1,-37.031765,72.113281,568.057251,43.231277,185.022934,0.577952,0.263259,0.583458,0.447252,1,2.607315,1,26.736643,57.341011,566.914124,43.576294,176.925522,0.418280,0.313065,0.584124,0.473869,1,2.675613
1644834601913.34,148930281450,11766678797,1121.695061,552.375269,2.644753,1,-37.103146,72.068161,567.985840,43.628487,185.457260,0.578143,0.263378,0.584225,0.445825,1,2.612442,1,26.681030,57.327248,566.850769,43.619541,176.642029,0.418412,0.313088,0.584208,0.474801,1,2.677063
1644834601914.33,148930292553,11766689900,1120.284004,553.295714,2.643059,1,-37.204685,72.007973,567.841614,42.850506,184.558914,0.578421,0.263516,0.582723,0.448778,1,2.610107,1,26.591042,57.295727,566.723877,43.636150,177.073639,0.418623,0.313150,0.584240,0.473382,1,2.676010
1644834601915.336,148930303656,11766701003,1121.424007,548.454291,2.640854,1,-37.318340,71.948311,567.752930,42.829571,185.863251,0.578721,0.263676,0.582682,0.444490,1,2.605972,1,26.496891,57.265327,566.657959,44.272194,178.224136,0.418852,0.313228,0.585468,0.469600,1,2.675735
1644834601916.334,148930314759,11766712106,1120.376759,547.468793,2.640518,1,-37.392899,71.917572,567.680725,42.113472,186.506958,0.578920,0.263747,0.581300,0.442374,1,2.603836,1,26.429001,57.257099,566.597839,44.423237,178.080078,0.419015,0.313234,0.585759,0.470074,1,2.677200
1644834601916.334,148930325862,11766723209,1119.115677,544.874543,2.641502,1,-37.492352,71.890862,567.595093,41.714916,187.777664,0.579184,0.263799,0.580531,0.438197,1,2.602417,1,26.343098,57.262810,566.526978,44.141300,178.124771,0.419222,0.313190,0.585215,0.469927,1,2.680588
1644834601916.334,148930336966,11766734313,1119.686222,544.519901,2.642044,1,-37.591835,71.867722,567.440613,42.294197,187.669876,0.579459,0.263809,0.581649,0.438552,1,2.601318,1,26.263611,57.278679,566.392578,43.869877,178.412384,0.419406,0.313090,0.584691,0.468981,1,2.682770
1644834601917.331,148930348069,11766745416,1120.344715,543.409717,2.641983,1,-37.655041,71.856331,567.341980,43.015293,187.563522,0.579634,0.263804,0.583041,0.438901,1,2.603561,1,26.214027,57.288837,566.303040,43.504082,179.081711,0.419520,0.313025,0.583985,0.466782,1,2.680405
1644834601917.331,148930359172,11766756519,1122.515259,541.589391,2.640221,1,-37.735859,71.837425,567.200134,43.306484,186.687653,0.579860,0.263806,0.583603,0.441780,1,2.606277,1,26.138296,57.286667,566.172974,44.384052,180.880539,0.419695,0.312988,0.585684,0.460869,1,2.674164
1644834601917.331,148930370275,11766767622,1120.594883,539.341182,2.640419,1,-37.795143,71.808823,567.076172,41.373463,186.755219,0.580030,0.263848,0.579872,0.441558,1,2.605270,1,26.071468,57.278900,566.064453,45.280861,181.952896,0.419850,0.312976,0.587415,0.457344,1,2.675568
1644834601917.331,148930381378,11766778725,1118.214512,543.799245,2.640823,1,-37.834846,71.793259,567.022827,40.650097,185.998138,0.580139,0.263877,0.578475,0.444047,1,2.602341,1,26.038998,57.281223,566.016724,44.719868,180.449539,0.419926,0.312952,0.586332,0.462285,1,2.679306
1644834601925.884,148930392481,11766789828,1116.590023,543.424255,2.646385,1,-37.902161,71.755043,567.019653,40.479809,187.020126,0.580308,0.264002,0.578146,0.440688,1,2.605347,1,26.004557,57.279881,566.021484,44.013611,179.617691,0.420013,0.312957,0.584968,0.465020,1,2.687424
1644834601937.613,148930403584,11766800931,1118.277969,545.149451,2.645309,1,-37.987164,71.722527,567.088074,41.949848,187.187820,0.580511,0.264139,0.580984,0.440136,1,2.607346,1,25.966454,57.284615,566.095642,43.454357,178.575287,0.420117,0.312966,0.583889,0.468446,1,2.683273
1644834601948.156,148930414688,11766812034,1119.666882,542.834008,2.644585,1,-38.039291,71.687851,567.113586,41.826927,187.185104,0.580638,0.264265,0.580747,0.440145,1,2.610001,1,25.926163,57.273624,566.130249,44.326736,179.751999,0.420222,0.313014,0.585573,0.464578,1,2.679169
1644834601959.757,148930425792,11766823138,1111.905384,543.449610,2.643257,1,-38.123260,71.640221,567.079712,39.051655,187.642761,0.580854,0.264408,0.575389,0.438641,1,2.609070,1,25.851215,57.270191,566.108521,42.914047,178.982239,0.420408,0.313017,0.582846,0.467108,1,2.677444
1644834601970.803,148930436895,11766834241,1101.170025,540.094095,2.647644,1,-38.251163,71.602005,567.134705,36.206478,189.173965,0.581167,0.264558,0.569897,0.433608,1,2.614471,1,25.761208,57.272026,566.177612,39.966576,179.152405,0.420642,0.313033,0.577156,0.466549,1,2.680817
1644834601980.988,148930447998,11766845344,1094.030228,540.162170,2.641525,1,-38.346130,71.577080,567.091370,34.745834,189.347092,0.581412,0.264621,0.567077,0.433039,1,2.608444,1,25.678181,57.274082,566.149353,37.574696,178.944702,0.420847,0.313015,0.572538,0.467232,1,2.674606
1644834601992.995,148930459101,11766856447,1090.780964,537.888676,2.638260,1,-38.465332,71.545265,567.005798,34.589622,188.860596,0.581726,0.264690,0.566775,0.434638,1,2.602936,1,25.570929,57.266838,566.079834,35.977619,180.583954,0.421109,0.313014,0.569455,0.461843,1,2.673584
1644834602003.988,148930470204,11766867550,1091.099739,538.277364,2.634270,1,-38.560852,71.493164,566.681702,34.664318,188.017334,0.582022,0.264725,0.566920,0.437410,1,2.594223,1,25.460821,57.246658,565.780273,36.074974,181.230164,0.421351,0.312979,0.569643,0.459719,1,2.674316
1644834602014.99,148930481307,11766878653,1091.655178,537.889588,2.638855,1,-38.632179,71.467850,566.543274,34.973583,188.696548,0.582225,0.264750,0.567517,0.435177,1,2.599457,1,25.391113,57.252113,565.653442,36.065361,180.747589,0.421512,0.312917,0.569624,0.461306,1,2.678253
1644834602025.988,148930492410,11766889756,1090.415840,538.806510,2.641464,1,-38.734348,71.435570,566.328613,34.560135,188.945374,0.582518,0.264766,0.566718,0.434359,1,2.596268,1,25.288870,57.250175,565.450256,35.810169,180.033813,0.421746,0.312853,0.569132,0.463652,1,2.686661
1644834602037.004,148930503513,11766900859,1090.987072,539.314646,2.643776,1,-38.849545,71.406052,566.162781,34.458977,188.437775,0.582836,0.264793,0.566523,0.436028,1,2.597397,1,25.179070,57.256599,565.305603,36.219543,180.283768,0.422006,0.312781,0.569922,0.462830,1,2.690155
1644834602047.9888,148930514617,11766911963,1089.965172,538.622868,2.645111,1,-38.923260,71.380463,566.020386,34.325230,188.045685,0.583046,0.264817,0.566265,0.437316,1,2.594757,1,25.105518,57.253540,565.174927,35.801899,181.026642,0.422176,0.312746,0.569116,0.460388,1,2.695465
1644834602058.99,148930525720,11766923066,1089.571667,541.785103,2.640976,1,-39.026123,71.346886,565.833984,34.395847,186.814209,0.583337,0.264850,0.566401,0.441364,1,2.593674,1,25.000969,57.268902,564.995422,35.518917,180.654739,0.422419,0.312632,0.568569,0.461611,1,2.688278
1644834602069.988,148930536824,11766934169,1087.486954,540.394950,2.649162,1,-39.124035,71.303909,565.609375,32.659798,186.353241,0.583623,0.264897,0.563050,0.442880,1,2.597107,1,24.880856,57.252113,564.796509,36.130093,181.820572,0.422699,0.312619,0.569749,0.457779,1,2.701218
1644834602081.0,148930547927,11766945272,1087.629318,541.097009,2.648232,1,-39.196243,71.275108,565.446594,31.764544,185.894119,0.583833,0.264923,0.561321,0.444389,1,2.595032,1,24.799496,57.248367,564.645203,37.102154,181.923691,0.422887,0.312579,0.571626,0.457440,1,2.701431
1644834602091.99,148930559030,11766956375,1087.508354,537.223917,2.647858,1,-39.306194,71.215698,565.191589,31.137583,186.664261,0.584155,0.265013,0.560111,0.441857,1,2.595413,1,24.676264,57.227459,564.398682,37.663815,183.117386,0.423170,0.312564,0.572710,0.453516,1,2.700302
1644834602102.989,148930570133,11766967478,1087.737122,537.602949,2.639450,1,-39.445816,71.152901,564.965515,32.358971,187.687149,0.584547,0.265126,0.562469,0.438495,1,2.589645,1,24.573931,57.244286,564.196777,36.565887,181.902298,0.423405,0.312438,0.570590,0.457510,1,2.689255
1644834602113.989,148930581236,11766978581,1087.856998,536.262918,2.643036,1,-39.546913,71.111092,564.827698,33.100132,188.177979,0.584826,0.265206,0.563900,0.436882,1,2.592667,1,24.484894,57.250912,564.069885,35.889454,182.090897,0.423615,0.312371,0.569285,0.456890,1,2.693405
1644834602125.9912,148930592339,11766989684,1087.636299,540.315324,2.643852,1,-39.692986,71.053932,564.637329,33.312668,187.683258,0.585228,0.265316,0.564310,0.438508,1,2.593521,1,24.346241,57.275276,563.890747,35.557835,180.530914,0.423945,0.312226,0.568644,0.462018,1,2.694183
1644834602136.993,148930603443,11767000788,1088.387718,547.853923,2.641388,1,-39.868244,71.006371,564.425598,34.029579,185.467529,0.585708,0.265383,0.565694,0.445791,1,2.591675,1,24.191076,57.292652,563.709412,35.246368,178.924240,0.424316,0.312104,0.568043,0.467299,1,2.691101
1644834602147.024,148930614546,11767011891,1088.020706,549.534434,2.639084,1,-39.982643,70.962753,564.287415,33.334347,185.134888,0.586021,0.265469,0.564352,0.446884,1,2.590729,1,24.077740,57.295734,563.589844,35.743565,178.404816,0.424589,0.312051,0.569003,0.469006,1,2.687439
1644834602158.99,148930625649,11767022994,1089.167061,548.946208,2.637497,1,-40.165440,70.895660,564.057373,34.171795,184.712326,0.586524,0.265595,0.565969,0.448273,1,2.587952,1,23.896910,57.287155,563.376221,35.524635,179.125626,0.425022,0.312004,0.568580,0.466637,1,2.687042
1644834602170.304,148930636752,11767034097,1084.889030,545.055807,2.633881,1,-40.361427,70.804077,563.804626,32.334084,185.440231,0.587065,0.265793,0.562421,0.445881,1,2.584595,1,23.705528,57.272045,563.161377,35.053997,180.370316,0.425482,0.311979,0.567672,0.462546,1,2.683167
1644834602180.296,148930647855,11767045200,1085.392227,546.643746,2.628052,1,-40.499603,70.752335,563.623291,32.490757,184.869827,0.587447,0.265888,0.562723,0.447756,1,2.576096,1,23.576509,57.273922,563.005676,35.168812,180.135590,0.425791,0.311918,0.567893,0.463317,1,2.680008
1644834602192.2961,148930658958,11767056303,1096.353664,546.087241,2.625465,1,-40.676964,70.675720,563.414673,35.317436,184.921875,0.587933,0.266055,0.568180,0.447584,1,2.573441,1,23.399422,57.271267,562.810974,38.256790,180.365677,0.426218,0.311858,0.573855,0.462561,1,2.677490
1644834602203.298,148930670062,11767067406,1118.023968,547.009224,2.630302,1,-40.827854,70.571571,563.025513,41.469391,184.779495,0.588386,0.266238,0.580057,0.448052,1,2.580276,1,23.243477,57.264961,562.458923,43.797787,180.040588,0.426575,0.311756,0.584552,0.463630,1,2.680328
1644834602214.298,148930681165,11767078509,1134.713116,546.658802,2.637268,1,-40.925362,70.512016,562.895508,46.810043,184.885422,0.588657,0.266382,0.590367,0.447704,1,2.586914,1,23.161142,57.266495,562.348083,47.462273,180.112411,0.426771,0.311712,0.591626,0.463394,1,2.687622
1644834602226.298,148930692269,11767089613,1148.613796,545.669568,2.639221,1,-41.081215,70.450203,562.779358,50.205498,184.732101,0.589073,0.266539,0.596922,0.448208,1,2.595078,1,23.011930,57.292164,562.252380,51.567432,180.767273,0.427138,0.311590,0.599551,0.461241,1,2.683365
1644834602237.299,148930703372,11767100716,1151.724586,542.614460,2.640739,1,-41.303284,70.425667,562.993713,50.727005,185.106598,0.589595,0.266709,0.597928,0.446977,1,2.594955,1,22.859905,57.349419,562.484863,52.724457,181.941833,0.427546,0.311475,0.601785,0.457380,1,2.686523
1644834602247.3062,148930714475,11767111819,1151.751709,541.608399,2.639038,1,-41.442093,70.402794,563.025818,50.718224,185.112762,0.589941,0.266798,0.597912,0.446957,1,2.595566,1,22.746824,57.384254,562.540649,52.747913,182.445816,0.427838,0.311375,0.601830,0.455723,1,2.682510
1644834602259.3,148930725578,11767122922,1151.023636,543.854874,2.642723,1,-41.650318,70.378677,563.091797,50.804729,184.846405,0.590455,0.266904,0.598079,0.447833,1,2.597366,1,22.588135,57.443913,562.638428,52.268494,181.573090,0.428248,0.311206,0.600904,0.458592,1,2.688080
1644834602270.302,148930736681,11767134025,1154.182606,543.182892,2.648933,1,-41.866238,70.329353,562.972168,52.085938,185.441360,0.591024,0.267016,0.600552,0.445877,1,2.604462,1,22.421814,57.480080,562.559570,52.691788,181.318848,0.428660,0.311054,0.601722,0.459428,1,2.693405
1644834602281.299,148930747784,11767145128,1153.485603,544.393641,2.649384,1,-41.990681,70.312492,562.904907,51.608200,185.125015,0.591351,0.267043,0.599630,0.446917,1,2.608963,1,22.305313,57.509430,562.510437,52.793480,181.021240,0.428949,0.310937,0.601918,0.460406,1,2.689804
1644834602292.2969,148930758887,11767156231,1155.164452,542.974985,2.649551,1,-42.176453,70.273125,562.794617,52.725517,185.272675,0.591842,0.267126,0.601787,0.446431,1,2.611282,1,22.149231,57.536167,562.427856,52.582024,181.592941,0.429335,0.310816,0.601510,0.458527,1,2.687820
1644834602303.2988,148930769990,11767167334,1154.748058,545.168245,2.646027,1,-42.377426,70.235756,562.708374,52.361858,185.112061,0.592367,0.267213,0.601085,0.446960,1,2.608185,1,21.983252,57.571934,562.378479,52.721024,180.641525,0.429750,0.310676,0.601778,0.461654,1,2.683868
1644834602314.579,148930781094,11767178438,1155.070553,542.596436,2.646805,1,-42.514473,70.199043,562.639160,52.434250,185.552963,0.592727,0.267305,0.601224,0.445510,1,2.605225,1,21.858896,57.577953,562.328979,52.822643,181.504593,0.430059,0.310637,0.601974,0.458817,1,2.688385
1644834602325.577,148930792198,11767189541,1155.704899,542.254168,2.644974,1,-42.685081,70.155380,562.551208,52.097980,185.991989,0.593176,0.267413,0.600575,0.444067,1,2.599930,1,21.691154,57.593464,562.266724,53.501160,181.239120,0.430477,0.310561,0.603284,0.459690,1,2.690018
1644834602336.582,148930803301,11767200644,1156.815376,542.393357,2.645683,1,-42.882732,70.107758,562.432007,52.722805,185.373093,0.593699,0.267520,0.601781,0.446101,1,2.601288,1,21.532381,57.598248,562.187378,53.475510,181.787430,0.430871,0.310516,0.603235,0.457888,1,2.690079
1644834602347.5781,148930814404,11767211747,1156.237278,541.494012,2.644173,1,-43.004009,70.072075,562.361633,52.396954,185.626541,0.594020,0.267609,0.601152,0.445268,1,2.597382,1,21.411541,57.603710,562.133789,53.489491,181.989944,0.431171,0.310477,0.603261,0.457222,1,2.690964
1644834602359.58,148930825507,11767222850,1154.717960,542.589337,2.645042,1,-43.167343,70.026711,562.294373,52.147163,186.097198,0.594447,0.267731,0.600670,0.443721,1,2.597748,1,21.267229,57.612259,562.091248,52.919445,180.963959,0.431532,0.310431,0.602161,0.460594,1,2.692337
1644834602370.579,148930836610,11767233953,1153.107948,542.598885,2.642563,1,-43.344643,69.974205,562.198669,51.580379,186.208847,0.594915,0.267865,0.599576,0.443354,1,2.597122,1,21.130535,57.617298,562.030273,52.617527,180.847473,0.431872,0.310391,0.601578,0.460977,1,2.688004
1644834602380.5781,148930847713,11767245056,1153.360348,545.129997,2.640503,1,-43.453175,69.944153,562.135620,51.547504,185.039536,0.595202,0.267938,0.599513,0.447198,1,2.592606,1,21.030802,57.621418,561.983276,52.786583,180.733414,0.432119,0.310360,0.601905,0.461352,1,2.688400
1644834602392.582,148930858816,11767256159,1153.493729,544.570148,2.642982,1,-43.591156,69.904335,562.056213,51.501160,184.389160,0.595568,0.268037,0.599423,0.449336,1,2.598709,1,20.914816,57.619350,561.924622,52.904896,181.667648,0.432407,0.310345,0.602133,0.458281,1,2.687256
1644834602403.5781,148930869920,11767267263,1149.452648,545.085418,2.640472,1,-43.738728,69.845512,561.967773,50.539631,184.197449,0.595959,0.268196,0.597567,0.449966,1,2.594742,1,20.794127,57.611176,561.864685,51.685902,181.598129,0.432707,0.310350,0.599780,0.458510,1,2.686203
1644834602413.585,148930881023,11767278366,1145.444069,541.438794,2.664619,1,-43.790611,69.818611,561.951294,50.306957,186.341415,0.596094,0.268279,0.597118,0.442918,1,2.647354,1,20.699787,57.600437,561.792114,49.755592,181.303131,0.432939,0.310360,0.596053,0.459480,1,2.681885
1644834602425.61,148930892126,11767289469,1138.422947,542.512196,2.660713,1,-43.962154,69.733971,561.784607,48.584770,185.476044,0.596563,0.268492,0.593793,0.445763,1,2.640808,1,20.577093,57.580322,561.681641,47.689323,181.624252,0.433239,0.310388,0.592064,0.458424,1,2.680618
1644834602436.575,148930903229,11767300572,1137.016182,538.789487,2.664070,1,-44.136406,69.628510,561.578918,48.154942,187.456787,0.597046,0.268760,0.592963,0.439252,1,2.643585,1,20.473074,57.565174,561.560181,47.360092,181.531082,0.433491,0.310396,0.591429,0.458730,1,2.684555
1644834602447.5852,148930914332,11767311675,1137.350578,542.150527,2.646843,1,-44.172958,69.618797,561.553406,48.126747,185.987991,0.597144,0.268781,0.592909,0.444080,1,2.603729,1,20.403570,57.552132,561.516724,47.568695,181.295639,0.433663,0.310424,0.591831,0.459504,1,2.689957
1644834602458.5781,148930925436,11767322778,1135.952511,544.481814,2.647827,1,-44.265675,69.571068,561.469482,47.652428,185.841766,0.597396,0.268906,0.591993,0.444561,1,2.605423,1,20.315271,57.533638,561.451416,47.288689,180.259811,0.433881,0.310462,0.591291,0.462909,1,2.690231
1644834602469.677,148930936539,11767333881,1134.341240,546.710122,2.646721,1,-44.366985,69.507103,561.377747,46.517929,184.937805,0.597672,0.269082,0.589803,0.447532,1,2.601349,1,20.220152,57.500622,561.387878,47.553757,180.033890,0.434116,0.310550,0.591803,0.463652,1,2.692093
1644834602480.582,148930947642,11767344984,1135.355473,545.787477,2.638901,1,-44.428459,69.455444,561.293335,46.779526,185.448334,0.597845,0.269220,0.590308,0.445854,1,2.594376,1,20.156925,57.469158,561.308838,47.839417,179.991180,0.434270,0.310628,0.592354,0.463792,1,2.683426
1644834602492.602,148930958746,11767356088,1134.899654,542.111117,2.640671,1,-44.503632,69.368057,561.146973,45.543747,185.993439,0.598066,0.269453,0.587922,0.444062,1,2.593948,1,20.070299,57.401501,561.172791,48.829224,181.310165,0.434477,0.310809,0.594265,0.459456,1,2.687393
1644834602503.541,148930969849,11767367191,1133.775730,543.877780,2.640114,1,-44.578983,69.268318,560.946228,45.451889,185.397308,0.598298,0.269704,0.587745,0.446022,1,2.594833,1,20.000271,57.341324,561.006714,48.314663,181.010513,0.434640,0.310954,0.593271,0.460441,1,2.685394
1644834602514.585,148930980952,11767378294,1131.552601,545.712680,2.642197,1,-44.619785,69.211479,560.843262,44.521999,184.215759,0.598423,0.269853,0.585950,0.449906,1,2.592819,1,19.948215,57.293396,560.906799,48.044949,181.261749,0.434763,0.311080,0.592751,0.459615,1,2.691574
1644834602525.807,148930992055,11767389397,1132.020092,546.896410,2.639465,1,-44.686203,69.139404,560.728210,45.551712,184.436066,0.598615,0.270047,0.587938,0.449181,1,2.586227,1,19.892986,57.247284,560.799438,47.267471,180.441223,0.434894,0.311198,0.591250,0.462313,1,2.692703
1644834602536.822,148931003158,11767400500,1134.017086,546.064013,2.639534,1,-44.763447,69.081062,560.672180,46.212746,184.034744,0.598823,0.270220,0.589214,0.450501,1,2.588776,1,19.837849,57.202114,560.762939,47.683971,181.264633,0.435031,0.311338,0.592054,0.459606,1,2.690292
1644834602547.432,148931014261,11767411603,1133.276997,544.700700,2.638771,1,-44.804779,69.039955,560.629639,46.113323,184.340332,0.598937,0.270341,0.589022,0.449496,1,2.593643,1,19.799459,57.176823,560.725159,47.384060,181.650314,0.435125,0.311410,0.591475,0.458338,1,2.683899
1644834602559.4312,148931025364,11767422706,1134.663677,543.843341,2.637978,1,-44.856236,69.000893,560.605835,46.222916,184.502502,0.599073,0.270462,0.589233,0.448963,1,2.595688,1,19.748978,57.158627,560.709412,48.022694,181.922852,0.435252,0.311465,0.592708,0.457443,1,2.680267
1644834602569.4312,148931036467,11767433809,1133.571568,543.207711,2.635117,1,-44.916317,68.964905,560.616394,45.799370,184.982422,0.599224,0.270587,0.588416,0.447385,1,2.590591,1,19.703316,57.151741,560.727600,47.856964,181.765213,0.435369,0.311494,0.592388,0.457961,1,2.679642
1644834602580.43,148931047572,11767444913,1136.052361,544.138527,2.632843,1,-44.962559,68.944260,560.616882,46.315819,185.301987,0.599341,0.270657,0.589413,0.446335,1,2.588257,1,19.663849,57.146091,560.736023,48.679123,180.973633,0.435470,0.311515,0.593975,0.460563,1,2.677429
1644834602592.4312,148931058675,11767456016,1136.177330,544.620448,2.632545,1,-45.016472,68.909676,560.601990,46.800911,185.143600,0.599482,0.270767,0.590349,0.446856,1,2.586807,1,19.617836,57.131901,560.729614,48.261505,180.887695,0.435586,0.311560,0.593169,0.460845,1,2.678284
1644834602603.4292,148931069778,11767467119,1136.463146,544.039464,2.637215,1,-45.082222,68.859192,560.521423,46.847389,185.185791,0.599666,0.270903,0.590439,0.446717,1,2.592422,1,19.566015,57.105343,560.668152,48.369225,181.140076,0.435712,0.311628,0.593377,0.460015,1,2.682007
1644834602614.428,148931080881,11767478222,1137.385540,547.068232,2.640831,1,-45.123489,68.827782,560.462769,47.428024,184.381317,0.599783,0.270984,0.591560,0.449361,1,2.593369,1,19.527466,57.085064,560.613281,48.286362,180.408829,0.435805,0.311677,0.593217,0.462419,1,2.688293
1644834602625.4321,148931091984,11767489325,1137.181091,547.822917,2.642906,1,-45.170872,68.781433,560.339478,46.770073,183.651932,0.599928,0.271089,0.590290,0.451759,1,2.594727,1,19.471165,57.041836,560.495483,48.833973,180.755569,0.435938,0.311782,0.594274,0.461279,1,2.691086
1644834602636.429,148931103087,11767500428,1136.976414,547.722638,2.639709,1,-45.224922,68.716301,560.202087,47.117329,183.420410,0.600094,0.271251,0.590960,0.452520,1,2.588165,1,19.423046,56.993336,560.381836,48.376236,181.037933,0.436050,0.311907,0.593390,0.460351,1,2.691254
1644834602647.441,148931114190,11767511531,1135.423450,542.087352,2.636795,1,-45.255718,68.664223,560.124084,46.637081,184.722076,0.600189,0.271394,0.590033,0.448241,1,2.588608,1,19.390059,56.950428,560.302429,48.018536,182.593552,0.436127,0.312024,0.592700,0.455238,1,2.684982
1644834602658.4302,148931125293,11767522634,1134.399662,544.129372,2.632797,1,-45.297443,68.610161,560.076477,46.655727,185.015213,0.600306,0.271557,0.590069,0.447278,1,2.583527,1,19.356392,56.919552,560.260010,47.447472,181.265060,0.436209,0.312113,0.591597,0.459605,1,2.682068
1644834602669.429,148931136397,11767533738,1135.309353,545.128441,2.632149,1,-45.345795,68.543167,560.036804,46.840981,185.192276,0.600437,0.271767,0.590427,0.446696,1,2.582230,1,19.326038,56.881783,560.232056,47.753059,180.581451,0.436284,0.312231,0.592187,0.461852,1,2.682068
1644834602680.429,148931147500,11767544841,1134.626942,547.754771,2.629669,1,-45.370983,68.502800,560.001404,46.672695,184.218643,0.600509,0.271888,0.590102,0.449896,1,2.578613,1,19.298225,56.839550,560.200256,47.553188,180.223404,0.436352,0.312363,0.591801,0.463029,1,2.680725
1644834602692.431,148931158603,11767555944,1137.614422,544.972640,2.634163,1,-45.400383,68.434311,559.941956,47.544033,184.038208,0.600597,0.272095,0.591784,0.450489,1,2.582672,1,19.269402,56.768421,560.145508,48.293800,181.814514,0.436421,0.312584,0.593231,0.457799,1,2.685654
1644834602703.429,148931169706,11767567047,1145.756378,545.796096,2.635620,1,-45.405579,68.363159,559.860535,49.850529,183.278931,0.600627,0.272302,0.596237,0.452985,1,2.585419,1,19.257378,56.698959,560.079346,50.380562,182.156250,0.436447,0.312796,0.597260,0.456675,1,2.685822
1644834602714.4302,148931180810,11767578150,1160.304565,545.450395,2.630074,1,-45.406292,68.316223,559.861938,53.237251,183.629791,0.600629,0.272461,0.602775,0.451832,1,2.578766,1,19.263966,56.656837,560.082397,54.843872,181.980682,0.436430,0.312940,0.605876,0.457252,1,2.681381
1644834602725.44,148931191913,11767589253,1175.757809,547.560900,2.626366,1,-45.411663,68.274475,559.941162,57.100075,183.787079,0.600627,0.272635,0.610232,0.451315,1,2.578629,1,19.276037,56.633114,560.163940,59.319305,180.753281,0.436407,0.313048,0.614516,0.461287,1,2.674103
1644834602736.429,148931203016,11767600356,1187.525311,548.288190,2.623665,1,-45.458652,68.238655,560.129578,60.365398,184.222366,0.600708,0.272834,0.616535,0.449884,1,2.576691,1,19.256887,56.623966,560.333618,62.403519,179.949234,0.436471,0.313137,0.620470,0.463930,1,2.670639
1644834602747.429,148931214119,11767611459,1190.125980,548.886824,2.633560,1,-45.504463,68.205055,560.151550,61.214130,183.811432,0.600821,0.272956,0.618174,0.451235,1,2.584244,1,19.221352,56.601227,560.366455,62.958027,180.056671,0.436564,0.313224,0.621541,0.463577,1,2.682877
1644834602758.429,148931225223,11767622563,1191.729927,549.557608,2.637428,1,-45.555832,68.142845,559.980469,61.858490,183.357910,0.600987,0.273095,0.619418,0.452725,1,2.586365,1,19.159061,56.553619,560.197754,63.179131,180.170044,0.436708,0.313327,0.621967,0.463204,1,2.688492
1644834602769.43,148931236326,11767633666,1192.019520,547.523403,2.639275,1,-45.610771,68.058762,559.699524,62.305103,183.505920,0.601185,0.273263,0.620280,0.452239,1,2.586639,1,19.104321,56.500111,559.957581,62.888779,181.053482,0.436826,0.313425,0.621407,0.460300,1,2.691910
1644834602780.4329,148931247429,11767644769,1192.605000,545.262945,2.638954,1,-45.656525,68.003952,559.565796,62.540531,183.994888,0.601330,0.273393,0.620735,0.450631,1,2.585800,1,19.055120,56.471458,559.816833,62.969322,181.710617,0.436939,0.313474,0.621562,0.458140,1,2.692108
1644834602792.429,148931258532,11767655872,1192.159824,542.417496,2.636780,1,-45.715599,67.958275,559.503967,62.322430,184.540634,0.601493,0.273521,0.620314,0.448838,1,2.583420,1,19.003733,56.445477,559.761597,62.947208,182.607620,0.437065,0.313542,0.621520,0.455192,1,2.690140
1644834602803.429,148931269635,11767666975,1191.327324,544.735801,2.633446,1,-45.788170,67.895721,559.392517,61.610828,184.325089,0.601702,0.273686,0.618940,0.449546,1,2.582016,1,18.945515,56.427582,559.671692,63.209606,181.647675,0.437205,0.313571,0.622026,0.458347,1,2.684875
1644834602813.4292,148931280738,11767678078,1190.425014,546.417385,2.635376,1,-45.835342,67.847557,559.302917,61.042454,184.346146,0.601841,0.273812,0.617843,0.449477,1,2.583878,1,18.892710,56.400314,559.581482,63.291073,180.774078,0.437332,0.313632,0.622184,0.461219,1,2.686874
1644834602825.4312,148931291841,11767689181,1190.590553,548.582232,2.634636,1,-45.908592,67.780632,559.131226,61.563015,182.907990,0.602064,0.273967,0.618847,0.454204,1,2.586746,1,18.823612,56.351261,559.414307,62.859806,181.114578,0.437493,0.313740,0.621351,0.460099,1,2.682526
1644834602836.431,148931302944,11767700284,1191.810436,544.130069,2.637177,1,-46.001133,67.693398,558.983215,61.811512,184.433868,0.602331,0.274200,0.619327,0.449189,1,2.590912,1,18.746725,56.305538,559.295532,63.269543,181.846115,0.437679,0.313853,0.622142,0.457695,1,2.683441
1644834602847.43,148931314049,11767711388,1190.874825,543.718547,2.633591,1,-46.070679,67.643768,558.889832,61.804420,184.493927,0.602528,0.274329,0.619314,0.448991,1,2.590073,1,18.678036,56.272724,559.204163,62.771832,181.994675,0.437846,0.313932,0.621181,0.457206,1,2.677109
1644834602858.43,148931325152,11767722491,1190.322189,541.167176,2.631393,1,-46.168457,67.576843,558.790344,60.998920,186.486359,0.602799,0.274514,0.617758,0.442442,1,2.586502,1,18.578941,56.243782,559.113586,63.279163,181.295853,0.438090,0.313998,0.622160,0.459503,1,2.676285
1644834602869.428,148931336255,11767733594,1187.990627,545.085686,2.629738,1,-46.296673,67.518875,558.715210,60.133778,184.930313,0.603142,0.274678,0.616088,0.447557,1,2.579956,1,18.478188,56.222023,559.062927,62.886219,180.865051,0.438343,0.314053,0.621402,0.460919,1,2.679520
1644834602880.431,148931347358,11767744697,1189.054413,543.421698,2.630898,1,-46.395092,67.477554,558.674194,60.548615,185.353073,0.603402,0.274799,0.616889,0.446167,1,2.582001,1,18.389482,56.206535,559.031494,63.045425,181.286026,0.438566,0.314094,0.621709,0.459536,1,2.679794
1644834602891.439,148931358461,11767755800,1187.479992,546.142137,2.628242,1,-46.524700,67.433960,558.643005,60.278278,184.378220,0.603739,0.274933,0.616367,0.449372,1,2.582214,1,18.273712,56.208374,559.015625,62.466190,180.881485,0.438859,0.314081,0.620591,0.460865,1,2.674271
1644834602902.428,148931369564,11767766903,1187.211285,542.905569,2.629074,1,-46.694851,67.363815,558.552673,60.486195,185.643707,0.604192,0.275131,0.616769,0.445212,1,2.582901,1,18.142317,56.204853,558.955261,62.113300,181.257111,0.439188,0.314070,0.619910,0.459631,1,2.675247
1644834602913.43,148931380667,11767778006,1187.415047,545.216346,2.626930,1,-46.808010,67.333076,558.473633,60.421665,184.327469,0.604498,0.275201,0.616644,0.449538,1,2.577393,1,18.027092,56.200703,558.888611,62.287792,181.401657,0.439476,0.314060,0.620247,0.459156,1,2.676468
1644834602925.4302,148931391770,11767789109,1189.083881,541.739434,2.627510,1,-46.953072,67.273895,558.311951,60.317875,184.816422,0.604903,0.275334,0.616444,0.447931,1,2.572052,1,17.872723,56.186607,558.738159,63.292080,182.675659,0.439856,0.314054,0.622185,0.454968,1,2.682968
1644834602936.428,148931402874,11767800213,1190.433826,544.050318,2.626312,1,-47.128860,67.217278,558.080933,60.482170,183.089478,0.605401,0.275429,0.616761,0.453608,1,2.575699,1,17.720222,56.178905,558.556885,63.856190,183.230850,0.440229,0.314016,0.623274,0.453143,1,2.676926
1644834602946.428,148931413977,11767811316,1188.975964,542.390245,2.645798,1,-47.181030,67.184570,557.995422,60.071880,184.832901,0.605553,0.275504,0.615969,0.447877,1,2.621063,1,17.599672,56.192974,558.433289,63.479797,182.329208,0.440526,0.313925,0.622548,0.456107,1,2.670532
1644834602958.4292,148931425080,11767822419,1177.682419,541.869646,2.653648,1,-47.427910,67.120888,557.950256,56.471596,184.691544,0.606193,0.275698,0.609019,0.448342,1,2.637115,1,17.436768,56.211845,558.418884,60.986225,182.734528,0.440940,0.313854,0.617734,0.454774,1,2.670181
1644834602969.436,148931436184,11767833522,1156.183033,539.362782,2.656319,1,-47.790485,67.059021,558.115906,49.252293,186.301361,0.607083,0.275971,0.595082,0.443050,1,2.639343,1,17.253504,56.253681,558.552368,56.604836,182.395782,0.441416,0.313755,0.609276,0.455888,1,2.673294
1644834602980.429,148931447287,11767844625,1145.454769,541.053253,2.627563,1,-47.861809,67.041809,558.070557,48.313637,184.947662,0.607275,0.276010,0.593270,0.447500,1,2.582245,1,17.097580,56.267323,558.609985,51.754723,182.892349,0.441818,0.313726,0.599913,0.454256,1,2.672882
1644834602991.45,148931458390,11767855728,1134.385872,539.608526,2.625214,1,-48.054218,66.983093,558.083618,46.183670,185.570435,0.607763,0.276212,0.589158,0.445453,1,2.572464,1,16.927647,56.276989,558.655884,47.912106,183.002106,0.442254,0.313706,0.592494,0.453895,1,2.677963
1644834603003.428,148931469493,11767866831,1129.484882,540.764040,2.621620,1,-48.218197,66.881744,557.770081,45.669498,184.247925,0.608251,0.276426,0.588165,0.449800,1,2.563095,1,16.783417,56.236721,558.410950,45.781788,183.738739,0.442602,0.313757,0.588382,0.451474,1,2.680145
1644834603013.4321,148931480596,11767877934,1130.381184,542.327678,2.626495,1,-48.318878,66.822090,557.647827,45.577278,183.968384,0.608536,0.276577,0.587987,0.450719,1,2.570343,1,16.677595,56.217552,558.298401,46.357601,183.225464,0.442863,0.313782,0.589493,0.453161,1,2.682648
1644834603025.468,148931491700,11767889038,1129.449348,543.174595,2.625999,1,-48.442169,66.756470,557.461243,45.349266,183.620850,0.608892,0.276722,0.587547,0.451861,1,2.567795,1,16.549826,56.178505,558.123047,46.082878,183.143555,0.443176,0.313853,0.588963,0.453430,1,2.684204
1644834603036.142,148931502803,11767900141,1131.238804,539.610296,2.628906,1,-48.609997,66.690033,557.384705,45.652767,184.268524,0.609339,0.276914,0.588133,0.449732,1,2.570190,1,16.415104,56.149052,558.083313,46.744915,184.303101,0.443516,0.313938,0.590241,0.449618,1,2.687622
1644834603047.365,148931513906,11767911244,1132.447701,536.997199,2.629074,1,-48.713333,66.648994,557.306274,46.237827,184.788651,0.609621,0.277020,0.589262,0.448022,1,2.569733,1,16.315599,56.122868,558.018921,46.812115,185.107910,0.443765,0.314003,0.590371,0.446973,1,2.688416
1644834603058.399,148931525009,11767922347,1135.169678,538.589859,2.626823,1,-48.834839,66.602516,557.192505,47.541210,183.868118,0.609957,0.277130,0.591778,0.451048,1,2.573151,1,16.193233,56.100670,557.917542,46.977486,185.220901,0.444069,0.314042,0.590690,0.446602,1,2.680496
1644834603069.576,148931536112,11767933450,1135.215569,539.956945,2.624428,1,-48.968719,66.531975,557.042847,47.015717,184.612442,0.610333,0.277307,0.590764,0.448602,1,2.574554,1,16.078342,56.088688,557.805176,47.527721,183.783401,0.444354,0.314043,0.591752,0.451327,1,2.674301
1644834603080.6912,148931547215,11767944553,1134.338436,540.582079,2.621933,1,-49.054947,66.495560,556.956360,46.491978,184.650696,0.610573,0.277395,0.589753,0.448476,1,2.571609,1,15.989806,56.079975,557.725708,47.578175,183.428207,0.444574,0.314044,0.591850,0.452494,1,2.672256
1644834603091.69,148931558318,11767955656,1131.674709,537.593472,2.623360,1,-49.156078,66.452919,556.893799,45.531986,185.411697,0.610846,0.277513,0.587900,0.445974,1,2.571594,1,15.891721,56.074894,557.674683,47.100853,184.182571,0.444820,0.314043,0.590928,0.450015,1,2.675125
1644834603103.3572,148931569422,11767966759,1130.462437,536.690497,2.623169,1,-49.281631,66.419197,556.822815,45.751530,184.700165,0.611183,0.277597,0.588323,0.448313,1,2.568985,1,15.799994,56.069408,557.632080,46.227188,185.351944,0.445051,0.314045,0.589242,0.446171,1,2.677353
1644834603113.3572,148931580526,11767977863,1129.642811,535.857314,2.647018,1,-49.322861,66.400703,556.814087,45.864288,185.631363,0.611291,0.277656,0.588541,0.445252,1,2.617584,1,15.721372,56.072933,557.591187,45.672153,184.843246,0.445248,0.314018,0.588170,0.447843,1,2.676453
1644834603125.3582,148931591629,11767988966,1128.720703,536.785144,2.648811,1,-49.458035,66.361588,556.742920,45.553207,185.868729,0.611653,0.277758,0.587940,0.444472,1,2.618469,1,15.627591,56.076508,557.548950,45.485725,184.135391,0.445484,0.313991,0.587810,0.450170,1,2.679153
1644834603136.3562,148931602732,11768000069,1132.064552,537.654912,2.651268,1,-49.655994,66.297447,556.698364,46.629894,185.811920,0.612170,0.277955,0.590019,0.444659,1,2.625061,1,15.526070,56.074501,557.537659,46.213318,183.751190,0.445743,0.313992,0.589215,0.451433,1,2.677475
1644834603146.3909,148931613835,11768011172,1132.672691,537.734449,2.626663,1,-49.702419,66.276848,556.635681,46.498310,185.153076,0.612303,0.277999,0.589765,0.446825,1,2.575653,1,15.434806,56.067974,557.495483,46.673054,184.369705,0.445972,0.313999,0.590102,0.449400,1,2.677673
1644834603158.356,148931624938,11768022275,1135.136776,538.374978,2.625084,1,-49.820763,66.220711,556.454834,47.334229,184.002029,0.612648,0.278115,0.591379,0.450608,1,2.573700,1,15.303744,56.042503,557.321594,47.166698,185.195984,0.446295,0.314024,0.591055,0.446684,1,2.676468
1644834603169.605,148931636041,11768033378,1133.412380,539.656538,2.623878,1,-49.976639,66.141052,556.270020,46.472595,184.691208,0.613090,0.278309,0.589715,0.448343,1,2.571442,1,15.164128,56.034939,557.181213,47.097836,183.857025,0.446641,0.314000,0.590922,0.451085,1,2.676315
1644834603180.6172,148931647144,11768044481,1134.563370,540.425187,2.625549,1,-50.087914,66.089806,556.162170,46.774311,184.308304,0.613400,0.278438,0.590298,0.449601,1,2.574371,1,15.042871,56.018402,557.082153,47.417191,183.850189,0.446944,0.314020,0.591539,0.451107,1,2.676727
1644834603191.607,148931658247,11768055584,1132.448559,541.576231,2.621628,1,-50.228664,66.035385,556.091675,45.677406,184.890060,0.613777,0.278593,0.588180,0.447689,1,2.569946,1,14.899703,56.013340,557.025635,47.372990,182.684814,0.447305,0.314016,0.591454,0.454938,1,2.673309
1644834603202.605,148931669351,11768066688,1131.657658,539.918536,2.619766,1,-50.408016,65.954292,555.932678,45.771458,185.302979,0.614273,0.278802,0.588362,0.446332,1,2.563889,1,14.754595,55.994190,556.912842,46.852177,183.112411,0.447668,0.314041,0.590448,0.453532,1,2.675644
1644834603213.609,148931680454,11768077791,1129.402199,537.897885,2.617851,1,-50.522091,65.902840,555.837463,45.200630,185.599503,0.614588,0.278938,0.587260,0.445357,1,2.556595,1,14.633879,55.982513,556.827454,46.206024,183.840408,0.447971,0.314050,0.589201,0.451139,1,2.679108
1644834603224.605,148931691558,11768088894,1130.977535,539.479476,2.617813,1,-50.654465,65.845978,555.745667,46.051891,184.640259,0.614949,0.279092,0.588903,0.448510,1,2.556458,1,14.498607,55.976429,556.748413,46.204807,183.997742,0.448311,0.314041,0.589198,0.450622,1,2.679169
1644834603235.604,148931702661,11768099997,1130.234413,541.327947,2.617905,1,-50.811825,65.768333,555.615234,45.376125,183.972290,0.615384,0.279302,0.587599,0.450706,1,2.558899,1,14.373735,55.971252,556.658081,46.479549,183.728455,0.448624,0.314026,0.589729,0.451507,1,2.676910
1644834603246.6062,148931713764,11768111100,1135.929508,543.043828,2.618546,1,-50.895710,65.708794,555.548523,46.853001,183.955002,0.615615,0.279477,0.590450,0.450763,1,2.560257,1,14.294054,55.953781,556.600708,48.075687,182.875717,0.448824,0.314065,0.592810,0.454310,1,2.676834
1644834603258.604,148931724867,11768122203,1154.468422,543.930888,2.625603,1,-50.956226,65.634407,555.588135,50.931774,184.890594,0.615761,0.279746,0.598324,0.447687,1,2.565216,1,14.247238,55.942986,556.655151,54.000191,181.490326,0.448947,0.314120,0.604247,0.458864,1,2.685989
1644834603269.6208,148931735970,11768133306,1182.883759,546.906674,2.628349,1,-50.961494,65.528389,555.409912,58.544067,184.268890,0.615818,0.280036,0.613019,0.449731,1,2.568527,1,14.223814,55.906555,556.510681,61.720306,180.603165,0.448997,0.314194,0.619151,0.461780,1,2.688171
1644834603279.6062,148931747073,11768144409,1203.503036,549.172962,2.628288,1,-50.985043,65.474457,555.286072,63.663513,182.820267,0.615908,0.280169,0.622903,0.454493,1,2.570099,1,14.190685,55.887932,556.382446,67.726685,180.902725,0.449074,0.314213,0.630746,0.460796,1,2.686478
1644834603291.607,148931758177,11768155513,1211.023407,549.355477,2.622711,1,-51.027443,65.391815,554.886536,65.821274,182.706039,0.616111,0.280290,0.627068,0.454868,1,2.563843,1,14.104971,55.842598,555.966492,69.626778,180.924438,0.449266,0.314224,0.634415,0.460724,1,2.681580
1644834603302.6062,148931769280,11768166616,1217.204647,550.078422,2.623146,1,-51.187359,65.342003,554.817200,68.179863,181.828888,0.616538,0.280430,0.631621,0.457751,1,2.563751,1,13.993576,55.841770,555.931030,70.603500,181.435013,0.449548,0.314213,0.636300,0.459046,1,2.682541
1644834603313.2751,148931780383,11768177719,1216.827221,548.609716,2.625313,1,-51.296158,65.289856,554.725464,68.028770,182.455704,0.616839,0.280569,0.631330,0.455691,1,2.565750,1,13.873478,55.831215,555.845703,70.551003,181.552856,0.449850,0.314218,0.636199,0.458659,1,2.684875
1644834603325.276,148931791486,11768188822,1219.258976,548.864633,2.629951,1,-51.444050,65.240929,554.708496,68.698494,182.666901,0.617224,0.280727,0.632622,0.454997,1,2.574783,1,13.731468,55.841442,555.851501,71.193436,181.212402,0.450214,0.314183,0.637439,0.459778,1,2.685120
1644834603336.274,148931802589,11768199925,1216.124611,548.117101,2.627953,1,-51.623573,65.154770,554.533203,67.528305,183.326569,0.617727,0.280949,0.630363,0.452828,1,2.569214,1,13.578004,55.839546,555.726807,70.672394,180.931763,0.450598,0.314145,0.636433,0.460700,1,2.686691
1644834603346.2751,148931813692,11768211028,1215.497932,549.270701,2.630066,1,-51.761250,65.103119,554.440491,67.833923,182.747345,0.618103,0.281086,0.630953,0.454732,1,2.573364,1,13.427993,55.842419,555.643433,70.028557,180.926071,0.450977,0.314105,0.635190,0.460719,1,2.686768
1644834603358.275,148931824796,11768222131,1214.473286,548.480576,2.628540,1,-51.928497,65.041946,554.332092,67.730225,182.076218,0.618559,0.281249,0.630753,0.456938,1,2.574341,1,13.260254,55.840511,555.553772,69.579399,181.997833,0.451401,0.314078,0.634323,0.457196,1,2.682739
1644834603369.2751,148931835899,11768233234,1216.714897,549.316245,2.631241,1,-52.146202,64.959412,554.123291,68.242531,180.774551,0.619169,0.281444,0.631742,0.461217,1,2.577255,1,13.083090,55.838528,555.409424,70.276611,182.875793,0.451845,0.314033,0.635669,0.454310,1,2.685226
1644834603380.276,148931847003,11768244338,1217.406063,547.635448,2.624260,1,-52.289608,64.899239,553.995911,68.466629,181.879532,0.619569,0.281596,0.632175,0.457585,1,2.566315,1,12.931307,55.848896,555.287231,70.425423,182.623032,0.452227,0.313953,0.635956,0.455141,1,2.682205
1644834603391.273,148931858106,11768255441,1217.822857,546.302193,2.620010,1,-52.446644,64.838882,553.882507,69.114090,182.237228,0.620001,0.281755,0.633425,0.456409,1,2.556992,1,12.776358,55.862198,555.188904,70.002815,182.941330,0.452617,0.313872,0.635141,0.454095,1,2.683029
1644834603402.282,148931869209,11768266544,1216.458721,543.775767,2.617119,1,-52.636509,64.758163,553.691223,69.014458,183.411942,0.620536,0.281952,0.633232,0.452548,1,2.555786,1,12.624695,55.874527,555.055786,69.366440,183.047623,0.452998,0.313782,0.633912,0.453745,1,2.678452
1644834603413.2832,148931880312,11768277647,1217.143421,543.544418,2.620110,1,-52.761765,64.708084,553.559937,69.096909,183.614944,0.620891,0.282069,0.633392,0.451881,1,2.561127,1,12.483162,55.894249,554.932373,69.653404,182.961975,0.453353,0.313670,0.634466,0.454027,1,2.679092
1644834603424.274,148931891415,11768288750,1217.072639,545.105392,2.624672,1,-52.902012,64.663055,553.400696,68.816650,183.624023,0.621291,0.282157,0.632851,0.451851,1,2.565048,1,12.334693,55.922081,554.782837,69.895454,182.161423,0.453725,0.313522,0.634933,0.456658,1,2.684296
1644834603436.2742,148931902518,11768299853,1217.380943,545.023566,2.623688,1,-53.088711,64.601402,553.212097,68.650986,183.679260,0.621818,0.282290,0.632531,0.451669,1,2.563385,1,12.183196,55.954311,554.651367,70.227501,182.147659,0.454105,0.313364,0.635574,0.456704,1,2.683990
1644834603446.274,148931913621,11768310956,1218.358784,547.298616,2.624214,1,-53.219456,64.571060,553.075806,68.828827,182.231262,0.622189,0.282337,0.632874,0.456429,1,2.563522,1,12.036963,55.978771,554.521729,70.577316,182.442062,0.454472,0.313234,0.636250,0.455736,1,2.684906
1644834603458.2751,148931924724,11768322059,1218.506126,544.887525,2.614471,1,-53.375595,64.514275,552.870239,68.566528,182.047653,0.622642,0.282447,0.632368,0.457032,1,2.552109,1,11.852160,55.987110,554.323547,70.919151,183.848160,0.454935,0.313134,0.636909,0.451114,1,2.676834
1644834603469.276,148931935828,11768333163,1219.384861,547.321093,2.615875,1,-53.617878,64.451706,552.642578,69.077309,180.889191,0.623324,0.282566,0.633354,0.460840,1,2.555847,1,11.658308,56.010773,554.170349,70.882553,183.772736,0.455424,0.312998,0.636839,0.451362,1,2.675903
1644834603479.274,148931946932,11768344266,1218.304482,547.529769,2.616898,1,-53.780144,64.399811,552.496094,68.683853,181.193298,0.623779,0.282683,0.632594,0.459840,1,2.556274,1,11.471294,56.035202,554.028503,70.692986,183.362854,0.455896,0.312862,0.636473,0.452709,1,2.677521
1644834603491.287,148931958035,11768355369,1219.566936,547.144461,2.620750,1,-53.973053,64.333374,552.309387,68.853867,181.979462,0.624323,0.282834,0.632922,0.457256,1,2.565582,1,11.257123,56.065552,553.853271,71.204163,182.772079,0.456436,0.312695,0.637460,0.454651,1,2.675919
1644834603502.275,148931969138,11768366472,1230.046978,543.337101,2.620239,1,-54.212078,64.231598,552.030640,71.794662,183.417694,0.625011,0.283068,0.638600,0.452529,1,2.565948,1,11.064331,56.081547,553.656921,73.918259,183.264328,0.456921,0.312569,0.642699,0.453033,1,2.674530
1644834603513.275,148931980241,11768377575,1246.162033,544.059598,2.617065,1,-54.368179,64.183395,551.947266,76.079933,183.196472,0.625435,0.283198,0.646872,0.453256,1,2.561829,1,10.893703,56.108639,553.589233,78.328362,183.119247,0.457355,0.312451,0.651213,0.453510,1,2.672302
1644834603524.2751,148931991344,11768388678,1261.235104,545.606035,2.620277,1,-54.555347,64.145157,552.028809,79.814529,182.745117,0.625898,0.283359,0.654082,0.454740,1,2.561035,1,10.712864,56.169956,553.710754,82.726967,182.786469,0.457825,0.312280,0.659705,0.454604,1,2.679520
1644834603535.2769,148932002447,11768399781,1270.600719,546.473587,2.622765,1,-54.871418,64.118912,552.300110,83.013428,181.971405,0.626644,0.283553,0.660258,0.457283,1,2.563293,1,10.506593,56.243534,553.972290,84.581573,183.120316,0.458367,0.312117,0.663285,0.453506,1,2.682236
1644834603546.273,148932013550,11768410884,1268.999004,542.524660,2.651665,1,-54.986656,64.098572,552.407776,82.377098,183.665344,0.626914,0.283664,0.659029,0.451715,1,2.615448,1,10.298236,56.301651,554.084412,84.353622,183.428635,0.458907,0.311954,0.662845,0.452493,1,2.687881
1644834603558.272,148932024654,11768421988,1270.039902,539.859170,2.644630,1,-55.328903,64.029305,552.425781,83.346664,184.731491,0.627792,0.283904,0.660901,0.448210,1,2.602921,1,10.055779,56.350632,554.130127,83.945709,183.713974,0.459531,0.311799,0.662057,0.451555,1,2.686340
1644834603569.274,148932035757,11768433091,1263.974476,533.396387,2.645592,1,-55.778164,63.878639,552.312256,79.996841,187.479523,0.628981,0.284369,0.654434,0.439177,1,2.602127,1,9.800994,56.398602,554.098816,84.022766,184.242859,0.460183,0.311620,0.662206,0.449816,1,2.689056
1644834603579.288,148932046860,11768444194,1266.907997,535.790581,2.619583,1,-55.909122,63.860893,552.286133,81.620667,185.398834,0.629326,0.284418,0.657569,0.446017,1,2.555176,1,9.565042,56.453823,554.122681,83.981857,185.109573,0.460789,0.311436,0.662127,0.446968,1,2.683990
1644834603591.306,148932057963,11768455297,1267.313290,537.227404,2.625694,1,-56.175156,63.801659,552.217590,81.672302,183.748505,0.630030,0.284590,0.657668,0.451441,1,2.563644,1,9.281106,56.512314,554.098022,84.148872,186.031372,0.461516,0.311223,0.662450,0.443938,1,2.687744
1644834603602.289,148932069066,11768466400,1271.415825,542.424631,2.623672,1,-56.605804,63.725964,552.142273,83.539993,182.187729,0.631161,0.284814,0.661274,0.456572,1,2.560913,1,8.970434,56.594940,554.091309,84.494827,184.956909,0.462312,0.310934,0.663117,0.447469,1,2.686432
1644834603612.9639,148932080170,11768477503,1270.580521,543.013376,2.623756,1,-56.894581,63.660542,552.057739,82.567734,182.304413,0.631929,0.285000,0.659397,0.456188,1,2.558853,1,8.667749,56.667355,554.044434,85.016373,184.541702,0.463087,0.310665,0.664124,0.448834,1,2.688660
1644834603623.99,148932091273,11768488606,1270.419044,543.341660,2.628250,1,-57.224277,63.577152,551.882568,82.707260,182.357590,0.632827,0.285212,0.659666,0.456013,1,2.569763,1,8.301186,56.755455,553.895630,84.789734,184.322098,0.464021,0.310307,0.663687,0.449556,1,2.686737
1644834603635.429,148932102376,11768499709,1270.643349,546.093267,2.629753,1,-57.751614,63.463566,551.639832,83.342720,181.037201,0.634254,0.285498,0.660893,0.460354,1,2.568588,1,7.902498,56.854294,553.762146,84.275291,184.247299,0.465039,0.309916,0.662694,0.449802,1,2.690918
1644834603646.345,148932113480,11768510813,1271.211662,544.530880,2.626755,1,-58.111656,63.375015,551.454895,83.471008,181.314835,0.635234,0.285724,0.661141,0.459441,1,2.566696,1,7.509048,56.949730,553.614929,84.453636,184.761871,0.466043,0.309532,0.663038,0.448110,1,2.686813
1644834603657.531,148932124583,11768521916,1270.779877,545.448321,2.623230,1,-58.514194,63.283257,551.230286,82.589058,181.419479,0.636336,0.285945,0.659438,0.459097,1,2.563736,1,7.026656,57.069664,553.412048,85.102646,184.192032,0.467274,0.309043,0.664291,0.449983,1,2.682724
1644834603669.2148,148932135686,11768533019,1232.101936,547.216827,2.617325,1,-59.269619,63.149075,551.028015,68.979095,181.806244,0.638345,0.286315,0.633164,0.457826,1,2.559814,1,6.452481,57.216412,553.333435,77.842644,182.908554,0.468746,0.308504,0.650275,0.454202,1,2.674835
1644834603679.2131,148932146789,11768544122,1161.462994,550.172228,2.629204,1,-59.922409,63.040359,550.683838,47.795315,180.668427,0.640130,0.286544,0.592269,0.461566,1,2.575638,1,5.818545,57.319016,553.074585,60.910786,182.547882,0.470367,0.308052,0.617588,0.455388,1,2.682770
1644834603690.209,148932157892,11768555225,1077.475548,557.133901,2.610672,1,-60.641666,62.875046,549.901978,16.394217,178.909851,0.642213,0.286793,0.531649,0.467346,1,2.563324,1,5.410637,57.416283,553.124634,46.993713,180.776596,0.471416,0.307730,0.590721,0.461210,1,2.658020
1644834603702.209,148932168995,11768566328,933.917227,555.588734,2.552460,1,-61.921131,62.559795,548.562927,-39.159412,178.118958,0.645920,0.287332,0.424403,0.469946,1,2.536575,1,4.843131,57.439426,552.584412,25.085640,182.350983,0.472863,0.307451,0.548428,0.456035,1,2.568344
1644834603712.208,148932180098,11768577431,688.366442,569.448459,2.583076,1,-62.326740,62.434109,547.979980,-57.762848,178.477066,0.647146,0.287530,0.388489,0.468769,1,2.562134,1,1.792112,57.701447,550.903809,-88.806084,174.965424,0.480697,0.305904,0.328560,0.480312,1,2.604019
1644834603723.211,148932191201,11768588534,663.034887,567.341816,2.578384,1,-62.730946,62.389206,548.146057,-71.431335,179.545242,0.648148,0.287745,0.362102,0.465258,1,2.552750,1,1.792112,57.701447,550.903809,-88.806084,174.965424,0.480697,0.305904,0.328560,0.480312,1,2.604019
1644834603735.211,148932202306,11768599638,537.285833,586.026335,2.630913,1,-65.111000,62.007942,547.843079,-125.970253,171.005280,0.654429,0.288910,0.256814,0.493329,1,2.569641,1,1.013210,57.798100,550.911743,-102.119270,174.031540,0.482707,0.305563,0.302859,0.483382,1,2.692184
1644834603746.209,148932213409,11768610741,512.984905,595.963508,2.621826,1,-65.340065,62.015263,548.034180,-123.841469,169.677826,0.654965,0.288956,0.260924,0.497692,1,2.514740,1,-0.035083,58.023338,551.250549,-117.360451,170.320389,0.485412,0.304896,0.273435,0.495580,1,2.728912
1644834603757.209,148932224512,11768621844,512.409725,595.893699,2.637520,1,-65.511864,61.977821,547.811584,-123.432877,169.333054,0.655481,0.288996,0.261713,0.498826,1,2.522842,1,-0.279498,58.058517,550.955322,-118.079384,170.700531,0.486042,0.304664,0.272048,0.494331,1,2.752197
1644834603769.2102,148932235615,11768632947,510.281610,591.103095,2.631805,1,-66.235573,61.827953,547.238708,-123.948036,170.349457,0.657544,0.289279,0.260718,0.495485,1,2.516449,1,-0.796775,58.150398,550.677124,-118.712517,172.113174,0.487377,0.304240,0.270825,0.489687,1,2.747162
1644834603779.2102,148932246718,11768644050,510.233173,591.160387,2.624786,1,-66.565094,61.738728,546.757385,-123.461823,169.685333,0.658554,0.289394,0.261657,0.497668,1,2.506287,1,-1.290053,58.212620,550.167114,-119.224838,172.748276,0.488653,0.303833,0.269836,0.487600,1,2.743286
1644834603791.21,148932257821,11768655153,510.075417,592.879379,2.622841,1,-66.861191,61.673450,546.485901,-123.653526,169.788010,0.659413,0.289509,0.261287,0.497330,1,2.507278,1,-1.745051,58.303185,549.881287,-119.118279,171.773987,0.489831,0.303410,0.270042,0.490802,1,2.738403
1644834603802.211,148932268924,11768666256,510.087776,591.935974,2.619133,1,-67.429695,61.535149,545.840271,-123.214798,170.499451,0.661103,0.289727,0.262134,0.494992,1,2.493774,1,-2.154279,58.379097,549.560364,-119.550316,171.540909,0.490892,0.303025,0.269208,0.491568,1,2.744492
1644834603812.211,148932280027,11768677359,507.171192,590.315992,2.617126,1,-67.691055,61.491844,545.698730,-124.509972,171.337921,0.661831,0.289818,0.259633,0.492236,1,2.491821,1,-2.519428,58.475365,549.455627,-119.828896,171.523849,0.491837,0.302649,0.268670,0.491624,1,2.742432
1644834603824.21,148932291131,11768688463,505.020332,589.899623,2.614311,1,-67.906174,61.460342,545.572510,-124.690804,171.516937,0.662434,0.289875,0.259284,0.491647,1,2.486252,1,-2.848349,58.563229,549.345215,-120.808670,171.555954,0.492689,0.302300,0.266779,0.491519,1,2.742371
1644834603835.215,148932302234,11768699566,505.226355,593.049967,2.612785,1,-68.350929,61.399380,545.329102,-124.744743,169.421783,0.663675,0.289984,0.259180,0.498534,1,2.489273,1,-3.142030,58.639721,549.257202,-120.643570,172.053741,0.493450,0.302000,0.267097,0.489883,1,2.736298
1644834603940.2102,148932313337,11768710669,505.496893,593.540293,2.612549,1,-68.535645,61.358292,545.154236,-124.764145,168.713181,0.664215,0.290056,0.259143,0.500863,1,2.492630,1,-3.406127,58.694641,549.091003,-120.478157,172.513702,0.494136,0.301745,0.267417,0.488371,1,2.732468
1644834603941.213,148932324440,11768721772,505.304317,593.396240,2.612434,1,-68.695923,61.328804,545.060425,-124.583458,168.353043,0.664665,0.290119,0.259491,0.502047,1,2.495041,1,-3.643088,58.753887,549.005859,-120.762749,172.946854,0.494750,0.301506,0.266867,0.486947,1,2.729828
1644834603942.211,148932335544,11768732875,505.969219,593.241066,2.615219,1,-69.065186,61.270042,544.902100,-123.251305,169.451782,0.665682,0.290256,0.262063,0.498435,1,2.500092,1,-3.864141,58.829857,548.955505,-121.736137,171.926788,0.495323,0.301222,0.264988,0.490300,1,2.730347
1644834603943.212,148932346647,11768743978,506.488037,592.776972,2.617737,1,-69.226242,61.243706,544.773743,-122.800781,170.179733,0.666146,0.290294,0.262933,0.496042,1,2.502686,1,-4.076561,58.883335,548.831970,-121.906731,171.434174,0.495875,0.300988,0.264659,0.491919,1,2.732788
1644834603944.211,148932357750,11768755081,500.710802,592.804009,2.621971,1,-69.379105,61.229572,544.714661,-124.389191,169.400375,0.666566,0.290318,0.259866,0.498604,1,2.509430,1,-4.313717,58.928005,548.793213,-123.435593,172.199814,0.496490,0.300816,0.261707,0.489402,1,2.734512
1644834603945.2131,148932368853,11768766184,480.942507,596.282154,2.613335,1,-69.791077,61.197788,544.690063,-131.140259,168.303040,0.667652,0.290413,0.246833,0.502211,1,2.498932,1,-4.568137,58.980984,548.827759,-127.351173,171.533585,0.497149,0.300642,0.254148,0.491592,1,2.727737
1644834603946.2122,148932379957,11768777288,466.669536,600.537139,2.606148,1,-69.976013,61.152058,544.510864,-134.932343,166.668030,0.668196,0.290499,0.239513,0.507586,1,2.486725,1,-4.823849,59.006241,548.661560,-131.260544,171.011139,0.497815,0.300489,0.246601,0.493310,1,2.725571
1644834603947.213,148932391060,11768788391,464.265833,601.233655,2.605293,1,-70.085480,61.103046,544.308411,-135.461761,167.083801,0.668550,0.290588,0.238491,0.506219,1,2.484985,1,-5.058106,59.017189,548.357239,-132.028137,170.242218,0.498429,0.300335,0.245119,0.495837,1,2.725601
1644834603947.213,148932402163,11768799494,464.027395,601.146108,2.609947,1,-70.300476,60.956074,543.643738,-135.358276,167.398788,0.669339,0.290836,0.238691,0.505184,1,2.484573,1,-5.243201,59.010368,547.955444,-132.260284,169.971603,0.498919,0.300206,0.244671,0.496727,1,2.735321
1644834603948.211,148932413266,11768810597,464.759488,600.066376,2.611885,1,-70.443848,60.896976,543.485229,-135.060730,168.121140,0.669769,0.290978,0.239265,0.502809,1,2.488449,1,-5.412594,59.031139,547.807495,-132.162781,169.796753,0.499362,0.300077,0.244859,0.497301,1,2.735321
1644834603957.21,148932424369,11768821700,462.856336,600.965291,2.612061,1,-70.540794,60.867798,543.453674,-135.097183,167.892242,0.670034,0.291066,0.239195,0.503561,1,2.487411,1,-5.566038,59.064243,547.786926,-133.153244,169.569839,0.499760,0.299952,0.242947,0.498047,1,2.736710
1644834603968.211,148932435472,11768832803,461.826367,598.075640,2.610405,1,-70.792030,60.805111,543.482788,-135.699142,168.202179,0.670683,0.291293,0.238033,0.502543,1,2.486008,1,-5.721259,59.094326,547.838745,-133.107040,170.725082,0.500162,0.299865,0.243037,0.494250,1,2.734802
1644834603979.21,148932446575,11768843906,462.888551,601.442885,2.616501,1,-70.927505,60.770729,543.456787,-135.097549,167.234894,0.671048,0.291400,0.239194,0.505722,1,2.497253,1,-5.866233,59.124111,547.842529,-133.135513,169.985046,0.500538,0.299762,0.242982,0.496683,1,2.735748
1644834603990.21,148932457679,11768855009,463.180132,600.960588,2.615730,1,-71.013100,60.745754,543.450256,-135.385452,167.266357,0.671274,0.291484,0.238638,0.505619,1,2.496292,1,-6.010848,59.134598,547.862122,-132.690277,170.198120,0.500913,0.299730,0.243841,0.495982,1,2.735168
1644834604002.21,148932468783,11768866113,463.193665,601.907265,2.628128,1,-71.241241,60.664574,543.444702,-135.577255,166.625839,0.671875,0.291761,0.238268,0.507724,1,2.517761,1,-6.148275,59.133915,547.887756,-132.491165,170.358643,0.501269,0.299740,0.244226,0.495454,1,2.738495
1644834604012.218,148932479886,11768877216,461.770649,599.133646,2.625626,1,-71.364075,60.597271,543.406921,-136.037003,167.152451,0.672211,0.291980,0.237380,0.505993,1,2.511597,1,-6.279728,59.104721,547.872559,-132.799255,171.238358,0.501611,0.299834,0.243631,0.492563,1,2.739655
1644834604024.211,148932490989,11768888319,460.464549,601.864707,2.626694,1,-71.438042,60.557083,543.384766,-136.016815,166.578186,0.672413,0.292110,0.237419,0.507881,1,2.511169,1,-6.398286,59.077824,547.859009,-133.524185,170.427856,0.501919,0.299920,0.242231,0.495227,1,2.742218
1644834604035.21,148932502092,11768899422,462.366028,604.527909,2.625725,1,-71.636116,60.430313,543.320862,-134.983414,165.654694,0.672956,0.292525,0.239414,0.510916,1,2.508392,1,-6.514821,59.028328,547.843567,-133.531586,170.000977,0.502223,0.300084,0.242217,0.496630,1,2.743057
1644834604045.21,148932513195,11768910525,462.386484,602.540427,2.624596,1,-71.740173,60.350159,543.300049,-135.384796,166.698349,0.673237,0.292795,0.238639,0.507486,1,2.511780,1,-6.620939,58.969185,547.844788,-133.119171,169.965103,0.502499,0.300287,0.243013,0.496748,1,2.737411
1644834604058.21,148932524298,11768921628,462.559862,600.004059,2.626503,1,-71.792122,60.294765,543.264221,-135.269440,167.365585,0.673386,0.292974,0.238862,0.505293,1,2.512222,1,-6.710741,58.889771,547.801147,-133.140991,170.583923,0.502734,0.300544,0.242971,0.494714,1,2.740784
1644834604068.208,148932535401,11768932731,462.125630,601.280487,2.618385,1,-71.904755,60.142193,543.108948,-134.909317,167.703186,0.673737,0.293444,0.239557,0.504183,1,2.498932,1,-6.776130,58.822147,547.717529,-133.735413,169.599121,0.502907,0.300746,0.241824,0.497951,1,2.737839
1644834604079.209,148932546503,11768943834,463.897305,603.639007,2.619507,1,-71.957176,60.065746,543.066162,-133.607574,166.436966,0.673890,0.293694,0.242070,0.508345,1,2.497360,1,-6.823553,58.749100,547.686707,-134.081161,169.669434,0.503032,0.300987,0.241156,0.497720,1,2.741653
1644834604090.217,148932557607,11768954938,461.575098,604.844606,2.618782,1,-71.979782,60.019661,543.042786,-134.431274,166.345596,0.673958,0.293845,0.240480,0.508645,1,2.494766,1,-6.855366,58.688820,547.655701,-134.510513,169.149506,0.503116,0.301184,0.240327,0.499429,1,2.742798
1644834604102.208,148932568710,11768966041,461.348090,601.554823,2.625763,1,-72.018181,59.903248,542.985596,-134.850555,166.477310,0.674080,0.294229,0.239671,0.508212,1,2.509689,1,-6.875743,58.611694,547.630981,-134.213715,170.685852,0.503171,0.301441,0.240900,0.494379,1,2.741837
1644834604112.222,148932579813,11768977144,459.034910,600.885665,2.630920,1,-72.027740,59.849926,542.952026,-135.640976,167.049774,0.674117,0.294402,0.238145,0.506331,1,2.515884,1,-6.877915,58.553768,547.599854,-134.671432,170.452667,0.503178,0.301630,0.240017,0.495145,1,2.745956
1644834604124.208,148932590917,11768988247,461.229086,601.182264,2.628204,1,-72.030090,59.818401,542.940002,-134.830368,167.353668,0.674128,0.294508,0.239710,0.505332,1,2.514114,1,-6.872669,58.498554,547.582581,-134.298111,169.998398,0.503165,0.301815,0.240737,0.496639,1,2.742294
1644834604135.218,148932602020,11768999350,463.020730,601.163292,2.627327,1,-72.034309,59.736584,542.912354,-134.239532,167.776840,0.674149,0.294783,0.240850,0.503941,1,2.509171,1,-6.867152,58.445866,547.568481,-133.922211,169.584854,0.503152,0.301992,0.241463,0.497998,1,2.745483
1644834604145.2078,148932613123,11769010453,466.189528,600.392836,2.626747,1,-72.023613,59.678528,542.824585,-133.812408,167.652100,0.674152,0.294952,0.241675,0.504351,1,2.513596,1,-6.864016,58.374332,547.472534,-132.639496,170.100266,0.503148,0.302204,0.243939,0.496304,1,2.739899
1644834604157.217,148932624226,11769021556,467.585320,597.465473,2.628799,1,-72.026672,59.648243,542.791321,-134.087967,167.649933,0.674172,0.295045,0.241143,0.504358,1,2.518326,1,-6.874362,58.303219,547.418091,-131.610794,171.586746,0.503177,0.302430,0.245925,0.491418,1,2.739273
1644834604168.3809,148932635329,11769032659,466.972618,597.736466,2.631470,1,-72.054619,59.573967,542.747131,-134.450745,167.425644,0.674262,0.295287,0.240443,0.505095,1,2.524109,1,-6.888021,58.247223,547.394470,-131.578613,171.673615,0.503214,0.302615,0.245987,0.491132,1,2.738831
1644834604178.3882,148932646433,11769043763,466.049566,596.909809,2.629868,1,-72.079361,59.534958,542.666931,-133.981674,167.350464,0.674355,0.295392,0.241348,0.505342,1,2.520996,1,-6.905943,58.195396,547.308777,-132.545746,172.167938,0.503263,0.302763,0.244120,0.489507,1,2.738739
1644834604190.458,148932657536,11769054866,464.641600,599.038428,2.626831,1,-72.093086,59.516800,542.622131,-134.018295,167.065079,0.674407,0.295438,0.241277,0.506280,1,2.519592,1,-6.925820,58.160484,547.231201,-133.268845,171.374008,0.503318,0.302855,0.242724,0.492117,1,2.734070
1644834604201.261,148932668639,11769065969,464.694901,601.070201,2.622726,1,-72.133217,59.459625,542.491516,-134.199295,166.951965,0.674558,0.295587,0.240928,0.506652,1,2.515320,1,-6.952945,58.134117,547.150330,-133.059082,170.456924,0.503391,0.302916,0.243129,0.495131,1,2.730133
1644834604212.2642,148932679742,11769077072,465.666590,601.453811,2.621254,1,-72.153046,59.427845,542.476746,-134.479309,167.384293,0.674616,0.295692,0.240387,0.505231,1,2.507843,1,-6.974566,58.115089,547.134338,-132.254776,169.830093,0.503448,0.302976,0.244682,0.497192,1,2.734665
1644834604223.26,148932690845,11769088175,467.250066,601.524568,2.620956,1,-72.156021,59.402790,542.430664,-133.915619,167.686188,0.674640,0.295762,0.241476,0.504239,1,2.507065,1,-6.988368,58.091175,547.049988,-131.964050,169.492371,0.503487,0.303027,0.245243,0.498302,1,2.734848
1644834604234.833,148932701948,11769099278,468.469248,598.405284,2.620735,1,-72.131866,59.326633,542.233765,-134.015533,168.715958,0.674646,0.295953,0.241283,0.500854,1,2.505341,1,-6.990479,58.054752,546.922913,-131.206284,170.044205,0.503497,0.303107,0.246706,0.496488,1,2.736130
1644834604244.834,148932713052,11769110381,464.921365,598.687756,2.615044,1,-72.106873,59.293922,542.142151,-134.999542,168.891266,0.674613,0.296032,0.239383,0.500278,1,2.500412,1,-6.971488,58.032288,546.818481,-132.136658,169.725662,0.503451,0.303146,0.244910,0.497535,1,2.729675
1644834604256.835,148932724155,11769121484,463.033762,598.609132,2.612137,1,-72.085373,59.268757,542.060608,-135.361237,168.975220,0.674585,0.296089,0.238685,0.500002,1,2.497375,1,-6.941144,58.003334,546.665649,-132.793442,169.681534,0.503377,0.303191,0.243642,0.497680,1,2.726898
1644834604267.8389,148932735259,11769132588,456.427345,599.983656,2.614906,1,-72.036110,59.217636,541.822998,-137.225006,167.415665,0.674539,0.296177,0.235087,0.505128,1,2.505142,1,-6.920492,57.974487,546.515015,-134.494400,170.544189,0.503329,0.303236,0.240358,0.494845,1,2.724670
1644834604278.833,148932746362,11769143691,448.387628,596.105182,2.612282,1,-72.000839,59.170872,541.571045,-138.803619,168.445984,0.674534,0.296245,0.232039,0.501741,1,2.502869,1,-6.916334,57.932026,546.237732,-137.253891,171.480392,0.503327,0.303281,0.235031,0.491767,1,2.721695
1644834604289.833,148932757465,11769154794,441.863823,596.366447,2.614952,1,-71.987083,59.155830,541.475891,-139.978607,168.301758,0.674531,0.296261,0.229771,0.502216,1,2.502106,1,-6.914640,57.911228,546.054321,-139.599030,171.492142,0.503329,0.303286,0.230504,0.491729,1,2.727798
1644834604301.834,148932768568,11769165897,434.935555,595.012629,2.606148,1,-71.930153,59.110092,541.207214,-141.737946,169.238861,0.674476,0.296319,0.226375,0.499135,1,2.484909,1,-6.890787,57.894314,545.872864,-141.578079,171.241501,0.503273,0.303278,0.226683,0.492552,1,2.727386
1644834604312.0361,148932779671,11769177000,435.830312,596.662134,2.612915,1,-71.915276,59.099483,541.181030,-141.787979,168.871948,0.674446,0.296346,0.226278,0.500341,1,2.497375,1,-6.872051,57.891045,545.846008,-141.045258,170.772018,0.503225,0.303280,0.227712,0.494096,1,2.728455
1644834604323.036,148932790774,11769188103,436.867390,596.165317,2.616135,1,-71.915558,59.099346,541.209961,-141.800705,168.547272,0.674437,0.296358,0.226253,0.501408,1,2.503036,1,-6.863760,57.880177,545.898621,-140.472916,171.348618,0.503201,0.303337,0.228817,0.492200,1,2.729233
1644834604335.0352,148932801877,11769199206,436.661453,596.308708,2.621567,1,-71.935928,59.094784,541.378418,-142.215149,168.755051,0.674432,0.296438,0.225453,0.500725,1,2.514664,1,-6.864444,57.879753,546.013794,-140.169617,171.068115,0.503200,0.303381,0.229402,0.493122,1,2.728470
1644834604345.0361,148932812980,11769210309,438.405118,598.862511,2.615875,1,-71.948441,59.092529,541.440979,-141.894699,167.796753,0.674443,0.296470,0.226072,0.503875,1,2.496292,1,-6.866092,57.860447,546.084412,-139.549164,170.731522,0.503202,0.303474,0.230600,0.494229,1,2.735458
1644834604357.047,148932824084,11769221413,439.344006,595.638531,2.612923,1,-71.951118,59.083889,541.461182,-141.979004,168.306442,0.674443,0.296508,0.225909,0.502200,1,2.492065,1,-6.860709,57.824268,546.126648,-138.958298,171.856552,0.503187,0.303615,0.231741,0.490531,1,2.733780
1644834604368.0388,148932835187,11769232516,441.579380,597.585922,2.611977,1,-71.948624,59.052639,541.486511,-140.794662,167.646027,0.674428,0.296627,0.228196,0.504371,1,2.485901,1,-6.846582,57.778538,546.145691,-138.936447,171.529556,0.503150,0.303781,0.231783,0.491606,1,2.738052
1644834604378.0361,148932846291,11769243619,440.391870,595.610511,2.618729,1,-71.936745,59.023762,541.576477,-140.676086,168.523315,0.674365,0.296763,0.228425,0.501487,1,2.502640,1,-6.811122,57.737274,546.236389,-139.695801,171.653854,0.503055,0.303958,0.230317,0.491197,1,2.734818
1644834604390.0361,148932857394,11769254722,438.892922,596.570295,2.620018,1,-71.916199,59.002594,541.570129,-141.123917,168.525436,0.674314,0.296835,0.227560,0.501480,1,2.505264,1,-6.767516,57.683716,546.220093,-140.056778,171.165131,0.502943,0.304138,0.229620,0.492804,1,2.734772
1644834604402.038,148932868497,11769265825,436.286058,594.442838,2.619080,1,-71.834305,58.937458,541.508057,-142.042740,168.447556,0.674121,0.297040,0.225786,0.501736,1,2.510468,1,-6.711738,57.611187,546.173706,-140.544571,172.321732,0.502799,0.304374,0.228678,0.489002,1,2.727692
1644834604412.038,148932879600,11769276928,435.548229,594.756299,2.615334,1,-71.770439,58.885994,541.414062,-142.887192,168.495651,0.673986,0.297186,0.224156,0.501578,1,2.503662,1,-6.648245,57.528931,546.068481,-140.098236,172.114670,0.502638,0.304622,0.229540,0.489682,1,2.727005
1644834604423.035,148932890703,11769288031,434.945154,597.618860,2.612503,1,-71.735825,58.861042,541.389282,-142.137115,167.721359,0.673904,0.297264,0.225604,0.504123,1,2.502945,1,-6.569525,57.452118,546.015076,-141.173752,171.437515,0.502435,0.304870,0.227464,0.491908,1,2.722061
1644834604435.035,148932901806,11769299134,436.785893,600.235230,2.620697,1,-71.642570,58.791267,541.330872,-141.392090,166.595352,0.673680,0.297488,0.227042,0.507824,1,2.514297,1,-6.495141,57.369949,545.968567,-140.925507,171.236908,0.502244,0.305139,0.227943,0.492568,1,2.727097
1644834604445.036,148932912910,11769310238,437.342362,601.333666,2.617355,1,-71.579597,58.750172,541.282593,-141.158875,165.890488,0.673531,0.297614,0.227493,0.510141,1,2.508438,1,-6.425721,57.290924,545.909607,-140.858505,171.384857,0.502065,0.305393,0.228072,0.492081,1,2.726273
1644834604457.0352,148932924013,11769321341,437.817650,598.900920,2.619240,1,-71.550316,58.725414,541.274231,-141.479584,166.702667,0.673457,0.297698,0.226873,0.507472,1,2.511444,1,-6.364863,57.211594,545.886047,-140.281326,171.806183,0.501908,0.305661,0.229187,0.490696,1,2.727036
1644834604468.036,148932935116,11769332444,436.641855,597.381645,2.612259,1,-71.472046,58.658531,541.270508,-142.305573,168.772888,0.673253,0.297932,0.225279,0.500667,1,2.501099,1,-6.305929,57.153214,545.873108,-140.089783,170.506271,0.501756,0.305860,0.229556,0.494969,1,2.723419
1644834604478.036,148932946219,11769343547,446.243119,597.580594,2.615387,1,-71.414856,58.623268,541.247314,-139.868347,168.883209,0.673111,0.298048,0.229984,0.500304,1,2.509827,1,-6.228824,57.085205,545.837952,-137.346298,170.295074,0.501556,0.306084,0.234853,0.495663,1,2.720947
1644834604490.0369,148932957322,11769354650,459.496336,598.408771,2.617676,1,-71.363052,58.597485,541.165161,-137.367386,168.377686,0.673004,0.298107,0.234812,0.501966,1,2.509216,1,-6.141870,57.010365,545.682068,-132.696045,170.380676,0.501335,0.306289,0.243830,0.495382,1,2.726135
1644834604501.038,148932968426,11769365753,485.293951,599.646074,2.616417,1,-71.212593,58.534046,540.839478,-128.879761,167.840332,0.672721,0.298208,0.251197,0.503732,1,2.504257,1,-6.055283,56.932510,545.463074,-127.263687,170.290680,0.501116,0.306481,0.254317,0.495678,1,2.728577
1644834604512.039,148932979529,11769376856,493.679266,598.335207,2.618317,1,-71.137123,58.490093,540.617798,-126.706116,167.901398,0.672599,0.298279,0.255394,0.503531,1,2.505798,1,-5.993636,56.843620,545.185791,-124.912788,170.894257,0.500964,0.306690,0.258856,0.493694,1,2.730835
1644834604524.039,148932990632,11769387959,495.274515,599.095505,2.616844,1,-71.108101,58.472969,540.558960,-126.053375,168.227509,0.672543,0.298317,0.256654,0.502459,1,2.508621,1,-5.944900,56.784988,545.079041,-124.704720,170.182617,0.500840,0.306856,0.259257,0.496033,1,2.725067
1644834604535.038,148933001736,11769399063,494.524097,598.372704,2.620316,1,-71.039886,58.423283,540.509949,-126.494270,168.943954,0.672381,0.298473,0.255803,0.500104,1,2.515854,1,-5.905362,56.729736,545.040039,-124.668755,169.832657,0.500739,0.307035,0.259327,0.497183,1,2.724777
1644834604545.037,148933012839,11769410166,494.554539,599.389493,2.620354,1,-71.014137,58.413704,540.536987,-126.645981,168.804657,0.672304,0.298518,0.255510,0.500562,1,2.520645,1,-5.859024,56.682835,545.068054,-124.500610,169.456406,0.500617,0.307209,0.259651,0.498420,1,2.720062
1644834604557.039,148933023942,11769421269,493.769703,597.932696,2.622124,1,-70.985390,58.399300,540.498962,-126.944839,168.726318,0.672241,0.298554,0.254933,0.500820,1,2.516571,1,-5.802684,56.609600,544.998474,-124.625244,170.273392,0.500473,0.307439,0.259411,0.495735,1,2.727676
1644834604568.038,148933035045,11769432372,492.398214,597.478849,2.619980,1,-70.889236,58.350300,540.362244,-127.042526,168.246780,0.672036,0.298675,0.254744,0.502396,1,2.506409,1,-5.734958,56.532227,544.905334,-125.267601,170.983063,0.500299,0.307676,0.258171,0.493402,1,2.733551
1644834604578.4968,148933046148,11769443475,492.302742,596.635526,2.620308,1,-70.836380,58.324699,540.326233,-126.802208,168.209839,0.671909,0.298752,0.255208,0.502518,1,2.503281,1,-5.661207,56.466846,544.846985,-125.559479,171.447662,0.500109,0.307883,0.257607,0.491875,1,2.737335
1644834604590.037,148933057251,11769454578,492.430344,597.379804,2.616119,1,-70.794884,58.303665,540.295532,-127.104652,168.589096,0.671811,0.298815,0.254624,0.501271,1,2.499802,1,-5.594635,56.414700,544.781311,-125.188141,170.691025,0.499937,0.308042,0.258324,0.494362,1,2.732437
1644834604601.041,148933068354,11769465681,496.744480,598.059905,2.620056,1,-70.702332,58.258965,540.242310,-126.154671,168.246078,0.671585,0.298953,0.256458,0.502399,1,2.515945,1,-5.538717,56.366051,544.736816,-123.810310,170.689209,0.499793,0.308196,0.260984,0.494368,1,2.724167
1644834604612.0352,148933079457,11769476784,494.945869,597.852480,2.620079,1,-70.655426,58.229141,540.127380,-126.694862,168.466461,0.671502,0.299015,0.255415,0.501674,1,2.513428,1,-5.482995,56.313179,544.582031,-124.240570,170.573959,0.499652,0.308325,0.260153,0.494747,1,2.726730
1644834604623.035,148933090561,11769487888,495.001631,598.051500,2.626305,1,-70.627823,58.209469,540.045715,-126.558014,168.065720,0.671457,0.299053,0.255680,0.502991,1,2.528503,1,-5.439673,56.264790,544.438477,-124.347359,170.873810,0.499543,0.308442,0.259947,0.493761,1,2.724106
1644834604635.0369,148933101664,11769498991,491.638298,598.438525,2.626762,1,-70.571884,58.160866,539.828125,-127.153198,167.885681,0.671385,0.299142,0.254531,0.503583,1,2.529221,1,-5.405237,56.226803,544.295654,-125.566994,170.857605,0.499457,0.308524,0.257593,0.493814,1,2.724304
1644834604645.0369,148933112767,11769510094,492.166157,597.651672,2.630058,1,-70.555527,58.140652,539.699585,-126.806068,168.335831,0.671386,0.299164,0.255201,0.502103,1,2.536163,1,-5.396322,56.189747,544.125244,-125.629280,170.806412,0.499438,0.308591,0.257472,0.493983,1,2.723953
1644834604657.0361,148933123870,11769521197,493.057680,596.896380,2.626823,1,-70.553642,58.126804,539.629761,-126.632248,168.406479,0.671405,0.299186,0.255536,0.501871,1,2.523621,1,-5.401651,56.152557,544.009460,-125.322044,171.118683,0.499455,0.308679,0.258066,0.492956,1,2.730026
1644834604668.0342,148933134973,11769532300,492.952480,595.563072,2.624275,1,-70.577499,58.111103,539.479065,-127.213875,168.539124,0.671520,0.299184,0.254413,0.501435,1,2.511993,1,-5.423671,56.128181,543.916321,-124.797157,171.662064,0.499515,0.308730,0.259079,0.491170,1,2.736557
1644834604678.043,148933146076,11769543403,493.589773,596.634293,2.621559,1,-70.597481,58.101383,539.429688,-127.729820,168.407440,0.671590,0.299199,0.253417,0.501868,1,2.505707,1,-5.454203,56.114811,543.854187,-123.937340,171.250610,0.499597,0.308754,0.260739,0.492523,1,2.737411
1644834604690.0361,148933157179,11769554506,495.321980,596.732658,2.624741,1,-70.609238,58.088562,539.356140,-127.256813,168.425308,0.671647,0.299216,0.254330,0.501809,1,2.513107,1,-5.486083,56.096416,543.733643,-123.475716,171.182938,0.499684,0.308774,0.261630,0.492745,1,2.736374
1644834604701.036,148933168282,11769565609,493.829470,599.942261,2.625351,1,-70.640717,58.034775,539.098572,-127.193329,167.957245,0.671819,0.299307,0.254453,0.503348,1,2.517273,1,-5.510445,56.070782,543.573181,-124.344536,170.023575,0.499752,0.308806,0.259953,0.496556,1,2.733429
1644834604712.033,148933179386,11769576713,490.698566,599.437594,2.624489,1,-70.651794,58.002205,539.002380,-127.292542,168.133087,0.671882,0.299384,0.254262,0.502770,1,2.520645,1,-5.529054,56.042915,543.455200,-125.934700,170.103607,0.499804,0.308860,0.256883,0.496293,1,2.728333
1644834604723.353,148933190489,11769587816,487.399464,602.397269,2.622055,1,-70.650040,57.977715,538.896240,-127.669968,167.277771,0.671914,0.299430,0.253533,0.505581,1,2.516113,1,-5.537297,56.007137,543.270264,-127.337425,169.458237,0.499830,0.308918,0.254175,0.498414,1,2.727997
1644834604734.246,148933201592,11769598919,484.642496,602.042824,2.620789,1,-70.614388,57.896976,538.565369,-128.644012,167.373871,0.671935,0.299589,0.251652,0.505265,1,2.509338,1,-5.535774,55.960861,543.058777,-127.850960,169.541840,0.499832,0.309004,0.253183,0.498139,1,2.732239
1644834604744.529,148933212695,11769610022,485.304365,604.838490,2.619751,1,-70.589752,57.857853,538.408142,-128.952988,166.265350,0.671925,0.299667,0.251056,0.508909,1,2.508987,1,-5.526970,55.908325,542.875977,-127.184837,169.232834,0.499814,0.309121,0.254469,0.499155,1,2.730515
1644834604756.474,148933223799,11769621125,484.763103,604.044199,2.617500,1,-70.571754,57.826286,538.322632,-129.502762,166.537003,0.671907,0.299746,0.249995,0.508016,1,2.507767,1,-5.513692,55.855156,542.721313,-126.927139,169.363953,0.499784,0.309252,0.254967,0.498724,1,2.727234
1644834604768.425,148933234902,11769632228,487.185173,604.308969,2.614464,1,-70.513878,57.745178,538.117737,-128.807953,166.396347,0.671826,0.299955,0.251336,0.508479,1,2.510727,1,-5.490433,55.803589,542.588318,-126.315041,169.370377,0.499727,0.309384,0.256149,0.498703,1,2.718201
1644834604778.425,148933246005,11769643331,486.162128,602.625704,2.614883,1,-70.483421,57.702366,538.004272,-128.492859,166.774124,0.671785,0.300063,0.251944,0.507237,1,2.507629,1,-5.458239,55.749840,542.454773,-127.182175,169.846085,0.499646,0.309525,0.254475,0.497139,1,2.722137
1644834604790.4219,148933257108,11769654434,485.810795,601.123792,2.617798,1,-70.466835,57.679428,537.952759,-128.459518,167.662247,0.671759,0.300125,0.252009,0.504318,1,2.509354,1,-5.427896,55.699829,542.361450,-127.405067,169.719482,0.499570,0.309666,0.254044,0.497555,1,2.726242
1644834604802.424,148933268212,11769665538,486.484137,600.362563,2.623444,1,-70.420753,57.619446,537.849060,-129.025696,167.741379,0.671674,0.300298,0.250916,0.504057,1,2.515945,1,-5.412547,55.638824,542.293030,-126.475555,170.026321,0.499532,0.309855,0.255839,0.496547,1,2.730942
1644834604811.426,148933279315,11769676641,486.421695,600.084919,2.630836,1,-70.390503,57.577911,537.747253,-129.788513,168.190765,0.671629,0.300406,0.249443,0.502580,1,2.525192,1,-5.393222,55.572990,542.172424,-125.746445,169.717728,0.499485,0.310042,0.257246,0.497561,1,2.736481
1644834604823.4219,148933290418,11769687744,486.856885,602.768040,2.628830,1,-70.368095,57.553841,537.661011,-130.109436,167.012314,0.671600,0.300458,0.248823,0.506454,1,2.523209,1,-5.374884,55.501041,542.021118,-125.190727,169.535736,0.499441,0.310240,0.258319,0.498159,1,2.734451
1644834604834.425,148933301521,11769698847,486.269274,604.076618,2.620934,1,-70.311920,57.478779,537.394531,-129.414902,166.649979,0.671544,0.300623,0.250164,0.507645,1,2.510361,1,-5.338509,55.432331,541.846436,-126.202316,169.234558,0.499351,0.310418,0.256366,0.499149,1,2.731506
1644834604845.4238,148933312624,11769709950,486.506224,604.595232,2.614334,1,-70.273338,57.448570,537.259399,-128.514526,166.072571,0.671489,0.300679,0.251902,0.509543,1,2.500275,1,-5.300952,55.356426,541.687195,-126.974831,169.548981,0.499257,0.310627,0.254875,0.498116,1,2.728394
1644834604856.4229,148933323727,11769721053,486.562557,603.489089,2.617828,1,-70.243553,57.423412,537.160095,-127.961845,166.278305,0.671444,0.300731,0.252969,0.508867,1,2.504150,1,-5.259055,55.279266,541.506226,-127.497093,169.904144,0.499152,0.310833,0.253867,0.496948,1,2.731506
1644834604868.422,148933334830,11769732156,484.548597,600.598955,2.622025,1,-70.142517,57.367653,536.896423,-129.345276,166.812881,0.671268,0.300829,0.250299,0.507109,1,2.512299,1,-5.213035,55.192043,541.330933,-127.200363,170.834946,0.499036,0.311077,0.254439,0.493889,1,2.731750
1644834604878.422,148933345933,11769743259,485.195875,600.494760,2.623825,1,-70.085388,57.336109,536.766724,-129.402756,167.006989,0.671162,0.300892,0.250188,0.506471,1,2.515457,1,-5.159893,55.115028,541.176025,-126.793633,170.693680,0.498901,0.311292,0.255225,0.494353,1,2.732193
1644834604889.4219,148933357038,11769754363,486.935577,600.372076,2.624275,1,-70.047531,57.319317,536.696472,-128.865372,167.358978,0.671086,0.300925,0.251225,0.505314,1,2.518234,1,-5.101323,55.037766,541.043396,-126.392319,170.403915,0.498751,0.311516,0.255999,0.495306,1,2.730316
1644834604901.4238,148933368141,11769765466,490.133457,598.557419,2.621521,1,-69.939873,57.271549,536.521973,-127.592735,167.858765,0.670861,0.301029,0.253682,0.503672,1,2.515030,1,-5.045526,54.960575,540.921814,-125.939423,170.824234,0.498608,0.311744,0.256874,0.493924,1,2.728012
1644834604911.422,148933379244,11769776569,492.544899,599.346936,2.617722,1,-69.880623,57.241741,536.412292,-127.003319,167.498260,0.670741,0.301094,0.254820,0.504857,1,2.511337,1,-4.986240,54.879276,540.784058,-125.227684,170.784393,0.498456,0.311981,0.258248,0.494055,1,2.724106
1644834604923.427,148933390347,11769787672,489.790134,600.097114,2.617043,1,-69.841682,57.218014,536.348389,-127.746368,167.370010,0.670660,0.301154,0.253385,0.505278,1,2.509476,1,-4.920935,54.807457,540.659851,-125.971024,170.532227,0.498288,0.312189,0.256813,0.494884,1,2.724609
1644834604934.4238,148933401450,11769798775,489.449358,603.205115,2.620300,1,-69.745743,57.152325,536.173706,-128.507050,167.179077,0.670466,0.301322,0.251917,0.505906,1,2.507553,1,-4.868318,54.736931,540.536743,-125.394234,169.147263,0.498153,0.312394,0.257926,0.499436,1,2.733047
1644834604945.424,148933412553,11769809878,487.028618,601.958191,2.622330,1,-69.698822,57.108597,536.051270,-129.019547,168.514557,0.670384,0.301431,0.250927,0.501516,1,2.508926,1,-4.821991,54.669113,540.380920,-126.187904,168.444061,0.498035,0.312577,0.256394,0.501748,1,2.735733
1644834604956.424,148933423656,11769820981,489.532642,601.594412,2.618774,1,-69.680359,57.089905,535.989441,-128.654770,168.525391,0.670357,0.301474,0.251632,0.501480,1,2.505905,1,-4.801299,54.599731,540.267029,-125.201576,168.617691,0.497984,0.312780,0.258298,0.501177,1,2.731644
1644834604968.4229,148933434759,11769832084,483.380570,601.467222,2.621590,1,-69.664871,57.037941,535.830505,-130.156143,167.852478,0.670371,0.301598,0.248733,0.503692,1,2.517303,1,-4.795275,54.542255,540.161560,-127.019737,169.355118,0.497971,0.312944,0.254788,0.498753,1,2.725876
1644834604978.4219,148933445863,11769843188,479.750504,604.246473,2.619034,1,-69.672211,57.011627,535.662476,-131.355011,166.197357,0.670449,0.301627,0.246419,0.509133,1,2.513550,1,-4.823724,54.483643,539.967590,-127.779594,169.601013,0.498051,0.313081,0.253321,0.497945,1,2.724518
1644834604990.4238,148933456966,11769854291,475.282745,604.945707,2.622162,1,-69.688828,56.989876,535.588257,-132.670776,166.681885,0.670519,0.301676,0.243879,0.507540,1,2.518845,1,-4.866781,54.449448,539.834839,-128.874573,168.761948,0.498167,0.313153,0.251207,0.500703,1,2.725479
1644834605001.427,148933468069,11769865394,472.370839,608.337057,2.614754,1,-69.747070,56.937454,535.426392,-133.668198,165.996017,0.670730,0.301799,0.241953,0.509795,1,2.507385,1,-4.908650,54.423244,539.730713,-129.448380,167.728256,0.498280,0.313208,0.250100,0.504101,1,2.722122
1644834605011.4219,148933479172,11769876497,472.775774,608.427715,2.620026,1,-69.792862,56.914635,535.470886,-133.922806,166.272446,0.670837,0.301896,0.241462,0.508886,1,2.518661,1,-4.954299,54.411003,539.782593,-128.975250,167.405838,0.498400,0.313268,0.251013,0.505160,1,2.721390
1644834605023.4202,148933490276,11769887600,473.654079,608.811164,2.619377,1,-69.815804,56.899834,535.457031,-133.407944,165.602295,0.670903,0.301943,0.242456,0.511089,1,2.513000,1,-4.993232,54.387989,539.761658,-129.016205,167.881592,0.498503,0.313341,0.250934,0.503597,1,2.725754
1644834605034.423,148933501379,11769898703,472.458057,607.377791,2.628792,1,-69.866722,56.863888,535.374817,-133.308868,166.019836,0.671067,0.302039,0.242647,0.509716,1,2.524979,1,-5.022336,54.365788,539.712402,-129.760635,168.190842,0.498581,0.313401,0.249497,0.502580,1,2.732605
1644834605044.423,148933512482,11769909806,472.226400,605.495489,2.630478,1,-69.887215,56.854485,535.363037,-132.954468,166.351013,0.671126,0.302067,0.243331,0.508628,1,2.523300,1,-5.041568,54.351421,539.700562,-130.240036,168.814072,0.498632,0.313447,0.248571,0.500532,1,2.737656
1644834605056.4238,148933523585,11769920909,470.833468,603.402615,2.630074,1,-69.894447,56.847771,535.333313,-133.539688,167.303055,0.671156,0.302080,0.242201,0.505498,1,2.523560,1,-5.053039,54.330643,539.650635,-130.406418,168.923203,0.498664,0.313502,0.248250,0.500173,1,2.736588
1644834605068.424,148933534689,11769932013,471.947551,602.842444,2.626213,1,-69.892288,56.822731,535.251831,-133.308411,167.237061,0.671178,0.302138,0.242648,0.505715,1,2.515686,1,-5.052589,54.304760,539.598816,-130.036575,169.273239,0.498664,0.313575,0.248964,0.499022,1,2.736740
1644834605078.423,148933545792,11769943116,472.651305,603.457171,2.623604,1,-69.878761,56.801510,535.200134,-133.953354,167.016434,0.671161,0.302193,0.241403,0.506440,1,2.510620,1,-5.045311,54.274376,539.538574,-129.011856,169.182159,0.498647,0.313661,0.250942,0.499322,1,2.736588
1644834605089.4229,148933556895,11769954219,472.049117,604.830945,2.624107,1,-69.865936,56.782932,535.176758,-133.851196,166.297546,0.671135,0.302251,0.241600,0.508803,1,2.514877,1,-5.015872,54.237045,539.493469,-129.438980,169.204514,0.498570,0.313776,0.250118,0.499248,1,2.733337
1644834605100.4219,148933567998,11769965322,472.071748,603.920531,2.623573,1,-69.813293,56.719540,535.103088,-134.558594,166.678543,0.671021,0.302448,0.240234,0.507551,1,2.515488,1,-4.991499,54.188850,539.442322,-128.719376,169.285110,0.498508,0.313928,0.251507,0.498983,1,2.731659
1644834605111.424,148933579101,11769976425,471.318069,605.969667,2.619812,1,-69.786064,56.687302,535.067810,-133.819977,166.057831,0.670961,0.302550,0.241660,0.509591,1,2.511627,1,-4.949319,54.137825,539.400085,-129.864670,168.866852,0.498398,0.314093,0.249296,0.500358,1,2.727997
1644834605123.423,148933590204,11769987528,470.800653,608.245218,2.617401,1,-69.768158,56.670059,535.055298,-133.839523,165.951859,0.670918,0.302606,0.241622,0.509940,1,2.509491,1,-4.915530,54.100403,539.373108,-130.124283,167.818954,0.498310,0.314215,0.248795,0.503802,1,2.725311
1644834605134.423,148933601307,11769998631,471.038175,609.769642,2.617615,1,-69.728638,56.639011,535.017883,-132.860718,165.191605,0.670826,0.302703,0.243512,0.512439,1,2.512268,1,-4.877625,54.066162,539.346313,-130.974899,167.806290,0.498211,0.314327,0.247153,0.503844,1,2.722961
1644834605145.4229,148933612410,11770009734,469.812098,609.438694,2.616920,1,-69.705193,56.626770,534.939087,-134.018326,165.491867,0.670791,0.302717,0.241277,0.511452,1,2.507477,1,-4.860671,54.032715,539.253784,-130.478882,167.673798,0.498169,0.314412,0.248110,0.504280,1,2.726364
1644834605156.4219,148933623514,11770020838,467.400255,607.045841,2.620155,1,-69.704948,56.625561,534.935669,-134.890442,165.109589,0.670791,0.302720,0.239594,0.512708,1,2.505920,1,-4.863814,54.001625,539.246704,-130.908157,169.269409,0.498177,0.314519,0.247282,0.499035,1,2.734390
1644834605167.843,148933634617,11770031941,456.603184,606.464535,2.625618,1,-69.742538,56.638847,535.002319,-139.117249,165.059692,0.670868,0.302697,0.231434,0.512872,1,2.510559,1,-4.887654,53.986916,539.291565,-132.507278,169.614044,0.498239,0.314586,0.244194,0.497902,1,2.740677
1644834605177.844,148933645720,11770043044,450.768328,608.349180,2.625381,1,-69.771263,56.640636,534.988770,-139.593079,163.582535,0.670949,0.302685,0.230515,0.517728,1,2.512863,1,-4.913550,53.977882,539.286316,-135.179871,170.135620,0.498308,0.314615,0.239035,0.496188,1,2.737900
1644834605189.845,148933656823,11770054147,448.239670,608.793730,2.622475,1,-69.780014,56.638142,534.938599,-139.663620,163.939987,0.670990,0.302675,0.230379,0.516553,1,2.514481,1,-4.932482,53.969635,539.192078,-136.473755,169.552811,0.498360,0.314611,0.236537,0.498103,1,2.730469
1644834605200.8418,148933667926,11770065250,451.090922,608.968055,2.618645,1,-69.782616,56.615501,534.708984,-138.003906,163.937805,0.671077,0.302669,0.233583,0.516560,1,2.517365,1,-4.940993,53.953060,539.036926,-136.594986,169.466599,0.498386,0.314614,0.236303,0.498387,1,2.719925
1644834605211.8398,148933679029,11770076353,450.399799,606.950212,2.620377,1,-69.777924,56.609482,534.669006,-138.456268,165.538269,0.671078,0.302675,0.232710,0.511299,1,2.517838,1,-4.939001,53.944386,538.993958,-136.515549,168.889252,0.498382,0.314630,0.236456,0.500284,1,2.722916
1644834605222.85,148933690132,11770087456,450.232286,607.356691,2.619476,1,-69.767860,56.603077,534.613770,-138.624603,165.700211,0.671071,0.302677,0.232385,0.510767,1,2.517105,1,-4.929574,53.931049,538.888367,-136.437546,168.521179,0.498360,0.314640,0.236607,0.501494,1,2.721848
1644834605234.843,148933701235,11770098559,446.145730,609.111929,2.617226,1,-69.700531,56.576164,534.443787,-141.009598,165.584015,0.670950,0.302709,0.227781,0.511149,1,2.509308,1,-4.910994,53.917107,538.769165,-136.257599,167.747360,0.498314,0.314647,0.236954,0.504038,1,2.725143
1644834605244.8499,148933712339,11770109663,447.383308,609.425533,2.613762,1,-69.655777,56.561134,534.313416,-140.757416,165.458878,0.670876,0.302714,0.228268,0.511560,1,2.506561,1,-4.885965,53.894089,538.627563,-135.841995,167.713501,0.498251,0.314679,0.237757,0.504149,1,2.720963
1644834605256.843,148933723442,11770120766,446.563425,607.070875,2.614189,1,-69.633606,56.553349,534.278687,-141.171768,165.359421,0.670829,0.302729,0.227468,0.511887,1,2.506149,1,-4.850145,53.863754,538.558716,-135.870041,169.006866,0.498158,0.314762,0.237703,0.499898,1,2.722229
1644834605267.841,148933734545,11770131869,451.327329,605.274779,2.611664,1,-69.593155,56.532558,534.244568,-138.855621,165.895096,0.670734,0.302791,0.231939,0.510126,1,2.502609,1,-4.819627,53.840366,538.532288,-135.615677,169.381866,0.498079,0.314835,0.238194,0.498665,1,2.720718
1644834605278.1191,148933745649,11770142972,448.772020,604.117620,2.609642,1,-69.562134,56.504826,534.203003,-139.416473,166.039459,0.670666,0.302874,0.230856,0.509652,1,2.502106,1,-4.788633,53.817120,538.483704,-136.433624,169.824234,0.497998,0.314900,0.236615,0.497211,1,2.717178
1644834605289.3218,148933756752,11770154075,451.659436,604.753661,2.607109,1,-69.549034,56.490540,534.177856,-138.439255,166.106903,0.670640,0.302915,0.232743,0.509430,1,2.498306,1,-4.776106,53.789200,538.433289,-135.852844,169.434250,0.497966,0.314981,0.237736,0.498493,1,2.715912
1644834605301.0981,148933767855,11770165178,449.526844,604.247278,2.608826,1,-69.530914,56.459381,534.087402,-139.174850,166.202042,0.670623,0.302992,0.231323,0.509117,1,2.498047,1,-4.766001,53.759315,538.371521,-136.267944,169.595886,0.497941,0.315065,0.236934,0.497962,1,2.719604
1644834605311.7622,148933778958,11770176281,450.844445,603.717721,2.608170,1,-69.519676,56.429089,533.954224,-138.817566,166.609009,0.670639,0.303050,0.232012,0.507780,1,2.501724,1,-4.768935,53.722034,538.233459,-135.914276,169.457458,0.497953,0.315147,0.237617,0.498417,1,2.714615
1644834605323.6948,148933790061,11770187384,448.619142,606.275189,2.607468,1,-69.517143,56.417171,533.882446,-139.262634,166.439514,0.670658,0.303065,0.231153,0.508337,1,2.500565,1,-4.772662,53.702145,538.098083,-136.669952,168.330185,0.497966,0.315170,0.236158,0.502122,1,2.714371
1644834605334.689,148933801165,11770198488,447.002707,610.802078,2.606064,1,-69.513237,56.390667,533.689453,-139.473068,165.599930,0.670714,0.303086,0.230747,0.511096,1,2.500290,1,-4.779619,53.686775,537.969604,-137.331726,166.874481,0.497987,0.315179,0.234881,0.506907,1,2.711838
1644834605344.5461,148933812268,11770209591,446.497622,611.151052,2.605591,1,-69.519012,56.385235,533.607849,-140.044724,165.905304,0.670758,0.303075,0.229643,0.510093,1,2.492310,1,-4.796385,53.669342,537.888672,-137.032639,166.392166,0.498033,0.315211,0.235458,0.508492,1,2.718872
1644834605356.545,148933823371,11770220694,445.891857,609.872496,2.609047,1,-69.520332,56.383064,533.571289,-139.842255,166.053314,0.670774,0.303069,0.230034,0.509606,1,2.499084,1,-4.804432,53.647511,537.822327,-137.561935,166.892487,0.498056,0.315265,0.234436,0.506848,1,2.719009
1644834605367.545,148933834474,11770231797,445.532999,606.529105,2.608559,1,-69.507950,56.367352,533.455261,-140.132355,167.017044,0.670782,0.303081,0.229474,0.506438,1,2.496887,1,-4.806654,53.621376,537.743530,-137.465485,167.623947,0.498064,0.315329,0.234623,0.504444,1,2.720230
1644834605377.5461,148933845577,11770242900,445.095320,606.363451,2.615021,1,-69.502831,56.364933,533.476562,-140.038010,167.147690,0.670761,0.303098,0.229656,0.506009,1,2.506927,1,-4.790139,53.610775,537.764893,-137.795990,167.577332,0.498020,0.315374,0.233985,0.504597,1,2.723114
1644834605389.545,148933856680,11770254003,448.484244,607.438016,2.615608,1,-69.491524,56.359802,533.464294,-139.765930,166.704391,0.670735,0.303111,0.230182,0.507466,1,2.508514,1,-4.777282,53.590427,537.740051,-136.239441,167.475754,0.497987,0.315437,0.236990,0.504931,1,2.722702
1644834605401.5479,148933867784,11770265106,449.259353,607.957184,2.618408,1,-69.447884,56.343761,533.416809,-139.015366,166.392242,0.670635,0.303151,0.231631,0.508492,1,2.513916,1,-4.741759,53.566921,537.704285,-136.571762,167.524643,0.497894,0.315508,0.236348,0.504770,1,2.722900
1644834605411.5442,148933878887,11770276209,450.756197,608.142579,2.614304,1,-69.410667,56.335003,533.355469,-138.619568,166.001465,0.670557,0.303160,0.232395,0.509777,1,2.508636,1,-4.704139,53.538006,537.635376,-136.159897,167.821442,0.497796,0.315586,0.237143,0.503794,1,2.719971
1644834605423.5461,148933889991,11770287313,454.833097,607.373035,2.613014,1,-69.385620,56.328842,533.345825,-137.951279,166.188126,0.670493,0.303178,0.233685,0.509163,1,2.500916,1,-4.644387,53.512566,537.612183,-134.628326,168.024979,0.497639,0.315669,0.240100,0.503125,1,2.725113
1644834605434.557,148933901094,11770298416,469.618392,606.014764,2.605896,1,-69.292862,56.317261,533.347168,-134.712128,165.772095,0.670245,0.303221,0.239938,0.510531,1,2.491364,1,-4.589829,53.478157,537.605713,-129.889603,169.129730,0.497495,0.315789,0.249248,0.499494,1,2.720428
1644834605444.5442,148933912197,11770309519,480.633402,606.137002,2.610855,1,-69.243996,56.305511,533.405823,-131.629333,165.798981,0.670095,0.303286,0.245889,0.510442,1,2.496841,1,-4.526047,53.450516,537.669861,-127.028900,169.040863,0.497325,0.315910,0.254770,0.499786,1,2.724869
1644834605456.5452,148933923300,11770320622,484.703822,605.697262,2.612350,1,-69.235199,56.304058,533.493225,-130.891785,166.373230,0.670041,0.303324,0.247313,0.508555,1,2.499649,1,-4.486381,53.429066,537.816101,-125.570122,168.689560,0.497217,0.316037,0.257587,0.500941,1,2.725052
1644834605467.545,148933934403,11770331725,485.790596,603.087044,2.617073,1,-69.256111,56.292496,533.811218,-129.373901,168.671021,0.669987,0.303485,0.250243,0.501002,1,2.507706,1,-4.455608,53.415600,538.014465,-126.501587,167.715256,0.497132,0.316154,0.255788,0.504143,1,2.726440
1644834605477.545,148933945506,11770342828,487.930012,601.623416,2.616348,1,-69.248650,56.274010,533.842285,-128.681030,168.946564,0.669957,0.303562,0.251581,0.500096,1,2.512665,1,-4.442337,53.366566,538.051819,-126.040108,168.181839,0.497097,0.316340,0.256679,0.502610,1,2.720032
1644834605489.5452,148933956609,11770353931,487.643795,601.273263,2.617859,1,-69.236893,56.262554,533.816895,-128.258255,168.729660,0.669934,0.303594,0.252397,0.500809,1,2.520248,1,-4.413600,53.310944,538.006592,-126.617264,168.576263,0.497022,0.316521,0.255565,0.501313,1,2.715469
1644834605501.546,148933967712,11770365034,487.929697,603.206939,2.616356,1,-69.186203,56.236267,533.682617,-128.631454,167.165512,0.669846,0.303637,0.251677,0.505950,1,2.520966,1,-4.390513,53.257015,537.917053,-126.089806,169.159958,0.496964,0.316680,0.256583,0.499395,1,2.711746
1644834605511.545,148933978816,11770376138,487.573500,604.091638,2.618988,1,-69.165398,56.238335,533.694824,-128.728073,166.630814,0.669786,0.303635,0.251490,0.507708,1,2.525467,1,-4.353546,53.229889,537.927246,-126.185356,169.246063,0.496866,0.316780,0.256399,0.499112,1,2.712509
1644834605522.5452,148933989919,11770387241,486.409521,605.265623,2.615845,1,-69.143158,56.235325,533.684082,-128.877258,166.105911,0.669730,0.303642,0.251202,0.509433,1,2.522507,1,-4.308430,53.204628,537.900330,-126.664291,169.175781,0.496747,0.316860,0.255474,0.499343,1,2.709183
1644834605534.545,148934001023,11770398344,490.210276,604.642099,2.614334,1,-69.077362,56.229713,533.596375,-128.169601,166.320816,0.669585,0.303630,0.252568,0.508727,1,2.517563,1,-4.266697,53.174904,537.837280,-125.321129,169.277008,0.496639,0.316943,0.258067,0.499010,1,2.711105
1644834605544.544,148934012126,11770409447,489.815912,605.191827,2.612053,1,-69.024422,56.219978,533.510925,-128.643433,165.804092,0.669473,0.303633,0.251654,0.510425,1,2.511292,1,-4.211245,53.146687,537.729858,-125.060059,169.514984,0.496494,0.317006,0.258571,0.498228,1,2.712814
1644834605556.544,148934023229,11770420550,490.995197,604.778284,2.612206,1,-68.985619,56.209427,533.424988,-128.912750,165.932526,0.669399,0.303639,0.251134,0.510003,1,2.507339,1,-4.156886,53.112679,537.566406,-124.154419,169.596222,0.496354,0.317070,0.260320,0.497961,1,2.717072
1644834605567.5508,148934034332,11770431653,489.413424,607.364988,2.617767,1,-68.865196,56.157261,533.145264,-128.480438,165.497116,0.669174,0.303721,0.251968,0.511434,1,2.515045,1,-4.082116,53.076981,537.374817,-125.440224,168.720062,0.496160,0.317130,0.257837,0.500841,1,2.720490
1644834605577.547,148934045434,11770442756,490.283833,607.961833,2.615761,1,-68.797707,56.119160,532.958618,-127.516212,165.712845,0.669059,0.303787,0.253830,0.510725,1,2.516205,1,-4.015130,53.027378,537.151794,-125.934814,168.201706,0.495987,0.317229,0.256883,0.502544,1,2.715317
1644834605589.544,148934056538,11770453859,490.680285,607.601810,2.616173,1,-68.761131,56.095047,532.891113,-127.270981,165.828232,0.668984,0.303848,0.254303,0.510346,1,2.517990,1,-3.958023,52.979401,537.022278,-125.966103,168.268875,0.495839,0.317354,0.256822,0.502324,1,2.714355
1644834605600.548,148934067642,11770464963,488.552542,606.493950,2.617126,1,-68.676506,56.050304,532.800049,-127.471428,165.763596,0.668790,0.303974,0.253916,0.510558,1,2.516983,1,-3.897928,52.927998,536.957458,-126.913750,168.895233,0.495682,0.317513,0.254993,0.500265,1,2.717270
1644834605611.5461,148934078745,11770476066,488.109684,607.050240,2.614281,1,-68.627014,56.027843,532.768555,-128.259079,165.213974,0.668669,0.304043,0.252396,0.512365,1,2.514328,1,-3.849657,52.885082,536.914612,-126.365074,169.162842,0.495555,0.317651,0.256052,0.499385,1,2.714233
1644834605622.5432,148934089848,11770487169,487.032967,605.753088,2.609131,1,-68.599060,56.021942,532.751648,-129.122299,165.651428,0.668600,0.304058,0.250729,0.510927,1,2.507935,1,-3.802925,52.842651,536.879456,-126.082817,169.383057,0.495432,0.317789,0.256597,0.498661,1,2.710327
1644834605634.5461,148934100951,11770498272,488.501387,606.713068,2.605820,1,-68.527420,56.025139,532.729248,-128.648972,165.453308,0.668416,0.304039,0.251643,0.511578,1,2.508118,1,-3.757956,52.817879,536.858765,-125.763802,169.094406,0.495314,0.317870,0.257213,0.499610,1,2.703522
1644834605644.544,148934112054,11770509375,488.750896,605.429775,2.607483,1,-68.487991,56.038403,532.723511,-128.064056,166.101807,0.668312,0.303991,0.252772,0.509447,1,2.507751,1,-3.707345,52.793335,536.847168,-126.214096,169.096573,0.495180,0.317953,0.256343,0.499603,1,2.707214
1644834605656.545,148934123157,11770520478,490.546618,606.372195,2.610023,1,-68.455193,56.048576,532.698486,-127.632790,165.669495,0.668233,0.303945,0.253605,0.510868,1,2.512970,1,-3.655383,52.770149,536.796265,-125.676437,169.051071,0.495043,0.318018,0.257381,0.499752,1,2.707077
1644834605667.5452,148934134260,11770531581,488.994284,605.632049,2.609085,1,-68.328957,56.070702,532.599182,-129.315750,165.972992,0.667929,0.303831,0.250356,0.509870,1,2.511139,1,-3.596051,52.746037,536.721680,-124.831116,169.122864,0.494888,0.318078,0.259013,0.499517,1,2.707031
1644834605677.5452,148934145363,11770542684,489.258442,605.634212,2.609619,1,-68.260994,56.091816,532.593018,-129.276749,166.192734,0.667749,0.303755,0.250431,0.509148,1,2.511810,1,-3.519929,52.726715,536.702209,-124.727509,168.901993,0.494686,0.318141,0.259213,0.500243,1,2.707428
1644834605689.545,148934156467,11770553788,488.546333,607.180059,2.608620,1,-68.209503,56.105560,532.591919,-128.881470,166.005356,0.667612,0.303706,0.251194,0.509764,1,2.509949,1,-3.425784,52.714314,536.685852,-125.507065,168.305573,0.494437,0.318180,0.257708,0.502203,1,2.707291
1644834605700.5461,148934167570,11770564891,487.673349,608.772111,2.608772,1,-68.067619,56.137360,532.599670,-128.808624,165.806473,0.667229,0.303598,0.251335,0.510418,1,2.511810,1,-3.324097,52.700653,536.675781,-126.050972,167.697250,0.494168,0.318227,0.256658,0.504203,1,2.705734
1644834605710.5452,148934178673,11770575994,495.234118,608.862877,2.605988,1,-67.963951,56.149734,532.614685,-127.177582,165.963593,0.666947,0.303561,0.254483,0.509901,1,2.508942,1,-3.188560,52.681583,536.679382,-123.602348,167.494095,0.493809,0.318297,0.261385,0.504870,1,2.703033
1644834605722.545,148934189777,11770587097,509.104986,608.654559,2.606438,1,-67.864067,56.151951,532.551270,-124.611549,166.455658,0.666701,0.303531,0.259437,0.508284,1,2.511597,1,-3.031230,52.645187,536.553040,-118.683868,167.107635,0.493394,0.318384,0.270881,0.506141,1,2.701279
1644834605733.5452,148934200880,11770598200,541.977053,609.494376,2.602837,1,-67.581146,56.156727,532.261292,-113.040169,165.636200,0.666043,0.303408,0.281776,0.510977,1,2.506729,1,-2.855494,52.591347,536.348450,-112.518036,167.501236,0.492931,0.318506,0.282784,0.504847,1,2.698944
1644834605744.545,148934211982,11770609303,553.953123,610.958469,2.602409,1,-67.445099,56.151901,532.044800,-110.152351,164.932907,0.665752,0.303346,0.287351,0.513289,1,2.510101,1,-2.714914,52.536697,536.053406,-108.943741,167.462158,0.492563,0.318599,0.289684,0.504975,1,2.694717
1644834605756.5452,148934223085,11770620406,556.746168,610.951495,2.605255,1,-67.379425,56.160374,532.070923,-108.969894,164.676270,0.665567,0.303327,0.289633,0.514132,1,2.516464,1,-2.599416,52.509621,536.070557,-108.619141,167.722366,0.492256,0.318703,0.290311,0.504120,1,2.694046
1644834605767.565,148934234188,11770631509,556.025562,609.719574,2.608658,1,-67.277748,56.191143,532.346497,-109.887878,165.222092,0.665201,0.303323,0.287861,0.512338,1,2.525482,1,-2.525839,52.491096,536.227295,-108.089966,167.801178,0.492059,0.318823,0.291332,0.503861,1,2.691833
1644834605777.565,148934245292,11770642613,556.352463,607.951355,2.611618,1,-67.236916,56.193550,532.419250,-110.258072,165.775024,0.665068,0.303342,0.287147,0.510521,1,2.527435,1,-2.458427,52.452404,536.317566,-107.543381,168.144806,0.491880,0.318992,0.292387,0.502731,1,2.695801
1644834605789.552,148934256396,11770653716,556.477547,607.753551,2.605865,1,-67.190300,56.181213,532.382446,-110.394737,166.078125,0.664955,0.303373,0.286883,0.509525,1,2.518570,1,-2.392343,52.399307,536.246338,-107.339249,167.942078,0.491706,0.319156,0.292781,0.503398,1,2.693161
1644834605801.015,148934267499,11770664819,555.650797,608.085823,2.608177,1,-67.066460,56.126617,532.162231,-109.796349,166.475891,0.664699,0.303486,0.288038,0.508217,1,2.519653,1,-2.317846,52.334114,536.097107,-108.383789,167.375839,0.491511,0.319336,0.290765,0.505259,1,2.696701
1644834605810.559,148934278602,11770675922,552.897291,609.150231,2.605125,1,-67.015900,56.104942,532.120911,-110.362206,166.040955,0.664578,0.303548,0.286946,0.509647,1,2.517914,1,-2.244464,52.273148,536.028992,-109.303650,167.271042,0.491317,0.319530,0.288989,0.505603,1,2.692337
1644834605822.559,148934289705,11770687025,553.164740,607.865095,2.605240,1,-66.968246,56.091160,532.075928,-110.778000,165.854492,0.664465,0.303581,0.286143,0.510260,1,2.515762,1,-2.177737,52.192314,535.950378,-108.743523,168.109070,0.491142,0.319789,0.290070,0.502849,1,2.694717
1644834605941.862,148934300808,11770698128,552.016211,603.777480,2.594147,1,-66.821587,56.050480,531.977600,-112.413811,167.285751,0.664106,0.303691,0.282985,0.505555,1,2.498718,1,-2.106277,52.116337,535.875854,-107.727448,168.750427,0.490953,0.320033,0.292032,0.500741,1,2.689575
1644834605942.868,148934311911,11770709231,555.055847,604.205739,2.593849,1,-66.758507,56.043682,531.963318,-111.280693,166.963379,0.663942,0.303711,0.285172,0.506615,1,2.498505,1,-2.019261,52.057407,535.842529,-107.220444,168.855682,0.490723,0.320232,0.293011,0.500395,1,2.689194
1644834605942.868,148934323014,11770720334,556.238508,604.964125,2.592896,1,-66.693848,56.036739,531.939636,-110.742500,166.832932,0.663777,0.303728,0.286211,0.507044,1,2.498352,1,-1.916909,52.007137,535.788879,-107.120468,168.601593,0.490453,0.320393,0.293204,0.501230,1,2.687439
1644834605943.8628,148934334118,11770731438,558.702564,604.264230,2.594391,1,-66.534447,56.027882,531.883911,-109.535812,166.614105,0.663369,0.303741,0.288541,0.507763,1,2.501144,1,-1.808737,51.952904,535.738159,-106.997581,169.175323,0.490166,0.320569,0.293441,0.499344,1,2.687637
1644834605945.8662,148934345221,11770742541,559.009266,605.626345,2.596458,1,-66.456970,56.027580,531.864746,-109.274033,166.515701,0.663168,0.303736,0.289046,0.508086,1,2.499664,1,-1.696515,51.904835,535.695435,-107.093872,168.583084,0.489869,0.320726,0.293255,0.501291,1,2.693253
1644834605946.869,148934356324,11770753644,559.524565,605.654025,2.601784,1,-66.393890,56.030071,531.870728,-109.013443,166.466583,0.662997,0.303730,0.289549,0.508248,1,2.506332,1,-1.586781,51.861374,535.687805,-107.076416,168.618149,0.489578,0.320879,0.293289,0.501176,1,2.697235
1644834605947.865,148934367427,11770764747,572.812986,609.767783,2.603569,1,-66.218285,56.043850,531.896179,-104.858780,164.847214,0.662518,0.303693,0.297570,0.513571,1,2.507172,1,-1.463941,51.825783,535.685181,-104.060883,168.151657,0.489252,0.321005,0.299110,0.502709,1,2.699966
1644834605947.865,148934378531,11770775850,588.788223,606.816137,2.595924,1,-66.113319,56.048901,531.922485,-101.440842,166.072510,0.662228,0.303687,0.304168,0.509543,1,2.495041,1,-1.320550,51.791538,535.693726,-98.858849,168.422989,0.488872,0.321132,0.309153,0.501817,1,2.696808
1644834605948.878,148934389634,11770786953,603.220568,607.248223,2.592377,1,-66.016006,56.049480,531.873413,-98.588715,166.210754,0.661984,0.303668,0.309674,0.509089,1,2.494522,1,-1.172589,51.754253,535.596069,-93.923546,168.065643,0.488480,0.321232,0.318680,0.502992,1,2.690231
1644834605949.864,148934400737,11770798056,612.866020,605.597949,2.588417,1,-65.823334,56.053333,531.750305,-94.980469,167.942978,0.661508,0.303610,0.316640,0.503395,1,2.491333,1,-1.046767,51.729321,535.494690,-92.327248,167.170181,0.488146,0.321288,0.321762,0.505935,1,2.685501
1644834605949.864,148934411840,11770809159,612.532310,606.875181,2.590248,1,-65.724556,56.039837,531.504395,-95.234062,167.371765,0.661325,0.303567,0.316150,0.505272,1,2.500717,1,-0.958947,51.672634,535.171814,-92.253716,167.093765,0.487915,0.321379,0.321904,0.506186,1,2.679779
1644834605955.862,148934422944,11770820263,615.316401,604.737246,2.589378,1,-65.668152,56.037983,531.412964,-94.763763,167.624268,0.661204,0.303540,0.317058,0.504442,1,2.496674,1,-0.901137,51.625820,535.020691,-91.221733,167.925293,0.487762,0.321494,0.323896,0.503453,1,2.682083
1644834605966.862,148934434047,11770831366,619.286699,607.149553,2.596161,1,-65.556442,56.050632,531.237610,-93.266365,165.735245,0.660962,0.303430,0.319949,0.510652,1,2.505676,1,-0.835670,51.579330,534.897461,-90.576843,168.591156,0.487589,0.321618,0.325141,0.501264,1,2.686646
1644834605977.863,148934445150,11770842469,621.446686,608.160567,2.594078,1,-65.511032,56.069382,531.254700,-92.181831,165.104919,0.660835,0.303370,0.322043,0.512723,1,2.504562,1,-0.772205,51.562141,534.908875,-90.495850,168.708817,0.487420,0.321684,0.325298,0.500877,1,2.683594
1644834605988.862,148934456253,11770853572,618.931389,608.742893,2.591125,1,-65.462883,56.078693,531.203979,-92.376541,164.862610,0.660722,0.303319,0.321667,0.513520,1,2.502518,1,-0.695398,51.538914,534.818359,-91.658371,168.655853,0.487217,0.321736,0.323053,0.501052,1,2.679733
1644834606000.864,148934467356,11770864675,616.800013,605.520076,2.589851,1,-65.339890,56.093571,531.058838,-93.089569,165.719238,0.660440,0.303212,0.320290,0.510704,1,2.503067,1,-0.630413,51.519283,534.708801,-92.095383,169.433365,0.487044,0.321769,0.322210,0.498496,1,2.676636
1644834606010.863,148934478459,11770875778,618.623857,604.758668,2.587929,1,-65.280083,56.104221,531.003296,-93.170952,166.328400,0.660298,0.303154,0.320133,0.508702,1,2.498474,1,-0.575099,51.511909,534.625610,-91.029915,169.210281,0.486897,0.321768,0.324267,0.499229,1,2.677383
1644834606022.8628,148934489562,11770886881,619.947224,606.019700,2.591118,1,-65.238289,56.124798,530.994873,-92.907669,166.292694,0.660188,0.303078,0.320642,0.508819,1,2.504379,1,-0.516355,51.528111,534.599731,-90.579170,168.606628,0.486741,0.321702,0.325137,0.501213,1,2.677856
1644834606033.863,148934500665,11770897984,617.967682,607.956684,2.582458,1,-65.124367,56.180634,530.965271,-94.306465,166.705139,0.659892,0.302869,0.317941,0.507464,1,2.490936,1,-0.449018,51.559025,534.565979,-90.248497,167.212051,0.486562,0.321582,0.325775,0.505797,1,2.673981
1644834606044.863,148934511770,11770909088,615.234089,606.413305,2.580620,1,-65.074501,56.222309,531.006836,-94.443748,166.976456,0.659744,0.302737,0.317676,0.506572,1,2.492676,1,-0.373834,51.596153,534.607422,-91.586182,167.723236,0.486361,0.321466,0.323193,0.504117,1,2.668564
1644834606055.862,148934522873,11770920191,615.541248,606.124592,2.582642,1,-65.029358,56.262375,531.048889,-94.735634,167.000916,0.659608,0.302611,0.317113,0.506491,1,2.496506,1,-0.309777,51.632347,534.657654,-91.128563,167.845230,0.486190,0.321356,0.324076,0.503716,1,2.668777
1644834606066.862,148934533976,11770931294,619.907570,601.431048,2.580696,1,-64.943573,56.373180,531.186584,-93.096565,167.177811,0.659332,0.302269,0.320277,0.505910,1,2.490967,1,-0.250249,51.664806,534.738525,-90.411621,170.048157,0.486032,0.321269,0.325460,0.496475,1,2.670425
1644834606077.862,148934545078,11770942397,622.709999,603.529376,2.583824,1,-64.890457,56.423336,531.198059,-92.797707,166.578369,0.659185,0.302095,0.320854,0.507880,1,2.490051,1,-0.189016,51.699215,534.742371,-89.198334,169.583649,0.485868,0.321150,0.327802,0.498002,1,2.677597
1644834606088.8628,148934556181,11770953500,624.242849,603.124255,2.579895,1,-64.839691,56.458408,531.168762,-92.024017,165.890656,0.659058,0.301959,0.322347,0.510141,1,2.477829,1,-0.114263,51.718777,534.688904,-89.144943,170.476761,0.485669,0.321063,0.327906,0.495066,1,2.681961
1644834606100.863,148934567284,11770964603,618.444128,608.425140,2.586777,1,-64.707520,56.502827,531.057678,-94.178864,165.730423,0.658739,0.301760,0.318188,0.510668,1,2.489655,1,-0.039752,51.741348,534.600586,-90.118996,167.949219,0.485471,0.320954,0.326025,0.503374,1,2.683899
1644834606110.8699,148934578388,11770975706,610.891485,608.453178,2.582787,1,-64.654648,56.515488,531.018372,-96.267357,166.502213,0.658610,0.301701,0.314156,0.508131,1,2.483688,1,0.025579,51.747505,534.536621,-92.105789,167.163239,0.485297,0.320911,0.322190,0.505958,1,2.681885
1644834606122.865,148934589491,11770986809,605.145435,608.026028,2.584778,1,-64.621407,56.532970,531.066467,-97.670692,166.927582,0.658505,0.301657,0.311447,0.506732,1,2.489990,1,0.078198,51.751369,534.600952,-93.802910,166.954407,0.485157,0.320920,0.318913,0.506644,1,2.679565
1644834606133.8652,148934600595,11770997913,603.574362,606.733167,2.589371,1,-64.562286,56.583038,531.263245,-97.151497,166.200790,0.658282,0.301554,0.312449,0.509121,1,2.496735,1,0.140504,51.744640,534.722351,-95.169807,168.336716,0.484991,0.320987,0.316275,0.502101,1,2.682007
1644834606143.863,148934611698,11771009016,605.204172,606.409764,2.591339,1,-64.515503,56.606289,531.413574,-96.481155,166.059021,0.658108,0.301529,0.313743,0.509587,1,2.500931,1,0.214450,51.740246,534.901001,-94.960747,168.642456,0.484795,0.321064,0.316678,0.501096,1,2.681747
1644834606155.865,148934622801,11771020119,605.215158,607.531643,2.591194,1,-64.457535,56.609486,531.433228,-96.667305,166.269791,0.657946,0.301526,0.313384,0.508895,1,2.499268,1,0.304542,51.723595,534.916687,-94.768654,167.862869,0.484556,0.321130,0.317049,0.503658,1,2.683121
1644834606166.934,148934633904,11771031222,604.989367,607.343709,2.584503,1,-64.301422,56.600040,531.405579,-96.742371,167.236023,0.657537,0.301552,0.313239,0.505719,1,2.490631,1,0.403029,51.698204,534.883362,-94.815445,166.991913,0.484294,0.321210,0.316959,0.506521,1,2.678375
1644834606177.946,148934645007,11771042325,605.122690,606.324220,2.593079,1,-64.209183,56.587917,531.356323,-97.241951,167.682205,0.657305,0.301578,0.312274,0.504252,1,2.500702,1,0.507696,51.651367,534.808105,-94.243881,167.062653,0.484016,0.321352,0.318062,0.506289,1,2.685455
1644834606188.8289,148934656110,11771053428,605.982571,606.913090,2.591927,1,-64.126579,56.583466,531.338928,-97.206818,167.358124,0.657090,0.301588,0.312342,0.505317,1,2.503204,1,0.619631,51.599739,534.767639,-93.815086,167.088211,0.483718,0.321523,0.318890,0.506205,1,2.680649
1644834606200.361,148934667213,11771064531,602.913094,608.067048,2.598503,1,-63.914856,56.563492,531.302063,-99.086929,167.103500,0.656534,0.301649,0.308712,0.506154,1,2.513153,1,0.740704,51.544300,534.726562,-93.591202,166.757736,0.483397,0.321707,0.319322,0.507291,1,2.683853
1644834606210.5059,148934678316,11771075634,603.304768,609.958577,2.594215,1,-63.815414,56.564083,531.304443,-98.849556,166.208023,0.656267,0.301649,0.309171,0.509098,1,2.510880,1,0.873670,51.490242,534.713745,-93.617233,166.694061,0.483044,0.321896,0.319272,0.507500,1,2.677551
1644834606222.52,148934689420,11771086738,602.237778,610.872853,2.598160,1,-63.730438,56.568279,531.339905,-98.851562,165.649124,0.656028,0.301649,0.309167,0.510935,1,2.513733,1,1.009762,51.445217,534.747620,-94.190971,166.789429,0.482682,0.322069,0.318164,0.507187,1,2.682587
1644834606234.103,148934700523,11771097841,603.337412,607.169580,2.596832,1,-63.543804,56.589291,531.458435,-98.363907,166.652130,0.655489,0.301622,0.310108,0.507638,1,2.511993,1,1.141785,51.404884,534.806580,-94.085281,167.664154,0.482332,0.322234,0.318368,0.504311,1,2.681671
1644834606243.863,148934711627,11771108944,600.641298,605.795932,2.593819,1,-63.454544,56.600670,531.493469,-98.448837,166.957397,0.655239,0.301596,0.309944,0.506634,1,2.507675,1,1.275403,51.378849,534.832886,-95.455124,168.055344,0.481977,0.322338,0.315724,0.503025,1,2.679962
1644834606255.863,148934722730,11771120047,600.872240,605.048025,2.590973,1,-63.377068,56.611237,531.541931,-97.812073,167.648605,0.655016,0.301578,0.311174,0.504362,1,2.506348,1,1.405701,51.364586,534.882202,-95.967300,167.743378,0.481631,0.322407,0.314735,0.504051,1,2.675598
1644834606266.957,148934733833,11771131150,601.887846,609.478176,2.594162,1,-63.224018,56.650906,531.649536,-96.882065,166.038315,0.654571,0.301480,0.312969,0.509656,1,2.509293,1,1.526076,51.345543,534.934814,-96.349289,167.107422,0.481311,0.322494,0.313998,0.506141,1,2.679031
1644834606276.967,148934744936,11771142253,605.785847,612.208307,2.598351,1,-63.138039,56.670723,531.670959,-95.832344,165.018799,0.654334,0.301419,0.314995,0.513007,1,2.515396,1,1.635779,51.321682,534.946655,-95.295670,166.742584,0.481020,0.322584,0.316032,0.507341,1,2.681305
1644834606288.957,148934756039,11771153356,613.700953,611.141145,2.601639,1,-63.038845,56.684566,531.661621,-94.556999,165.043625,0.654071,0.301367,0.317457,0.512925,1,2.518890,1,1.772595,51.287518,534.913086,-92.300163,167.258865,0.480656,0.322696,0.321814,0.505644,1,2.684387
1644834606300.9592,148934767142,11771164459,640.195627,610.001028,2.595367,1,-62.753723,56.701035,531.518555,-86.755333,165.350708,0.653352,0.301258,0.332519,0.511916,1,2.511520,1,1.947559,51.254593,534.790710,-85.805740,167.529861,0.480190,0.322773,0.334352,0.504753,1,2.679214
1644834606310.955,148934778246,11771175563,663.315582,606.208241,2.587982,1,-62.610653,56.732353,531.688599,-81.960609,166.710693,0.652915,0.301214,0.341775,0.507445,1,2.506943,1,2.149357,51.247616,534.956177,-78.125366,168.093033,0.479655,0.322857,0.349179,0.502902,1,2.669022
1644834606321.965,148934789349,11771186666,675.826836,605.142760,2.585167,1,-62.506939,56.766144,531.891418,-79.961937,166.876068,0.652573,0.301172,0.345633,0.506902,1,2.499146,1,2.325653,51.245277,535.222900,-73.373161,168.467880,0.479190,0.322959,0.358353,0.501669,1,2.671188
1644834606333.956,148934800452,11771197769,682.135277,603.940666,2.594620,1,-62.360737,56.848537,532.484741,-77.490860,166.600052,0.651995,0.301108,0.350404,0.507809,1,2.512634,1,2.478564,51.244289,535.613220,-72.440346,169.353439,0.478789,0.323097,0.360154,0.498759,1,2.676605
1644834606343.964,148934811555,11771208872,680.045500,604.776746,2.596420,1,-62.247650,56.857891,532.509949,-78.077461,166.280975,0.651685,0.301086,0.349271,0.508858,1,2.509766,1,2.611758,51.208908,535.623047,-72.981331,169.248550,0.478436,0.323227,0.359109,0.499103,1,2.683075
1644834606355.959,148934822658,11771219975,680.679531,607.199085,2.596863,1,-62.148186,56.859715,532.473328,-77.259773,166.138107,0.651430,0.301067,0.350850,0.509328,1,2.518005,1,2.747469,51.179424,535.551086,-73.456894,168.163208,0.478074,0.323309,0.358191,0.502671,1,2.675720
1644834606366.965,148934833761,11771231078,681.489029,610.499132,2.590256,1,-61.938297,56.860508,532.307129,-77.279716,166.129822,0.650920,0.301003,0.350811,0.509355,1,2.515488,1,2.874048,51.153046,535.410278,-73.000153,166.498215,0.477736,0.323357,0.359073,0.508144,1,2.665024
1644834606377.9558,148934844864,11771242181,681.155548,613.682735,2.592529,1,-61.833820,56.885052,532.300171,-76.896660,164.762344,0.650642,0.300915,0.351551,0.513850,1,2.521820,1,3.003865,51.131229,535.384216,-73.563156,166.251450,0.477391,0.323427,0.357986,0.508955,1,2.663239
1644834606388.9612,148934855967,11771253284,680.957308,613.454854,2.591278,1,-61.750576,56.905956,532.306641,-76.234871,164.363144,0.650417,0.300844,0.352828,0.515162,1,2.516418,1,3.130501,51.106934,535.376465,-74.331879,166.766205,0.477055,0.323512,0.356502,0.507263,1,2.666138
1644834606400.483,148934867071,11771264388,681.605444,610.791743,2.591896,1,-61.606430,56.940041,532.334900,-75.389946,164.818024,0.650023,0.300736,0.354460,0.513667,1,2.515945,1,3.248398,51.082230,535.379578,-74.827110,167.661621,0.476742,0.323603,0.355546,0.504320,1,2.667847
1644834606410.485,148934878174,11771275491,681.795216,607.084894,2.588013,1,-61.515232,56.952419,532.332642,-75.366493,166.408585,0.649779,0.300692,0.354505,0.508438,1,2.509644,1,3.347248,51.064644,535.357544,-74.748192,167.950653,0.476479,0.323659,0.355698,0.503370,1,2.666382
1644834606422.262,148934889278,11771286594,683.351297,605.893815,2.590149,1,-61.449623,56.966072,532.331604,-75.734764,166.998596,0.649604,0.300644,0.353794,0.506499,1,2.512711,1,3.429610,51.049545,535.339600,-73.540245,167.964508,0.476260,0.323708,0.358030,0.503324,1,2.667587
1644834606433.302,148934900381,11771297697,683.366575,605.388165,2.587593,1,-61.329403,57.011639,532.337097,-76.059380,166.500122,0.649280,0.300486,0.353167,0.508137,1,2.507706,1,3.507006,51.040703,535.328918,-73.207405,168.719345,0.476055,0.323736,0.358673,0.500843,1,2.667480
1644834606444.298,148934911484,11771308800,684.161797,604.568624,2.587593,1,-61.262142,57.037415,532.318665,-76.120224,166.513840,0.649105,0.300388,0.353050,0.508092,1,2.505814,1,3.581651,51.036583,535.291992,-72.717484,169.121231,0.475856,0.323740,0.359619,0.499522,1,2.669373
1644834606455.2969,148934922587,11771319903,685.331097,605.842280,2.588730,1,-61.200275,57.055435,532.268127,-75.882805,166.203644,0.648955,0.300305,0.353508,0.509112,1,2.507492,1,3.654216,51.030975,535.207214,-72.323975,168.785614,0.475661,0.323732,0.360378,0.500625,1,2.669968
1644834606466.296,148934933690,11771331006,685.194998,605.303478,2.586441,1,-61.073750,57.080482,532.153870,-76.201996,166.762009,0.648651,0.300174,0.352892,0.507277,1,2.506363,1,3.731694,51.021568,535.112366,-72.078232,168.500458,0.475454,0.323734,0.360853,0.501562,1,2.666519
1644834606477.297,148934944793,11771342109,685.390978,605.910552,2.591225,1,-61.001453,57.090275,532.126892,-76.320381,166.853943,0.648466,0.300130,0.352663,0.506975,1,2.513382,1,3.813831,51.009972,535.064819,-71.854080,168.100693,0.475234,0.323761,0.361286,0.502876,1,2.669067
1644834606489.296,148934955897,11771353213,683.687439,606.612897,2.589905,1,-60.938503,57.097404,532.093506,-76.516983,166.688889,0.648308,0.300093,0.352284,0.507517,1,2.515656,1,3.905697,50.996956,535.003540,-72.576668,167.909622,0.474989,0.323787,0.359891,0.503505,1,2.664154
1644834606500.298,148934967000,11771364316,684.719467,607.878721,2.596497,1,-60.816704,57.108692,532.018738,-75.844528,167.160980,0.648004,0.300025,0.353582,0.505965,1,2.522018,1,3.991344,50.980946,534.936890,-72.692230,166.795700,0.474760,0.323823,0.359668,0.507166,1,2.670975
1644834606510.299,148934978103,11771375419,684.364843,609.127235,2.588737,1,-60.745831,57.113609,531.955627,-75.650169,166.576370,0.647834,0.299985,0.353957,0.507887,1,2.515656,1,4.073624,50.955593,534.851746,-73.077942,166.747314,0.474540,0.323885,0.358923,0.507325,1,2.661819
1644834606522.2969,148934989206,11771386522,684.623537,607.441306,2.588432,1,-60.691666,57.112968,531.928650,-75.815208,166.984222,0.647697,0.299977,0.353639,0.506546,1,2.510620,1,4.143559,50.925980,534.802490,-72.773308,167.194260,0.474353,0.323975,0.359511,0.505856,1,2.666245
1644834606533.3071,148935000309,11771397625,685.582752,606.751621,2.586250,1,-60.603378,57.108742,531.891724,-76.080177,166.069992,0.647472,0.299980,0.353127,0.509551,1,2.508347,1,4.197730,50.889797,534.766113,-71.990761,168.458160,0.474209,0.324091,0.361022,0.501701,1,2.664154
1644834606544.2969,148935011412,11771408728,687.385769,606.891596,2.589218,1,-60.549763,57.098373,531.823730,-75.384758,165.780243,0.647349,0.299991,0.354469,0.510504,1,2.514145,1,4.250015,50.860050,534.674561,-71.713303,168.676941,0.474068,0.324167,0.361557,0.500982,1,2.664291
1644834606555.296,148935022516,11771419831,687.882071,606.376433,2.586281,1,-60.498764,57.088154,531.724365,-74.812073,165.749191,0.647243,0.299990,0.355575,0.510606,1,2.512650,1,4.308751,50.828144,534.525940,-72.018211,168.969238,0.473909,0.324231,0.360969,0.500022,1,2.659912
1644834606567.2979,148935033619,11771430934,685.802221,605.554622,2.584076,1,-60.379871,57.071651,531.470459,-75.316483,166.108124,0.647001,0.299953,0.354601,0.509426,1,2.508514,1,4.373710,50.804043,534.334778,-72.636078,169.026993,0.473732,0.324253,0.359776,0.499832,1,2.659637
1644834606577.2979,148935044722,11771442038,685.298681,604.820985,2.582443,1,-60.314014,57.084488,531.384949,-76.117889,165.950333,0.646851,0.299875,0.353054,0.509945,1,2.500015,1,4.434987,50.787560,534.224548,-72.106354,169.556763,0.473566,0.324275,0.360799,0.498090,1,2.664871
1644834606589.2961,148935055825,11771453141,687.982635,607.593262,2.584259,1,-60.264198,57.099644,531.347656,-75.614067,164.993546,0.646728,0.299808,0.354027,0.513090,1,2.503525,1,4.493502,50.787209,534.162537,-71.161995,169.107880,0.473409,0.324256,0.362622,0.499566,1,2.664993
1644834606600.296,148935066928,11771464244,689.535742,610.011327,2.584785,1,-60.170052,57.116013,531.308655,-74.806328,164.406738,0.646487,0.299736,0.355586,0.515019,1,2.506149,1,4.564716,50.793118,534.122559,-71.131706,168.468613,0.473218,0.324223,0.362680,0.501667,1,2.663422
1644834606610.296,148935078031,11771475347,688.378973,612.334263,2.585487,1,-60.111347,57.122978,531.294128,-74.805412,164.462204,0.646334,0.299706,0.355588,0.514836,1,2.508301,1,4.638343,50.809334,534.091187,-71.756760,167.235321,0.473021,0.324156,0.361473,0.505721,1,2.662674
1644834606622.2961,148935089134,11771486450,686.210203,610.728800,2.580513,1,-60.051746,57.129723,531.269775,-75.851540,165.264633,0.646182,0.299674,0.353568,0.512199,1,2.502060,1,4.711543,50.817955,534.045593,-71.880852,167.246933,0.472825,0.324111,0.361234,0.505683,1,2.658966
1644834606633.296,148935100238,11771497553,682.766991,611.762702,2.577843,1,-59.929436,57.158936,531.250244,-77.710091,165.350296,0.645860,0.299564,0.349981,0.511917,1,2.497696,1,4.773894,50.838650,534.019897,-71.880219,166.637054,0.472658,0.324029,0.361235,0.507687,1,2.657990
1644834606644.298,148935111341,11771508656,684.063921,611.318243,2.574806,1,-59.864487,57.174511,531.225464,-77.132767,166.205948,0.645693,0.299499,0.351095,0.509104,1,2.496979,1,4.821736,50.856621,533.980164,-71.757713,166.006729,0.472530,0.323953,0.361472,0.509759,1,2.652634
1644834606655.2961,148935122444,11771519759,686.872330,619.100440,2.566093,1,-59.817276,57.201187,531.271912,-77.043419,164.370087,0.645552,0.299423,0.351267,0.515139,1,2.489761,1,4.845173,50.898521,534.039978,-70.331688,163.896698,0.472468,0.323825,0.364225,0.516695,1,2.642426
1644834606666.299,148935133548,11771530863,692.750330,632.603467,2.524315,1,-59.778671,57.246983,531.320068,-74.360847,160.717880,0.645433,0.299279,0.356446,0.527144,1,2.433182,1,4.857906,50.927994,534.073669,-69.842575,160.702286,0.472435,0.323732,0.365169,0.527195,1,2.615448
1644834606676.2969,148935144651,11771541966,696.570654,645.234096,2.602783,1,-59.740341,57.293026,531.458618,-75.333221,155.206863,0.645289,0.299168,0.354569,0.545259,1,2.522766,1,4.852421,50.959435,534.192566,-66.808823,159.809021,0.472452,0.323660,0.371025,0.530131,1,2.682800
1644834606687.297,148935155754,11771553069,nan,nan,nan,0,nan,nan,nan,nan,nan,nan,nan,nan,nan,0,nan,0,nan,nan,nan,nan,nan,nan,nan,nan,nan,0,nan
1644834606698.2952,148935166857,11771564172,nan,nan,nan,0,nan,nan,nan,nan,nan,nan,nan,nan,nan,0,nan,0,nan,nan,nan,nan,nan,nan,nan,nan,nan,0,nan
1644834606709.2979,148935177960,11771575275,nan,nan,nan,0,nan,nan,nan,nan,nan,nan,nan,nan,nan,0,nan,0,nan,nan,nan,nan,nan,nan,nan,nan,nan,0,nan
1644834606719.299,148935189063,11771586378,nan,nan,nan,0,nan,nan,nan,nan,nan,nan,nan,nan,nan,0,nan,0,nan,nan,nan,nan,nan,nan,nan,nan,nan,0,nan
1644834606730.296,148935200166,11771597481,nan,nan,nan,0,nan,nan,nan,nan,nan,nan,nan,nan,nan,0,nan,0,nan,nan,nan,nan,nan,nan,nan,nan,nan,0,nan
1644834606741.297,148935211269,11771608584,nan,nan,nan,0,nan,nan,nan,nan,nan,nan,nan,nan,nan,0,nan,0,nan,nan,nan,nan,nan,nan,nan,nan,nan,0,nan
1644834606753.298,148935222373,11771619688,nan,nan,nan,0,nan,nan,nan,nan,nan,nan,nan,nan,nan,0,nan,0,nan,nan,nan,nan,nan,nan,nan,nan,nan,0,nan
1644834606765.2979,148935233477,11771630791,nan,nan,nan,0,nan,nan,nan,nan,nan,nan,nan,nan,nan,0,nan,0,nan,nan,nan,nan,nan,nan,nan,nan,nan,0,nan
1644834606776.298,148935244580,11771641894,nan,nan,nan,0,nan,nan,nan,nan,nan,nan,nan,nan,nan,0,nan,0,nan,nan,nan,nan,nan,nan,nan,nan,nan,0,nan
1644834606787.2979,148935255683,11771652997,nan,nan,nan,0,nan,nan,nan,nan,nan,nan,nan,nan,nan,0,nan,0,nan,nan,nan,nan,nan,nan,nan,nan,nan,0,nan
1644834606799.297,148935266786,11771664100,nan,nan,nan,0,nan,nan,nan,nan,nan,nan,nan,nan,nan,0,nan,0,nan,nan,nan,nan,nan,nan,nan,nan,nan,0,nan
1644834606809.296,148935277889,11771675203,nan,nan,nan,0,nan,nan,nan,nan,nan,nan,nan,nan,nan,0,nan,0,nan,nan,nan,nan,nan,nan,nan,nan,nan,0,nan
1644834606821.3,148935288992,11771686306,nan,nan,nan,0,nan,nan,nan,nan,nan,nan,nan,nan,nan,0,nan,1,5.545232,51.768456,534.350769,-70.300362,143.821243,0.470605,0.320855,0.364285,0.582684,1,2.232147
1644834606833.297,148935300095,11771697409,716.646051,646.994805,1.954994,1,-59.080944,58.389923,531.648254,-73.512527,151.656693,0.643453,0.295339,0.358084,0.556928,1,1.418701,1,5.569189,51.774010,534.414307,-57.797165,162.466461,0.470543,0.320857,0.388422,0.521396,1,2.491287
1644834606844.296,148935311199,11771708513,741.712103,746.647775,2.444191,1,-59.057869,58.451572,531.663513,-64.091629,100.831642,0.643386,0.295126,0.376271,0.723992,1,2.394470,1,5.591077,51.793846,534.464539,-53.692844,162.763199,0.470486,0.320804,0.396346,0.520421,1,2.493912
1644834606855.295,148935322302,11771719616,762.639627,679.944831,2.553635,1,-59.052612,58.496166,531.821594,-59.317890,128.007446,0.643324,0.295029,0.385487,0.634664,1,2.470657,1,5.640361,51.830173,534.636108,-47.174427,169.408630,0.470359,0.320735,0.408930,0.498577,1,2.636612
1644834606867.2979,148935333405,11771730719,769.049492,641.917634,2.620560,1,-59.007694,58.535542,531.937195,-54.826641,149.668564,0.643169,0.294935,0.394157,0.563463,1,2.621323,1,5.681959,51.856678,534.718689,-48.207043,167.028931,0.470251,0.320670,0.406936,0.506399,1,2.619797
1644834606877.295,148935344508,11771741822,770.539312,597.760946,2.564613,1,-58.984627,58.595478,532.083984,-52.889027,171.071533,0.643063,0.294779,0.397898,0.493111,1,2.497253,1,5.718847,51.888206,534.824585,-49.340748,168.015289,0.470155,0.320595,0.404748,0.503157,1,2.631973
1644834606889.304,148935355611,11771752925,772.678328,603.171480,2.562492,1,-58.961033,58.629654,532.155884,-52.279991,169.289276,0.642979,0.294686,0.399073,0.498969,1,2.492645,1,5.751719,51.927044,534.896362,-48.795628,167.054169,0.470070,0.320483,0.405800,0.506316,1,2.632339
1644834606900.294,148935366714,11771764028,771.125307,607.246470,2.563393,1,-58.913013,58.719681,532.337891,-53.688354,168.178162,0.642795,0.294438,0.396354,0.502622,1,2.494812,1,5.785595,51.967041,535.002136,-48.225258,166.099121,0.469982,0.320378,0.406901,0.509456,1,2.631973
1644834606910.315,148935377817,11771775131,771.176491,609.310591,2.563240,1,-58.879807,58.764858,532.429871,-53.747860,167.131470,0.642679,0.294314,0.396240,0.506062,1,2.501297,1,5.815034,51.991154,535.068909,-48.138119,166.099182,0.469906,0.320316,0.407069,0.509455,1,2.625183
1644834606922.3052,148935388920,11771786234,770.374260,605.631566,2.566414,1,-58.854549,58.802425,532.485901,-54.329067,167.508224,0.642595,0.294203,0.395118,0.504824,1,2.504929,1,5.842240,52.010723,535.127808,-47.989780,167.587845,0.469835,0.320267,0.407356,0.504562,1,2.627899
1644834606933.301,148935400025,11771797338,772.230148,601.377296,2.564339,1,-58.821316,58.877407,532.657349,-53.222244,168.281921,0.642454,0.294004,0.397254,0.502281,1,2.501083,1,5.874234,52.039658,535.237915,-48.095184,168.971237,0.469753,0.320203,0.407152,0.500015,1,2.627594
1644834606944.295,148935411128,11771808441,771.898613,603.084791,2.555939,1,-58.801308,58.929306,532.729553,-53.177650,167.489441,0.642379,0.293848,0.397340,0.504886,1,2.489227,1,5.895901,52.076035,535.303284,-48.318680,168.897964,0.469697,0.320097,0.406721,0.500256,1,2.622650
1644834606955.853,148935422231,11771819544,771.479158,602.375722,2.558037,1,-58.776241,58.976761,532.792542,-53.375961,167.903992,0.642293,0.293704,0.396958,0.503523,1,2.487595,1,5.925121,52.121445,535.374512,-48.346722,168.842926,0.469621,0.319961,0.406667,0.500437,1,2.628479
1644834606966.9631,148935433334,11771830647,771.134577,603.009439,2.563263,1,-58.711472,59.049961,532.757324,-53.837929,167.471191,0.642129,0.293431,0.396066,0.504946,1,2.493210,1,5.946148,52.151497,535.335022,-48.070656,168.954407,0.469564,0.319842,0.407199,0.500070,1,2.633316
1644834606976.977,148935444437,11771841750,772.187033,603.999352,2.565765,1,-58.674248,59.095169,532.778442,-53.422066,167.970123,0.642023,0.293279,0.396869,0.503306,1,2.493515,1,5.971798,52.188084,535.345886,-47.918674,167.953552,0.469496,0.319716,0.407493,0.503360,1,2.638016
1644834606989.35,148935455540,11771852853,771.904163,606.171548,2.564728,1,-58.642700,59.137432,532.771851,-53.355057,167.469864,0.641940,0.293126,0.396998,0.504950,1,2.492523,1,6.000664,52.228073,535.325378,-48.138290,167.352417,0.469418,0.319568,0.407069,0.505336,1,2.636932
1644834607000.349,148935466643,11771863956,769.488602,607.691038,2.564934,1,-58.580708,59.211452,532.822021,-53.989433,168.477478,0.641759,0.292884,0.395773,0.501638,1,2.492294,1,6.036272,52.278557,535.349976,-48.807327,165.574341,0.469324,0.319398,0.405777,0.511181,1,2.637573
1644834607010.345,148935477746,11771875059,768.178968,605.309021,2.564293,1,-58.547920,59.254299,532.824097,-54.282940,168.211319,0.641670,0.292733,0.395207,0.502513,1,2.493240,1,6.058555,52.299095,535.345276,-49.220490,167.048325,0.469264,0.319325,0.404980,0.506336,1,2.635345
1644834607022.341,148935488850,11771886163,764.525728,603.934944,2.565170,1,-58.536549,59.296448,532.904968,-55.627243,168.724518,0.641616,0.292615,0.392612,0.500826,1,2.495926,1,6.055541,52.337337,535.447571,-49.847424,167.231873,0.469275,0.319224,0.403769,0.505732,1,2.634415
1644834607033.3418,148935499953,11771897266,753.298817,606.517875,2.567642,1,-58.547039,59.402809,533.172791,-58.736485,166.243332,0.641564,0.292343,0.386609,0.508982,1,2.500198,1,6.054382,52.382462,535.640198,-52.796028,168.403381,0.469284,0.319131,0.398077,0.501881,1,2.635086
1644834607044.342,148935511056,11771908369,743.142757,607.319748,2.574570,1,-58.536781,59.459000,533.310852,-60.822834,166.921585,0.641496,0.292198,0.382581,0.506752,1,2.510300,1,6.064487,52.449230,535.788818,-56.189693,167.318481,0.469261,0.318947,0.391526,0.505448,1,2.638840
1644834607055.345,148935522159,11771919472,738.623199,610.945415,2.579254,1,-58.497307,59.504066,533.263184,-61.029716,166.194672,0.641404,0.292020,0.382182,0.509141,1,2.515244,1,6.101044,52.495934,535.717834,-58.421547,166.207062,0.469161,0.318757,0.387217,0.509101,1,2.643265
1644834607066.342,148935533263,11771930575,740.794144,612.979925,2.578979,1,-58.394806,59.570549,533.078918,-60.408718,166.379089,0.641183,0.291711,0.383381,0.508535,1,2.514694,1,6.136632,52.548679,535.571655,-57.871105,164.991089,0.469061,0.318521,0.388280,0.513098,1,2.643265
1644834607077.342,148935544365,11771941678,742.631664,615.061784,2.581375,1,-58.335659,59.630753,532.996521,-60.350143,165.346588,0.641048,0.291465,0.383494,0.511929,1,2.513931,1,6.164655,52.586567,535.467834,-56.938156,164.967987,0.468983,0.318351,0.390081,0.513174,1,2.648819
1644834607089.343,148935555468,11771952781,744.136705,614.387619,2.581444,1,-58.299107,59.690804,533.059509,-60.132355,165.576828,0.640932,0.291277,0.383914,0.511172,1,2.515656,1,6.195580,52.648655,535.542053,-56.343861,165.079559,0.468903,0.318157,0.391228,0.512807,1,2.647232
1644834607100.342,148935566571,11771963884,746.692743,612.538683,2.583420,1,-58.243477,59.793663,533.179871,-59.018063,165.647278,0.640747,0.290960,0.386065,0.510941,1,2.517471,1,6.226543,52.696053,535.624390,-56.078979,165.946579,0.468823,0.318019,0.391739,0.509957,1,2.649368
1644834607110.341,148935577675,11771974988,748.838396,615.057635,2.583267,1,-58.209103,59.857113,533.277832,-58.123104,164.459763,0.640626,0.290774,0.387793,0.514844,1,2.519516,1,6.267125,52.751617,535.725647,-55.816158,165.856873,0.468718,0.317858,0.392247,0.510252,1,2.647018
1644834607122.3408,148935588778,11771986091,748.829098,616.291273,2.582672,1,-58.169537,59.901428,533.323547,-58.427872,163.662979,0.640507,0.290636,0.387205,0.517463,1,2.515228,1,6.295765,52.786320,535.776672,-55.516384,166.028198,0.468643,0.317754,0.392825,0.509689,1,2.650116
1644834607133.341,148935599881,11771997194,748.030558,617.652333,2.582832,1,-58.097305,59.969112,533.402466,-59.042023,163.518188,0.640290,0.290428,0.386019,0.517939,1,2.515839,1,6.328538,52.816708,535.826111,-55.333134,165.482849,0.468558,0.317664,0.393179,0.511481,1,2.649826
1644834607143.3452,148935610984,11772008297,744.494190,619.126153,2.581238,1,-58.037693,60.000996,533.426270,-60.453922,164.353531,0.640124,0.290325,0.383294,0.515193,1,2.511032,1,6.371737,52.844597,535.841187,-55.829384,163.900223,0.468443,0.317571,0.392221,0.516684,1,2.651443
1644834607155.342,148935622087,11772019400,745.251188,619.988108,2.586143,1,-57.982292,60.027054,533.389526,-60.000111,164.552124,0.639986,0.290218,0.384170,0.514541,1,2.516556,1,6.419081,52.856716,535.783752,-55.874729,163.264603,0.468315,0.317509,0.392134,0.518773,1,2.655731
1644834607166.342,148935633191,11772030503,743.787003,624.894440,2.588814,1,-57.872540,60.092316,533.387451,-60.626041,162.894409,0.639693,0.289987,0.382961,0.519990,1,2.521957,1,6.479143,52.881409,535.771301,-56.038876,162.434601,0.468155,0.317418,0.391817,0.521501,1,2.655670
1644834607176.343,148935644294,11772041606,746.736860,623.915863,2.587624,1,-57.796127,60.137196,533.381042,-59.273560,162.520142,0.639490,0.289826,0.385572,0.521220,1,2.520615,1,6.540988,52.890839,535.753296,-55.799660,163.304977,0.467991,0.317379,0.392279,0.518640,1,2.654633
1644834607188.3408,148935655397,11772052709,747.604437,624.875057,2.583656,1,-57.724159,60.177380,533.408813,-58.738556,161.818039,0.639290,0.289696,0.386605,0.523528,1,2.515625,1,6.619774,52.912209,535.776550,-55.866554,163.520752,0.467782,0.317313,0.392150,0.517931,1,2.651688
1644834607199.341,148935666501,11772063813,746.520681,623.521042,2.584793,1,-57.578579,60.227554,533.424683,-58.472172,162.566635,0.638896,0.289526,0.387119,0.521067,1,2.514648,1,6.710683,52.921303,535.772278,-56.717716,163.458710,0.467540,0.317281,0.390506,0.518135,1,2.654938
1644834607210.34,148935677604,11772074916,746.820660,621.925271,2.588562,1,-57.482811,60.260059,533.509644,-59.093113,163.556213,0.638616,0.289446,0.385921,0.517814,1,2.520111,1,6.801890,52.938381,535.853333,-55.934891,163.278290,0.467301,0.317250,0.392018,0.518728,1,2.657013
1644834607222.342,148935688707,11772086019,745.749722,619.464362,2.586189,1,-57.401833,60.292091,533.650574,-59.694988,164.525284,0.638359,0.289390,0.384759,0.514629,1,2.520538,1,6.894611,52.952976,536.014893,-55.910889,163.557007,0.467060,0.317256,0.392064,0.517812,1,2.651840
1644834607233.341,148935699810,11772097122,746.110210,618.309867,2.581207,1,-57.273430,60.355564,533.930786,-59.735554,165.552597,0.637936,0.289280,0.384680,0.511252,1,2.511780,1,6.988132,52.971069,536.207275,-55.675816,163.115112,0.466819,0.317261,0.392518,0.519264,1,2.650635
1644834607243.342,148935710913,11772108225,746.367960,619.165885,2.576752,1,-57.198475,60.394646,534.077820,-58.961876,165.345230,0.637693,0.289201,0.386174,0.511934,1,2.502487,1,7.079558,52.972912,536.364380,-56.310402,162.888412,0.466582,0.317310,0.391293,0.520009,1,2.651016
1644834607255.341,148935722016,11772119328,746.309109,620.713127,2.577171,1,-57.134945,60.437553,534.251953,-59.056366,165.024307,0.637474,0.289120,0.385992,0.512989,1,2.500809,1,7.164129,52.979759,536.572998,-56.247673,162.424805,0.466365,0.317360,0.391414,0.521533,1,2.653534
1644834607266.342,148935733119,11772130431,746.702070,622.104764,2.577301,1,-57.043587,60.506149,534.580200,-58.419781,164.012802,0.637137,0.289011,0.387221,0.516313,1,2.509262,1,7.241638,52.986599,536.807922,-56.672222,162.730667,0.466168,0.317419,0.390594,0.520528,1,2.645340
1644834607276.3418,148935744222,11772141534,747.358732,620.541930,2.572258,1,-56.980385,60.551777,534.799622,-58.809727,163.971344,0.636906,0.288938,0.386468,0.516450,1,2.507797,1,7.311888,53.001896,537.043640,-55.927959,163.564560,0.465991,0.317448,0.392031,0.517787,1,2.636719
1644834607288.34,148935755327,11772152638,759.473705,618.370593,2.571976,1,-56.908283,60.586578,534.969788,-55.852325,164.305283,0.636666,0.288884,0.392177,0.515352,1,2.508850,1,7.407753,53.011360,537.242065,-52.348297,164.331543,0.465744,0.317485,0.398942,0.515266,1,2.635101
1644834607300.342,148935766430,11772163741,787.116280,614.684021,2.569550,1,-56.742805,60.637764,535.142883,-47.580975,165.778946,0.636176,0.288775,0.408145,0.510508,1,2.501999,1,7.525198,53.016171,537.351562,-45.704166,164.727142,0.465438,0.317508,0.411768,0.513965,1,2.637100
1644834607310.343,148935777533,11772174844,808.449154,617.304504,2.576820,1,-56.639484,60.703194,535.441467,-42.021172,164.904175,0.635817,0.288666,0.418878,0.513384,1,2.513046,1,7.652913,53.051823,537.662598,-39.753155,164.273270,0.465111,0.317492,0.423256,0.515457,1,2.640594
1644834607321.34,148935788636,11772185947,815.782843,617.932892,2.574188,1,-56.572498,60.767025,535.778137,-40.182117,164.433777,0.635544,0.288576,0.422428,0.514930,1,2.513535,1,7.763193,53.097977,538.068542,-37.635036,164.425049,0.464835,0.317472,0.427345,0.514958,1,2.634842
1644834607333.3389,148935799739,11772197050,816.879473,619.822633,2.573563,1,-56.513206,60.888733,536.459534,-39.177372,163.284286,0.635195,0.288421,0.424368,0.518708,1,2.511688,1,7.853325,53.149876,538.580505,-38.048077,164.616333,0.464617,0.317469,0.426548,0.514330,1,2.635437
1644834607343.343,148935810842,11772208153,816.192312,616.704011,2.566658,1,-56.447418,60.924522,536.676941,-39.319725,165.163773,0.634959,0.288383,0.424093,0.512530,1,2.505936,1,7.936703,53.171822,538.805847,-38.276466,164.318100,0.464405,0.317471,0.426107,0.515310,1,2.627380
1644834607355.3418,148935821945,11772219256,817.360353,614.832866,2.562088,1,-56.371975,60.951744,536.740784,-38.659878,165.675537,0.634741,0.288314,0.425367,0.510848,1,2.498322,1,8.018444,53.171402,538.870300,-38.306072,164.755127,0.464192,0.317496,0.426050,0.513873,1,2.625854
1644834607366.342,148935833048,11772230359,814.109945,615.910506,2.559135,1,-56.207993,60.986755,536.722778,-40.505718,165.628250,0.634311,0.288186,0.421804,0.511003,1,2.500519,1,8.104063,53.170460,538.838989,-38.214073,164.255981,0.463965,0.317490,0.426228,0.515514,1,2.617752
1644834607376.3389,148935844152,11772241463,814.642868,612.286091,2.560295,1,-56.118271,61.024029,536.781738,-40.897331,166.015930,0.634056,0.288079,0.421048,0.509729,1,2.499817,1,8.184212,53.166988,538.893188,-37.534939,165.706024,0.463756,0.317522,0.427539,0.510748,1,2.620773
1644834607388.34,148935855255,11772252566,813.513536,612.323678,2.561646,1,-56.043793,61.065857,536.924072,-41.369896,166.800400,0.633819,0.287990,0.420135,0.507150,1,2.504395,1,8.281770,53.183033,539.052124,-37.671726,164.902496,0.463505,0.317522,0.427275,0.513389,1,2.618896
1644834607399.3398,148935866358,11772263669,818.408260,611.508858,2.558861,1,-55.940414,61.141613,537.157410,-39.534985,166.480408,0.633479,0.287818,0.423678,0.508202,1,2.500870,1,8.359696,53.197716,539.215881,-36.865547,165.635620,0.463306,0.317528,0.428831,0.510979,1,2.616852
1644834607410.3489,148935877461,11772274772,817.726536,616.095114,2.556931,1,-55.875652,61.200191,537.310974,-39.297253,165.107864,0.633265,0.287674,0.424137,0.512714,1,2.502045,1,8.437428,53.223389,539.378906,-37.471088,164.682739,0.463107,0.317496,0.427662,0.514111,1,2.611816
1644834607421.3591,148935888564,11772285875,819.583311,616.777647,2.554642,1,-55.820633,61.247730,537.423462,-38.784672,164.667221,0.633088,0.287553,0.425126,0.514162,1,2.502121,1,8.491090,53.239189,539.502380,-36.981792,164.777313,0.462971,0.317484,0.428607,0.513800,1,2.607162
1644834607433.34,148935899667,11772296978,820.665464,617.158914,2.555504,1,-55.768215,61.331879,537.692566,-38.191212,164.647736,0.632874,0.287365,0.426272,0.514226,1,2.503052,1,8.541163,53.257107,539.698547,-36.991348,164.603455,0.462847,0.317490,0.428588,0.514372,1,2.607956
1644834607443.3489,148935910770,11772308081,819.601479,615.074801,2.554756,1,-55.728306,61.351223,537.755127,-38.736458,165.320663,0.632751,0.287323,0.425219,0.512014,1,2.503708,1,8.566252,53.241920,539.760315,-37.020229,164.987320,0.462784,0.317565,0.428532,0.513110,1,2.605804
1644834607455.416,148935921874,11772319184,819.348564,613.673866,2.554497,1,-55.698540,61.361923,537.808838,-38.960682,165.674957,0.632658,0.287307,0.424786,0.510850,1,2.501511,1,8.588454,53.221687,539.816223,-36.932461,165.343277,0.462728,0.317655,0.428702,0.511940,1,2.607483
1644834607466.341,148935932978,11772330288,817.276411,612.991190,2.550812,1,-55.646271,61.354084,537.814575,-39.758804,166.147476,0.632518,0.287338,0.423245,0.509296,1,2.496384,1,8.605496,53.187099,539.811279,-37.252419,165.216904,0.462683,0.317775,0.428084,0.512356,1,2.605240
1644834607476.383,148935944081,11772341391,816.738596,614.017546,2.541298,1,-55.626953,61.357407,537.884033,-39.379620,165.939056,0.632448,0.287355,0.423978,0.509982,1,2.485229,1,8.629754,53.172260,539.881958,-37.921783,164.904922,0.462622,0.317852,0.426792,0.513381,1,2.597366
1644834607488.3389,148935955184,11772352494,816.514235,613.692355,2.541100,1,-55.596119,61.364529,537.918762,-39.751549,165.587982,0.632357,0.287344,0.423260,0.511136,1,2.485886,1,8.651644,53.155674,539.915649,-37.670925,165.420868,0.462566,0.317922,0.427276,0.511685,1,2.596313
1644834607499.874,148935966287,11772363597,814.892550,613.034749,2.537628,1,-55.541882,61.394043,537.981140,-39.893616,166.465622,0.632196,0.287266,0.422985,0.508251,1,2.480179,1,8.689406,53.170673,539.953857,-38.403885,164.876694,0.462468,0.317883,0.425861,0.513474,1,2.595078
1644834607509.66,148935977390,11772374700,816.548452,613.485789,2.539879,1,-55.499790,61.440990,538.084229,-39.851791,166.015717,0.632056,0.287143,0.423066,0.509730,1,2.477661,1,8.727081,53.207634,540.060425,-37.552254,165.097992,0.462373,0.317791,0.427505,0.512747,1,2.602097
1644834607521.6729,148935988493,11772385803,816.781111,614.140141,2.539070,1,-55.461330,61.489723,538.185791,-39.476219,166.472351,0.631926,0.287013,0.423791,0.508229,1,2.481476,1,8.778454,53.263863,540.171814,-37.802330,164.309525,0.462242,0.317633,0.427023,0.515338,1,2.596664
1644834607532.675,148935999596,11772396906,817.130442,615.507388,2.539543,1,-55.388981,61.562115,538.321167,-39.507351,166.339569,0.631697,0.286813,0.423731,0.508665,1,2.484634,1,8.828728,53.317253,540.265320,-37.582676,163.749084,0.462114,0.317479,0.427447,0.517180,1,2.594452
1644834607543.675,148936010699,11772408009,824.222174,617.654622,2.539574,1,-55.326305,61.614658,538.401550,-37.979263,166.483734,0.631509,0.286662,0.426681,0.508191,1,2.490158,1,8.897403,53.351070,540.346008,-35.284138,162.516159,0.461936,0.317389,0.431884,0.521233,1,2.588989
1644834607554.678,148936021803,11772419113,839.378300,619.229972,2.532433,1,-55.238117,61.649197,538.414856,-34.294353,165.669037,0.631272,0.286547,0.433795,0.510869,1,2.475433,1,8.987556,53.357903,540.348816,-30.791059,162.532059,0.461699,0.317367,0.440558,0.521181,1,2.589432
1644834607566.535,148936032906,11772430216,862.345419,616.965580,2.528114,1,-55.058323,61.657288,538.306335,-27.968086,165.819138,0.630825,0.286477,0.446008,0.510376,1,2.474136,1,9.086810,53.317955,540.249451,-24.724672,163.530106,0.461434,0.317475,0.452269,0.517900,1,2.582092
1644834607576.532,148936044009,11772441319,872.568827,616.235018,2.523384,1,-54.963963,61.648743,538.253784,-24.705603,165.404999,0.630590,0.286487,0.452306,0.511737,1,2.473541,1,9.168283,53.280807,540.178223,-22.470768,164.314667,0.461216,0.317582,0.456620,0.515321,1,2.573227
1644834607588.5342,148936055112,11772452422,875.242682,616.311693,2.526024,1,-54.900005,61.649460,538.311829,-24.102203,165.122269,0.630405,0.286509,0.453471,0.512667,1,2.481796,1,9.224580,53.245781,540.233826,-21.631424,164.558548,0.461071,0.317724,0.458241,0.514520,1,2.570251
1644834607599.532,148936066215,11772463525,876.203842,614.877856,2.528473,1,-54.860435,61.675694,538.664734,-23.653675,165.606567,0.630206,0.286561,0.454336,0.511075,1,2.482330,1,9.268366,53.240356,540.490234,-21.561316,164.801254,0.460968,0.317833,0.458376,0.513722,1,2.574615
1644834607610.531,148936077318,11772474628,876.359510,614.575338,2.528755,1,-54.830704,61.696655,538.824280,-23.596960,166.012924,0.630084,0.286552,0.454446,0.509739,1,2.478806,1,9.310311,53.236683,540.677734,-21.534042,164.548340,0.460866,0.317911,0.458428,0.514553,1,2.578705
1644834607621.532,148936088421,11772485731,876.276026,611.477101,2.526794,1,-54.792629,61.725521,538.971436,-23.557589,166.352554,0.629944,0.286510,0.454522,0.508623,1,2.474182,1,9.356646,53.229378,540.839844,-21.618473,165.779648,0.460752,0.317993,0.458265,0.510506,1,2.579407
1644834607633.533,148936099524,11772496834,874.157467,615.517402,2.533791,1,-54.698696,61.788795,539.052063,-24.664621,163.993958,0.629673,0.286322,0.452385,0.516375,1,2.488815,1,9.403711,53.228348,540.891357,-21.654615,166.089630,0.460630,0.318015,0.458196,0.509487,1,2.578766
1644834607643.531,148936110628,11772507938,872.562990,617.038286,2.533310,1,-54.644081,61.831749,539.151062,-25.860399,163.971970,0.629502,0.286211,0.450076,0.516448,1,2.488373,1,9.456984,53.248581,541.005249,-21.319136,165.340408,0.460495,0.317984,0.458843,0.511950,1,2.578247
1644834607655.532,148936121731,11772519041,872.398853,617.694211,2.535622,1,-54.582558,61.884953,539.270996,-25.980469,163.882462,0.629307,0.286074,0.449845,0.516742,1,2.494934,1,9.509971,53.277893,541.126526,-21.287630,165.097321,0.460362,0.317924,0.458904,0.512749,1,2.576309
1644834607666.533,148936132834,11772530144,874.945707,617.683375,2.533318,1,-54.514450,61.972969,539.506775,-24.468174,164.645935,0.629064,0.285861,0.452764,0.514232,1,2.492279,1,9.568468,53.318638,541.291565,-21.425686,164.339371,0.460215,0.317839,0.458638,0.515240,1,2.574356
1644834607676.532,148936143937,11772541247,876.478186,618.167102,2.539375,1,-54.473602,62.020870,539.598267,-23.242096,163.225403,0.628931,0.285730,0.455131,0.518902,1,2.501984,1,9.623180,53.339439,541.397156,-21.824892,165.514648,0.460076,0.317803,0.457867,0.511377,1,2.576767
1644834607688.535,148936155041,11772552350,878.875065,620.448446,2.537056,1,-54.433903,62.073013,539.706360,-22.313992,162.867218,0.628797,0.285592,0.456923,0.520079,1,2.498032,1,9.675772,53.369507,541.511108,-21.459665,164.716125,0.459943,0.317738,0.458572,0.514002,1,2.576080
1644834607699.532,148936166144,11772563453,876.651821,616.626763,2.534073,1,-54.351887,62.134354,539.868896,-23.490829,163.618576,0.628537,0.285443,0.454651,0.517609,1,2.489761,1,9.724532,53.384094,541.622375,-21.482454,165.902527,0.459821,0.317726,0.458528,0.510102,1,2.578384
1644834607710.5452,148936177247,11772574556,878.127193,614.049911,2.531448,1,-54.309677,62.168369,540.006042,-23.083876,165.791809,0.628389,0.285380,0.455437,0.510466,1,2.484314,1,9.773099,53.422947,541.775085,-21.093313,165.035828,0.459700,0.317644,0.459279,0.512951,1,2.578583
1644834607721.533,148936188350,11772585659,875.117998,611.302686,2.533325,1,-54.266983,62.212818,540.196777,-24.245047,166.817764,0.628226,0.285302,0.453195,0.507093,1,2.487930,1,9.824838,53.462654,541.980225,-21.555847,165.402802,0.459574,0.317576,0.458386,0.511744,1,2.578720
1644834607733.5452,148936199454,11772596763,877.463436,613.343382,2.534416,1,-54.228077,62.290359,540.468689,-23.248991,167.458237,0.628051,0.285141,0.455118,0.504988,1,2.492554,1,9.872835,53.519917,542.178589,-21.286331,163.727585,0.459457,0.317445,0.458907,0.517251,1,2.576279
1644834607743.531,148936210557,11772607866,875.959539,612.274647,2.532104,1,-54.195461,62.337334,540.626343,-24.186369,167.273270,0.627923,0.285041,0.453308,0.505596,1,2.490677,1,9.916229,53.554302,542.365173,-21.160461,164.454483,0.459352,0.317390,0.459150,0.514862,1,2.573532
1644834607754.532,148936221660,11772618969,877.793226,614.380825,2.533409,1,-54.153946,62.372215,540.715576,-23.895151,167.084106,0.627790,0.284955,0.453870,0.506218,1,2.492035,1,9.952690,53.583836,542.458313,-20.462233,163.575729,0.459261,0.317319,0.460498,0.517750,1,2.574783
1644834607766.533,148936232763,11772630072,877.245340,615.702653,2.533424,1,-54.101170,62.420094,540.844788,-24.000660,165.896896,0.627617,0.284841,0.453667,0.510120,1,2.496521,1,9.990658,53.597538,542.548950,-20.652330,164.092728,0.459165,0.317303,0.460131,0.516051,1,2.570328
1644834607776.543,148936243866,11772641175,877.835026,618.212092,2.538307,1,-54.071808,62.431862,540.894043,-23.873453,165.472183,0.627526,0.284820,0.453912,0.511516,1,2.500565,1,10.016979,53.597961,542.602600,-20.461388,163.245010,0.459099,0.317321,0.460499,0.518837,1,2.576050
1644834607788.5352,148936254969,11772652278,876.373930,615.597725,2.535263,1,-54.045410,62.442341,540.957886,-24.464424,166.198578,0.627440,0.284809,0.452771,0.509129,1,2.491943,1,10.042057,53.590664,542.670776,-20.658743,163.844193,0.459037,0.317370,0.460118,0.516868,1,2.578583
1644834607799.539,148936266072,11772663381,875.186520,612.855291,2.533241,1,-53.999699,62.451366,541.036682,-24.956667,167.585236,0.627299,0.284811,0.451821,0.504571,1,2.481461,1,10.062238,53.581280,542.724609,-20.807226,163.848083,0.458987,0.317422,0.459832,0.516855,1,2.585022
1644834607809.532,148936277175,11772674484,876.327209,611.481643,2.531578,1,-53.984982,62.473579,541.126465,-24.598007,167.773788,0.627236,0.284769,0.452514,0.503951,1,2.482040,1,10.080845,53.588737,542.829529,-20.550428,164.356064,0.458943,0.317432,0.460327,0.515185,1,2.581116
1644834607822.533,148936288280,11772685588,878.216686,613.482749,2.536224,1,-53.971127,62.502911,541.241394,-23.665483,166.859268,0.627170,0.284713,0.454314,0.506957,1,2.489853,1,10.101269,53.602493,542.956421,-20.463430,164.255966,0.458896,0.317428,0.460495,0.515514,1,2.582596
1644834607832.531,148936299383,11772696691,877.532358,614.701867,2.539742,1,-53.923256,62.545918,541.371521,-24.420082,166.615295,0.627009,0.284616,0.452857,0.507759,1,2.500519,1,10.123276,53.624699,543.049500,-20.078108,163.881790,0.458843,0.317383,0.461239,0.516744,1,2.578964
1644834607843.532,148936310486,11772707794,876.849575,613.660455,2.535423,1,-53.894501,62.594536,541.527344,-25.203068,166.710434,0.626893,0.284510,0.451345,0.507446,1,2.497086,1,10.161008,53.658756,543.236023,-19.663509,164.314682,0.458753,0.317329,0.462040,0.515321,1,2.573761
1644834607948.533,148936321589,11772718897,874.194746,610.058069,2.533295,1,-53.855087,62.658306,541.723999,-26.325125,167.654007,0.626737,0.284367,0.449179,0.504345,1,2.495087,1,10.212836,53.700230,543.449768,-19.973938,165.197647,0.458627,0.317259,0.461440,0.512419,1,2.571503
1644834607949.532,148936332692,11772730000,878.773985,609.037328,2.531151,1,-53.804878,62.764538,541.979370,-24.023428,167.270157,0.626538,0.284100,0.453623,0.505606,1,2.489838,1,10.271567,53.736866,543.638184,-19.804758,166.099075,0.458483,0.317197,0.461767,0.509456,1,2.572464
1644834607951.534,148936343795,11772741103,878.628588,607.536829,2.530731,1,-53.752590,62.815525,542.114502,-23.501751,167.994324,0.626365,0.283977,0.454630,0.503226,1,2.487137,1,10.345609,53.776527,543.792664,-20.404911,166.135712,0.458297,0.317113,0.460608,0.509335,1,2.574326
1644834607951.534,148936354898,11772752206,880.250387,608.698690,2.534340,1,-53.685333,62.854397,542.194397,-22.338085,167.405243,0.626167,0.283875,0.456876,0.505162,1,2.496643,1,10.423525,53.795883,543.868225,-20.693529,166.135727,0.458097,0.317072,0.460051,0.509335,1,2.572037
1644834607952.532,148936366001,11772763309,875.773373,607.554424,2.537102,1,-53.576752,62.896992,542.333313,-23.947472,167.276245,0.625845,0.283784,0.453769,0.505587,1,2.499619,1,10.504228,53.805611,543.961670,-21.499832,166.844940,0.457890,0.317072,0.458495,0.507004,1,2.574585
1644834607954.534,148936377105,11772774413,867.412319,609.060538,2.545334,1,-53.532486,62.911934,542.338318,-25.787205,166.799194,0.625728,0.283735,0.450218,0.507154,1,2.510284,1,10.547402,53.796665,543.959167,-24.171560,166.558273,0.457777,0.317103,0.453337,0.507946,1,2.580383
1644834607954.534,148936388208,11772785516,854.408998,609.500992,2.542603,1,-53.513653,62.927227,542.429626,-29.862137,166.869781,0.625655,0.283719,0.442351,0.506922,1,2.501190,1,10.559970,53.802448,544.056824,-27.113010,166.264359,0.457749,0.317116,0.447658,0.508913,1,2.584015
1644834607955.538,148936399311,11772796619,838.371420,611.222863,2.542648,1,-53.528111,62.966202,542.729065,-35.139069,166.538116,0.625615,0.283704,0.432164,0.508013,1,2.500351,1,10.559378,53.812382,544.283569,-30.489674,165.722946,0.457763,0.317160,0.441140,0.510692,1,2.584946
1644834607956.537,148936410415,11772807722,831.502075,611.221826,2.539177,1,-53.521832,62.995483,542.987427,-36.931126,166.192627,0.625532,0.283707,0.428704,0.509148,1,2.498291,1,10.582881,53.820976,544.576721,-32.404175,166.068939,0.457716,0.317231,0.437444,0.509555,1,2.580063
1644834607957.5369,148936421518,11772818825,830.494795,613.248718,2.546967,1,-53.494015,63.007504,543.102966,-37.028355,166.271851,0.625429,0.283712,0.428517,0.508888,1,2.513168,1,10.615765,53.814381,544.707520,-32.850422,164.961945,0.457637,0.317299,0.436582,0.513193,1,2.580765
1644834607966.53,148936432621,11772829928,829.797678,613.475955,2.548851,1,-53.445557,63.017323,543.203064,-36.973461,166.872849,0.625276,0.283719,0.428623,0.506912,1,2.517609,1,10.651394,53.806358,544.780640,-33.281467,164.245712,0.457548,0.317353,0.435750,0.515548,1,2.580093
1644834607976.53,148936443724,11772841031,831.631908,616.230047,2.549652,1,-53.407646,63.016212,543.177917,-36.603996,166.485336,0.625183,0.283714,0.429336,0.508186,1,2.511627,1,10.677821,53.786526,544.746094,-32.661282,163.236893,0.457477,0.317410,0.436947,0.518864,1,2.587677
1644834607988.529,148936454827,11772852134,830.101433,614.954567,2.546295,1,-53.373428,63.030178,543.232300,-36.917385,166.921646,0.625079,0.283687,0.428731,0.506752,1,2.499847,1,10.720488,53.785095,544.803101,-33.173729,163.447281,0.457369,0.317436,0.435958,0.518172,1,2.592743
1644834607999.5388,148936465931,11772863238,831.327839,613.872278,2.548225,1,-53.302917,63.044987,543.214172,-36.225178,167.991455,0.624899,0.283630,0.430067,0.503235,1,2.500198,1,10.767025,53.791080,544.779053,-33.204147,162.926224,0.457246,0.317407,0.435899,0.519885,1,2.596252
1644834608009.531,148936477034,11772874341,829.642067,610.887480,2.550270,1,-53.257599,63.081924,543.294983,-36.235134,168.552689,0.624759,0.283534,0.430048,0.501391,1,2.504303,1,10.826340,53.821190,544.860596,-34.103813,163.878464,0.457095,0.317331,0.434162,0.516755,1,2.596237
1644834608021.627,148936488137,11772885444,830.535021,610.974848,2.546684,1,-53.200684,63.128666,543.356934,-35.624935,167.805786,0.624594,0.283397,0.431226,0.503846,1,2.500793,1,10.890720,53.854485,544.923401,-34.232193,164.581039,0.456931,0.317238,0.433915,0.514446,1,2.592575
1644834608032.531,148936499240,11772896547,829.199896,609.861982,2.541534,1,-53.105907,63.208687,543.468506,-36.113792,166.935272,0.624316,0.283165,0.430282,0.506707,1,2.495178,1,10.966620,53.890362,545.002380,-34.463749,166.015839,0.456736,0.317142,0.433468,0.509729,1,2.587891
1644834608043.546,148936510343,11772907650,830.441294,608.787739,2.540359,1,-53.040009,63.253361,543.524353,-35.988136,167.128845,0.624129,0.283033,0.430525,0.506071,1,2.494598,1,11.030911,53.932083,545.053101,-33.919548,166.366943,0.456571,0.317015,0.434518,0.508575,1,2.586121
1644834608055.264,148936521446,11772918753,829.880762,609.274256,2.545128,1,-52.978477,63.304089,543.661743,-36.214233,167.843872,0.623932,0.282913,0.430088,0.503721,1,2.502670,1,11.107944,53.988422,545.197144,-33.995907,165.405243,0.456377,0.316870,0.434371,0.511736,1,2.587585
1644834608066.356,148936532549,11772929856,831.307297,613.008285,2.548576,1,-52.903805,63.372578,543.851990,-35.293205,167.089096,0.623688,0.282752,0.431866,0.506202,1,2.505173,1,11.179300,54.034290,545.338318,-34.147228,164.266678,0.456198,0.316760,0.434079,0.515479,1,2.591980
1644834608075.994,148936543652,11772940959,831.415987,615.223217,2.547943,1,-52.854633,63.411953,543.966492,-35.289597,165.896332,0.623529,0.282663,0.431873,0.510122,1,2.505905,1,11.243604,54.053867,545.458435,-34.092175,164.336395,0.456037,0.316734,0.434185,0.515250,1,2.589981
1644834608087.995,148936554756,11772952063,832.588434,616.148365,2.547897,1,-52.810295,63.443920,544.087402,-34.994301,164.866928,0.623382,0.282601,0.432443,0.513506,1,2.504791,1,11.297360,54.062809,545.592346,-33.754837,164.896683,0.455904,0.316750,0.434836,0.513408,1,2.591003
1644834608099.999,148936565859,11772963166,832.491360,614.383650,2.550606,1,-52.753410,63.478168,544.309998,-35.607574,164.675751,0.623177,0.282573,0.431259,0.514134,1,2.509827,1,11.348594,54.060333,545.766968,-33.193901,165.982635,0.455780,0.316819,0.435919,0.509838,1,2.591385
1644834608109.996,148936576962,11772974269,832.274008,613.482857,2.553734,1,-52.711922,63.496841,544.449341,-35.593605,165.576340,0.623033,0.282566,0.431286,0.511174,1,2.509995,1,11.397996,54.063007,545.911865,-33.325203,165.538788,0.455660,0.316860,0.435666,0.511298,1,2.597473
1644834608120.996,148936588065,11772985372,832.818632,609.539831,2.550583,1,-52.662407,63.505207,544.533081,-36.085423,166.080902,0.622882,0.282572,0.430337,0.509515,1,2.503708,1,11.449462,54.040775,546.002380,-32.539482,167.033524,0.455531,0.316969,0.437182,0.506384,1,2.597458
1644834608133.001,148936599168,11772996475,833.713703,607.439661,2.550392,1,-52.580486,63.514183,544.632446,-36.410713,167.208389,0.622643,0.282582,0.429709,0.505809,1,2.502075,1,11.503945,54.025696,546.072083,-31.731239,166.970901,0.455393,0.317046,0.438743,0.506590,1,2.598709
1644834608142.994,148936610271,11773007578,834.299498,608.141005,2.551628,1,-52.517570,63.530254,544.711243,-36.043755,166.584595,0.622459,0.282559,0.430417,0.507860,1,2.502625,1,11.575893,54.015682,546.149841,-31.782063,167.239029,0.455210,0.317109,0.438645,0.505709,1,2.600632
1644834608154.997,148936621374,11773018681,834.153328,611.428571,2.553658,1,-52.429310,63.534355,544.702576,-35.410595,166.256378,0.622230,0.282543,0.431640,0.508939,1,2.510086,1,11.666465,54.007507,546.125427,-32.494106,165.900345,0.454973,0.317130,0.437270,0.510109,1,2.597229
1644834608165.994,148936632477,11773029784,833.367290,611.960149,2.552559,1,-52.286240,63.536457,544.659912,-34.789818,166.034485,0.621867,0.282520,0.432838,0.509668,1,2.512604,1,11.777553,53.994072,546.074280,-33.539009,165.852676,0.454681,0.317161,0.435253,0.510266,1,2.592514
1644834608175.995,148936643581,11773040888,832.282305,613.118541,2.555984,1,-52.180386,63.536686,544.626343,-35.464085,165.910965,0.621599,0.282507,0.431536,0.510074,1,2.516571,1,11.878648,53.976616,546.021240,-33.450218,165.388870,0.454415,0.317205,0.435424,0.511790,1,2.595398
1644834608188.005,148936654684,11773051991,839.227810,617.407429,2.554878,1,-52.052979,63.557007,544.658020,-33.747784,165.062256,0.621257,0.282451,0.434850,0.512864,1,2.512421,1,12.017855,53.969341,546.038452,-31.418848,164.062943,0.454053,0.317238,0.439346,0.516149,1,2.597336
1644834608198.994,148936665787,11773063094,858.331690,622.948837,2.554405,1,-51.818176,63.569012,544.534912,-28.387321,163.737320,0.620674,0.282363,0.445198,0.517219,1,2.512024,1,12.175662,53.950012,545.917358,-26.471170,162.578140,0.453635,0.317266,0.448897,0.521029,1,2.596786
1644834608209.9941,148936676891,11773074197,878.190165,622.970116,2.551903,1,-51.678097,63.582481,544.600098,-23.617935,164.659653,0.620291,0.282345,0.454406,0.514187,1,2.511887,1,12.341981,53.943512,545.988220,-20.525278,161.645020,0.453206,0.317315,0.460376,0.524096,1,2.591919
1644834608221.997,148936687994,11773085300,891.976690,617.908537,2.551254,1,-51.541912,63.610500,544.748779,-19.890591,166.054703,0.619898,0.282310,0.461601,0.509602,1,2.511688,1,12.486406,53.935387,546.128418,-16.813637,162.816376,0.452839,0.317393,0.467541,0.520246,1,2.590820
1644834608232.996,148936699097,11773096403,897.078352,614.253223,2.552467,1,-51.456898,63.720222,545.428223,-18.452843,167.137009,0.619508,0.282206,0.464377,0.506044,1,2.507202,1,12.602320,53.971043,546.642944,-15.498587,163.587479,0.452568,0.317447,0.470080,0.517711,1,2.597733
1644834608242.9932,148936710200,11773107506,897.010574,612.909651,2.551010,1,-51.411537,63.752453,545.550049,-18.208813,166.873489,0.619360,0.282145,0.464848,0.506910,1,2.510086,1,12.674525,53.973091,546.791260,-15.779213,164.532257,0.452389,0.317492,0.469538,0.514606,1,2.591934
1644834608254.993,148936721303,11773118609,897.275276,611.984718,2.551025,1,-51.363232,63.786720,545.710632,-18.427780,167.042862,0.619194,0.282092,0.464425,0.506354,1,2.509460,1,12.740477,53.974022,546.953491,-15.417396,164.831924,0.452228,0.317545,0.470237,0.513621,1,2.592590
1644834608265.9941,148936732407,11773129713,898.661299,612.957108,2.555717,1,-51.287922,63.791431,545.688965,-17.913725,166.454514,0.619003,0.282068,0.465417,0.508287,1,2.514816,1,12.790630,53.949139,546.925720,-15.183563,164.927216,0.452096,0.317623,0.470688,0.513308,1,2.596619
1644834608275.9941,148936743510,11773140816,899.867678,611.802006,2.558617,1,-51.257679,63.797382,545.796570,-17.636677,167.399261,0.618898,0.282091,0.465952,0.505182,1,2.514542,1,12.840580,53.938816,547.054504,-14.809665,164.568161,0.451974,0.317703,0.471410,0.514488,1,2.602692
1644834608287.994,148936754613,11773151919,901.109018,609.616578,2.565125,1,-51.218941,63.800068,545.914307,-17.116804,167.453583,0.618768,0.282130,0.466956,0.505004,1,2.521805,1,12.891379,53.912754,547.170776,-14.659772,165.621933,0.451849,0.317834,0.471699,0.511024,1,2.608444
1644834608298.996,148936765716,11773163022,900.370617,606.821108,2.561546,1,-51.152500,63.785622,546.031799,-16.980349,168.821838,0.618566,0.282229,0.467219,0.500506,1,2.518356,1,12.951668,53.884579,547.250549,-15.194642,165.671097,0.451698,0.317959,0.470667,0.510863,1,2.604736
1644834608309.994,148936776819,11773174125,900.439339,608.706486,2.559319,1,-51.111576,63.784084,546.134094,-16.788971,167.724670,0.618435,0.282277,0.467589,0.504112,1,2.512680,1,13.019572,53.860905,547.373291,-15.348895,165.812256,0.451529,0.318084,0.470369,0.510399,1,2.605957
1644834608321.9968,148936787922,11773185228,899.025278,613.708198,2.557312,1,-51.055470,63.790520,546.266785,-17.026045,166.467804,0.618256,0.282310,0.467131,0.508244,1,2.508209,1,13.091608,53.852722,547.503784,-15.874822,164.533081,0.451351,0.318158,0.469354,0.514603,1,2.606415
1644834608332.9949,148936799025,11773196331,901.334124,618.051696,2.561005,1,-50.987324,63.801998,546.452271,-16.014948,165.521332,0.618034,0.282346,0.469083,0.511355,1,2.512695,1,13.163730,53.852020,547.638123,-15.640141,163.277222,0.451172,0.318207,0.469807,0.518731,1,2.609314
1644834608342.994,148936810129,11773207434,900.932808,619.973087,2.564560,1,-50.937702,63.814102,546.537231,-16.046427,165.385818,0.617884,0.282339,0.469022,0.511800,1,2.520508,1,13.239921,53.841656,547.739563,-15.825199,162.438507,0.450980,0.318279,0.469449,0.521488,1,2.608612
1644834608354.9941,148936821233,11773218538,900.884171,618.456817,2.565582,1,-50.877884,63.828304,546.614502,-16.158012,166.025848,0.617709,0.282322,0.468807,0.509697,1,2.524185,1,13.315909,53.824097,547.813110,-15.739864,162.567337,0.450788,0.318365,0.469614,0.521065,1,2.606979
1644834608365.9949,148936832336,11773229641,899.579487,615.216851,2.564766,1,-50.786964,63.872360,546.759583,-17.310266,166.422180,0.617437,0.282230,0.466582,0.508394,1,2.519974,1,13.386378,53.806931,547.917175,-15.291633,163.813797,0.450612,0.318461,0.470479,0.516968,1,2.609558
1644834608375.994,148936843439,11773240744,898.844490,614.391625,2.567078,1,-50.734276,63.902988,546.805481,-18.045443,166.548981,0.617288,0.282143,0.465163,0.507977,1,2.521790,1,13.450101,53.799511,547.968323,-14.953030,164.105362,0.450450,0.318505,0.471133,0.516009,1,2.612366
1644834608387.995,148936854542,11773251847,898.825121,612.502742,2.570335,1,-50.670216,63.947544,546.875122,-18.355026,166.948151,0.617104,0.282018,0.464566,0.506665,1,2.527985,1,13.510674,53.795135,548.032166,-14.653859,164.663940,0.450297,0.318543,0.471711,0.514173,1,2.612686
1644834608398.994,148936865645,11773262950,900.868692,613.675940,2.573158,1,-50.606113,64.015625,546.970886,-17.089411,166.423630,0.616914,0.281822,0.467009,0.508389,1,2.534027,1,13.572691,53.793995,548.098083,-14.816811,164.593597,0.450140,0.318570,0.471396,0.514404,1,2.612289
1644834608408.996,148936876748,11773274053,900.653200,608.336842,2.568527,1,-50.561401,64.039581,547.024719,-17.310303,168.074203,0.616784,0.281761,0.466582,0.502963,1,2.526398,1,13.639844,53.783314,548.156006,-14.712189,165.650146,0.449970,0.318627,0.471598,0.510931,1,2.610657
1644834608420.995,148936887851,11773285156,910.569792,608.521235,2.565193,1,-50.480106,64.054581,547.065674,-14.612243,168.751495,0.616563,0.281727,0.471791,0.500737,1,2.519638,1,13.733940,53.768291,548.182739,-12.059423,164.879379,0.449728,0.318690,0.476719,0.513465,1,2.610748
1644834608432.994,148936898954,11773296259,932.621069,607.741874,2.566490,1,-50.297935,64.030518,546.875977,-8.626242,169.101181,0.616134,0.281736,0.483347,0.499588,1,2.522812,1,13.838015,53.712826,548.016479,-6.146952,164.924866,0.449447,0.318827,0.488133,0.513315,1,2.610168
1644834608442.9941,148936910058,11773307363,952.118139,608.179557,2.573090,1,-50.200268,64.025871,546.913513,-3.584423,168.615768,0.615871,0.281769,0.493080,0.501183,1,2.534866,1,13.956239,53.668072,548.036072,-0.668445,165.188354,0.449142,0.318990,0.498710,0.512449,1,2.611313
1644834608454.9949,148936921161,11773318466,962.338228,609.077275,2.574051,1,-50.103130,64.018463,547.004883,-0.410449,168.837616,0.615596,0.281833,0.499208,0.500454,1,2.536209,1,14.069840,53.629848,548.114380,1.672178,164.511322,0.448853,0.319150,0.503228,0.514675,1,2.611893
1644834608465.995,148936932264,11773329569,964.221783,608.293676,2.572044,1,-50.033184,64.024750,547.434509,0.607260,169.345078,0.615313,0.281987,0.501172,0.498786,1,2.536331,1,14.168638,53.606434,548.448059,1.670824,164.401184,0.448620,0.319345,0.503225,0.515037,1,2.607758
1644834608475.9941,148936943368,11773340672,962.266216,609.324074,2.569473,1,-49.980450,64.003998,547.518555,-0.156755,169.336090,0.615156,0.282094,0.499697,0.498816,1,2.529404,1,14.241536,53.558594,548.536743,1.379573,163.887741,0.448437,0.319541,0.502663,0.516724,1,2.609543
1644834608487.997,148936954471,11773351775,962.977552,605.355763,2.571930,1,-49.910923,63.967789,547.506104,-0.080126,168.836685,0.614978,0.282216,0.499845,0.500457,1,2.534225,1,14.310336,53.468582,548.515076,1.686789,166.399216,0.448258,0.319846,0.503256,0.508469,1,2.609634
1644834608498.992,148936965574,11773362878,963.384418,601.648968,2.576744,1,-49.823021,63.901604,547.414368,-0.404596,169.918335,0.614772,0.282409,0.499219,0.496902,1,2.538361,1,14.372985,53.395123,548.427490,2.230814,167.197083,0.448090,0.320071,0.504307,0.505847,1,2.615128
1644834608509.002,148936976677,11773373981,964.047031,603.665471,2.581291,1,-49.775551,63.872066,547.360229,0.342174,168.816269,0.614662,0.282490,0.500661,0.500524,1,2.545212,1,14.424332,53.337433,548.355469,1.841572,167.276688,0.447953,0.320247,0.503555,0.505585,1,2.617371
1644834608520.9949,148936987780,11773385084,964.498615,604.412609,2.584381,1,-49.720852,63.828484,547.292969,0.355438,169.147018,0.614536,0.282614,0.500686,0.499437,1,2.545837,1,14.466895,53.282528,548.271057,2.072012,166.567078,0.447837,0.320409,0.504000,0.507917,1,2.622925
1644834608532.9932,148936998884,11773396188,963.992100,608.117366,2.584930,1,-49.665337,63.799328,547.230713,0.388589,168.005249,0.614406,0.282691,0.500750,0.503190,1,2.546646,1,14.503209,53.233971,548.212280,1.765532,165.830383,0.447739,0.320558,0.503408,0.510339,1,2.623215
1644834608542.99,148937009987,11773407291,965.650921,606.988478,2.586479,1,-49.639935,63.773354,547.175232,0.514300,168.702530,0.614354,0.282759,0.500993,0.500898,1,2.545166,1,14.519550,53.191048,548.140503,2.534900,165.705521,0.447692,0.320682,0.504894,0.510749,1,2.627792
1644834608553.993,148937021090,11773418394,964.654655,606.673443,2.585381,1,-49.613384,63.751549,547.094910,0.054618,168.754776,0.614304,0.282802,0.500105,0.500726,1,2.543823,1,14.538602,53.149830,548.049866,2.457003,165.812988,0.447637,0.320795,0.504743,0.510396,1,2.626938
1644834608565.991,148937032193,11773429497,965.105782,607.070410,2.583160,1,-49.581795,63.716625,546.902527,0.362371,168.592453,0.614267,0.282846,0.500700,0.501260,1,2.543015,1,14.551038,53.102158,547.889587,2.392629,165.774017,0.447594,0.320906,0.504619,0.510524,1,2.623306
1644834608576.098,148937043295,11773440600,963.412285,604.986656,2.578979,1,-49.561153,63.702728,546.842468,0.108934,169.386322,0.614227,0.282870,0.500210,0.498650,1,2.538757,1,14.574041,53.068153,547.812683,1.732328,166.036774,0.447529,0.320999,0.503344,0.509661,1,2.619202
1644834608588.319,148937054398,11773451703,963.290520,605.132890,2.578560,1,-49.543926,63.685440,546.796631,0.340745,169.172546,0.614193,0.282912,0.500658,0.499353,1,2.532471,1,14.596967,53.030693,547.758606,1.434798,166.176392,0.447466,0.321110,0.502770,0.509202,1,2.624649
1644834608599.071,148937065502,11773462806,961.688719,604.453522,2.580139,1,-49.500126,63.656147,546.776611,-0.468535,170.162827,0.614084,0.283006,0.499095,0.496098,1,2.534378,1,14.626578,53.005791,547.734192,1.379810,165.530579,0.447388,0.321189,0.502664,0.511324,1,2.625900
1644834608609.077,148937076605,11773473909,962.150316,606.935763,2.579765,1,-49.473148,63.630829,546.740234,-0.582777,169.680481,0.614023,0.283079,0.498875,0.497684,1,2.530609,1,14.650646,52.964962,547.686035,1.743135,164.754303,0.447322,0.321314,0.503365,0.513876,1,2.628922
1644834608621.2239,148937087709,11773485013,963.375235,606.208205,2.582939,1,-49.436188,63.602409,546.754211,-0.377806,170.250397,0.613924,0.283184,0.499271,0.495810,1,2.539017,1,14.684179,52.924614,547.694214,2.199069,164.553299,0.447236,0.321457,0.504245,0.514537,1,2.626862
1644834608632.534,148937098812,11773496116,964.241123,605.182528,2.582748,1,-49.391861,63.555222,546.731323,0.116335,169.974091,0.613814,0.283339,0.500225,0.496719,1,2.535660,1,14.722030,52.863350,547.670837,2.172132,165.349686,0.447137,0.321662,0.504193,0.511919,1,2.629837
1644834608642.533,148937109915,11773507219,970.584240,605.507576,2.587036,1,-49.348511,63.532608,546.765503,1.870752,169.602554,0.613694,0.283432,0.503611,0.497940,1,2.540649,1,14.775724,52.805187,547.704468,3.840391,165.556320,0.447000,0.321875,0.507414,0.511240,1,2.633423
1644834608654.532,148937121018,11773518322,982.114162,607.693326,2.586189,1,-49.273849,63.498123,546.808289,4.818590,169.918457,0.613490,0.283570,0.509302,0.496901,1,2.538864,1,14.863559,52.754410,547.739075,7.113964,164.132187,0.446775,0.322064,0.513733,0.515921,1,2.633514
1644834608665.5322,148937132121,11773529425,1005.479050,611.912477,2.587029,1,-49.144115,63.453438,546.702393,12.104527,168.400436,0.613177,0.283684,0.523368,0.501891,1,2.537430,1,14.956566,52.676414,547.640198,12.435329,163.510925,0.446527,0.322302,0.524006,0.517963,1,2.636627
1644834608675.532,148937143224,11773540528,1016.214008,611.923349,2.585518,1,-49.068779,63.417923,546.644287,15.066666,168.511520,0.612995,0.283785,0.529086,0.501526,1,2.542145,1,15.029193,52.616104,547.562256,15.265582,163.394348,0.446334,0.322486,0.529470,0.518346,1,2.628891
1644834608687.533,148937154327,11773551631,1024.450378,611.523342,2.585320,1,-48.983612,63.357853,546.381775,17.445164,167.747864,0.612835,0.283888,0.533678,0.504036,1,2.549835,1,15.073643,52.506603,547.277466,17.331236,164.360825,0.446199,0.322771,0.533458,0.515169,1,2.620804
1644834608698.5322,148937165430,11773562734,1025.055199,608.140039,2.585991,1,-48.923264,63.295776,546.354309,18.081371,168.874893,0.612684,0.284094,0.534906,0.500332,1,2.552017,1,15.116579,52.426792,547.247925,17.021372,164.949249,0.446086,0.323038,0.532860,0.513235,1,2.619965
1644834608709.533,148937176534,11773573838,1025.890503,607.431561,2.580093,1,-48.882957,63.252384,546.249573,18.487131,169.058472,0.612604,0.284203,0.535689,0.499728,1,2.542206,1,15.149201,52.352039,547.110352,17.066347,165.124924,0.445992,0.323252,0.532947,0.512658,1,2.617981
1644834608721.533,148937187637,11773584941,1024.744949,607.454145,2.584084,1,-48.843758,63.219460,546.283875,18.001881,168.632141,0.612494,0.284331,0.534753,0.501129,1,2.545578,1,15.192307,52.284565,547.141174,16.933443,165.539749,0.445882,0.323496,0.532690,0.511294,1,2.622589
1644834608732.531,148937198741,11773596044,1023.879833,608.747345,2.588837,1,-48.791195,63.159393,546.268738,17.541027,168.995178,0.612361,0.284534,0.533863,0.499936,1,2.556351,1,15.234362,52.230583,547.119385,16.927551,164.521011,0.445772,0.323677,0.532679,0.514643,1,2.621323
1644834608742.531,148937209844,11773607147,1022.465401,608.275795,2.593811,1,-48.763729,63.130547,546.264709,16.794832,169.089447,0.612291,0.284633,0.532422,0.499626,1,2.564117,1,15.265741,52.182331,547.108765,16.910482,164.665863,0.445690,0.323841,0.532646,0.514167,1,2.623505
1644834608754.538,148937220947,11773618250,1023.565178,604.513407,2.588203,1,-48.729252,63.088879,546.249817,16.671045,170.332657,0.612205,0.284772,0.532183,0.495540,1,2.555359,1,15.288548,52.128853,547.086060,17.627716,165.330353,0.445630,0.324019,0.534030,0.511983,1,2.621048
1644834608765.533,148937232050,11773629353,1020.953522,604.151809,2.586685,1,-48.695332,63.065132,546.283875,16.002874,170.272354,0.612109,0.284869,0.530894,0.495738,1,2.549545,1,15.317249,52.083279,547.110291,16.886656,165.574005,0.445557,0.324185,0.532600,0.511182,1,2.623825
1644834608775.532,148937243153,11773640456,1021.866302,605.212319,2.584816,1,-48.689499,63.054035,546.302551,16.991814,170.061676,0.612090,0.284915,0.532803,0.496431,1,2.548721,1,15.333902,52.048550,547.130615,16.390265,165.246979,0.445516,0.324313,0.531641,0.512257,1,2.620911
1644834608787.532,148937254256,11773651559,1023.016834,606.240088,2.588478,1,-48.693592,63.035679,546.329590,17.543928,170.063644,0.612094,0.284990,0.533869,0.496424,1,2.554062,1,15.343146,52.009991,547.158081,16.458933,164.723907,0.445494,0.324455,0.531774,0.513976,1,2.622894
1644834608799.533,148937265360,11773662663,1025.678787,605.069572,2.587273,1,-48.711819,63.009724,546.404480,17.813393,170.353546,0.612125,0.285110,0.534389,0.495471,1,2.553879,1,15.338775,51.967003,547.219116,17.625841,165.027496,0.445510,0.324624,0.534027,0.512978,1,2.620667
1644834608809.5342,148937276463,11773673766,1024.903564,603.471833,2.589874,1,-48.723049,62.989731,546.451721,16.786983,170.895218,0.612143,0.285198,0.532407,0.493691,1,2.554688,1,15.329771,51.926861,547.277832,18.233961,165.295944,0.445538,0.324782,0.535201,0.512096,1,2.625061
1644834608821.532,148937287566,11773684869,1025.354633,604.038674,2.590218,1,-48.749626,62.971592,546.556213,16.560200,170.807373,0.612189,0.285302,0.531969,0.493979,1,2.548920,1,15.316414,51.889301,547.388855,18.704092,165.096375,0.445582,0.324949,0.536108,0.512752,1,2.631516
1644834608832.533,148937298669,11773695972,1025.236816,599.366587,2.591965,1,-48.784122,62.934132,546.698792,16.997639,171.559341,0.612246,0.285489,0.532814,0.491508,1,2.553345,1,15.306402,51.845242,547.505859,18.203100,166.713333,0.445617,0.325139,0.535141,0.507437,1,2.630585
1644834608842.538,148937309772,11773707075,1024.682293,600.708586,2.592140,1,-48.805794,62.919407,546.785278,17.168482,170.913559,0.612283,0.285574,0.533144,0.493630,1,2.551956,1,15.300111,51.820122,547.613098,17.733057,166.678680,0.445641,0.325261,0.534234,0.507551,1,2.632324
1644834608854.537,148937320875,11773718178,1026.892834,603.382641,2.593216,1,-48.822826,62.900181,546.958496,18.486431,170.534866,0.612287,0.285710,0.535688,0.494875,1,2.555023,1,15.317886,51.809528,547.792542,17.607874,165.701523,0.445608,0.325357,0.533992,0.510763,1,2.631409
1644834608865.5332,148937331979,11773729281,1039.776821,610.790884,2.593513,1,-48.793671,62.880005,546.991028,22.087687,168.533554,0.612204,0.285793,0.542640,0.501454,1,2.552078,1,15.347500,51.788532,547.815125,20.958624,163.946533,0.445533,0.325437,0.540461,0.516531,1,2.634949
1644834608875.532,148937343082,11773740384,1057.917709,609.954965,2.593163,1,-48.774639,62.879154,547.142334,26.202950,168.758453,0.612119,0.285857,0.550585,0.500714,1,2.549484,1,15.386456,51.774353,547.990234,26.631863,164.145477,0.445445,0.325544,0.551413,0.515877,1,2.636841
1644834608888.5342,148937354186,11773751488,1069.307613,607.827258,2.595436,1,-48.750244,62.874851,547.284607,28.877542,168.941528,0.612023,0.285929,0.555748,0.500113,1,2.554504,1,15.421198,51.752106,548.138000,30.103060,165.041245,0.445366,0.325670,0.558114,0.512933,1,2.636368
1644834608898.5342,148937365289,11773762591,1072.580395,607.185066,2.595993,1,-48.777920,62.882980,547.649170,30.198517,169.691040,0.612011,0.286046,0.558298,0.497649,1,2.555740,1,15.436760,51.754692,548.440247,30.548025,164.617355,0.445348,0.325759,0.558973,0.514326,1,2.636246
1644834608909.532,148937376392,11773773694,1067.646904,606.151021,2.603134,1,-48.798962,62.870415,547.745422,28.784327,170.511765,0.612044,0.286127,0.555568,0.494951,1,2.563324,1,15.430454,51.742657,548.553040,29.300236,164.320877,0.445373,0.325838,0.556564,0.515301,1,2.642944
1644834608921.5369,148937387495,11773784797,1067.283726,605.400181,2.599945,1,-48.816322,62.849285,547.742249,28.305916,170.522751,0.612090,0.286199,0.554645,0.494915,1,2.557648,1,15.408575,51.712029,548.551331,29.582645,164.690659,0.445430,0.325943,0.557109,0.514085,1,2.642242
1644834608932.534,148937398598,11773795900,1067.835045,604.712552,2.599960,1,-48.834824,62.811817,547.602295,28.461105,170.037674,0.612171,0.286273,0.554944,0.496510,1,2.554550,1,15.386791,51.670425,548.439758,29.724909,165.524414,0.445478,0.326050,0.557384,0.511345,1,2.645370
1644834608942.544,148937409701,11773807003,1068.695869,605.637091,2.590820,1,-48.845955,62.799484,547.550049,29.076431,169.114899,0.612212,0.286294,0.556132,0.499543,1,2.546097,1,15.372524,51.650486,548.379883,29.574106,165.978348,0.445511,0.326099,0.557093,0.509852,1,2.635544
1644834608954.535,148937420804,11773818106,1071.553860,605.778211,2.588760,1,-48.865822,62.789284,547.548218,29.669598,169.173294,0.612264,0.286329,0.557277,0.499351,1,2.541458,1,15.355509,51.638515,548.379700,30.523092,165.848404,0.445555,0.326140,0.558925,0.510280,1,2.636063
1644834608965.539,148937431907,11773829209,1070.727997,603.452808,2.588150,1,-48.877762,62.777328,547.580872,29.070692,169.863052,0.612288,0.286383,0.556121,0.497083,1,2.545883,1,15.347413,51.624756,548.406982,30.676380,166.337738,0.445578,0.326196,0.559221,0.508671,1,2.630417
1644834608975.532,148937443011,11773840313,1070.860806,604.196531,2.589279,1,-48.885235,62.780750,547.642456,29.073919,169.004883,0.612293,0.286396,0.556127,0.499904,1,2.546295,1,15.351370,51.612869,548.483704,30.744759,166.818802,0.445574,0.326262,0.559353,0.507090,1,2.632263
1644834608987.532,148937454114,11773851416,1068.318615,606.495559,2.591270,1,-48.895615,62.780285,547.792297,28.819332,168.540466,0.612285,0.286457,0.555636,0.501431,1,2.550110,1,15.372641,51.612907,548.638977,29.627655,166.117508,0.445530,0.326313,0.557196,0.509395,1,2.632431
1644834608998.533,148937465218,11773862519,1070.838890,610.188138,2.591438,1,-48.905907,62.765850,547.955444,29.893757,168.332626,0.612275,0.286571,0.557710,0.502114,1,2.547470,1,15.387561,51.614937,548.769409,29.913107,164.453049,0.445501,0.326348,0.557747,0.514866,1,2.635406
1644834609008.533,148937476321,11773873622,1070.698299,607.876539,2.593178,1,-48.902813,62.732891,548.028259,29.885992,169.619751,0.612250,0.286714,0.557695,0.497883,1,2.554321,1,15.402573,51.592724,548.853943,29.845022,164.338013,0.445469,0.326453,0.557616,0.515244,1,2.632034
1644834609021.533,148937487424,11773884725,1070.762615,603.200090,2.589966,1,-48.897980,62.694016,548.043518,29.782045,170.818970,0.612234,0.286855,0.557494,0.493941,1,2.548950,1,15.412980,51.548115,548.870178,29.983631,165.509964,0.445443,0.326612,0.557883,0.511392,1,2.630981
1644834609032.532,148937498527,11773895828,1070.126152,601.396519,2.590332,1,-48.898697,62.645470,548.113098,29.928715,171.157150,0.612221,0.287051,0.557777,0.492830,1,2.550186,1,15.425062,51.509373,548.927124,29.493563,166.086273,0.445416,0.326765,0.556937,0.509498,1,2.630478
1644834609041.532,148937509630,11773906931,1071.138096,600.103945,2.613693,1,-48.901150,62.630150,548.136902,29.904179,171.964752,0.612222,0.287113,0.557730,0.490175,1,2.594742,1,15.425406,51.473511,548.951843,30.064148,165.934067,0.445418,0.326896,0.558039,0.509998,1,2.632645
1644834609054.532,148937520733,11773918034,1069.833012,601.104319,2.624283,1,-48.899162,62.597778,548.214172,29.523726,171.160767,0.612199,0.287256,0.556996,0.492818,1,2.617065,1,15.435258,51.438370,549.013367,29.740379,166.230804,0.445397,0.327038,0.557414,0.509023,1,2.631500
1644834609065.541,148937531837,11773929138,1074.268570,595.853537,2.625366,1,-48.857986,62.548241,548.198242,29.782156,172.494339,0.612096,0.287421,0.557494,0.488434,1,2.616959,1,15.446641,51.392319,549.004150,31.875294,167.559601,0.445367,0.327194,0.561535,0.504655,1,2.633774
1644834609075.539,148937542940,11773940241,1084.512062,599.927545,2.599899,1,-48.830761,62.550140,548.212463,32.618000,170.200043,0.612022,0.287421,0.562969,0.495976,1,2.565872,1,15.496714,51.355404,549.045593,34.566628,167.788239,0.445241,0.327335,0.566731,0.503904,1,2.633926
1644834609087.548,148937554043,11773951344,1099.568367,599.023551,2.595108,1,-48.767002,62.530445,548.319763,36.577374,170.555298,0.611832,0.287532,0.570613,0.494808,1,2.558487,1,15.562965,51.328056,549.144714,38.731380,167.891357,0.445077,0.327463,0.574771,0.503565,1,2.631729
1644834609098.54,148937565146,11773962447,1108.404636,603.134340,2.599030,1,-48.660961,62.512016,548.423950,39.112301,169.215622,0.611533,0.287639,0.575506,0.499212,1,2.564743,1,15.650921,51.292938,549.219177,40.964363,167.146698,0.444855,0.327609,0.579082,0.506012,1,2.633316
1644834609108.532,148937576249,11773973550,1111.007824,601.097256,2.596504,1,-48.582184,62.489624,548.493469,39.858986,170.332077,0.611313,0.287745,0.576948,0.495542,1,2.557495,1,15.750798,51.244907,549.291870,41.622345,167.063110,0.444602,0.327800,0.580352,0.506287,1,2.635513
1644834609120.6282,148937587352,11773984653,1110.029297,601.357108,2.599747,1,-48.460827,62.472191,548.523804,39.640137,170.084381,0.610992,0.287819,0.576525,0.496356,1,2.558334,1,15.870302,51.178333,549.311707,41.313232,167.179047,0.444295,0.328037,0.579755,0.505906,1,2.641159
1644834609132.5369,148937598456,11773995756,1111.209984,602.291572,2.597870,1,-48.275940,62.448261,548.489258,40.882256,170.184677,0.610520,0.287891,0.578923,0.496026,1,2.555008,1,16.011923,51.118637,549.267517,40.708195,166.604935,0.443926,0.328231,0.578587,0.507793,1,2.640732
1644834609142.08,148937609559,11774006859,1110.420399,602.846020,2.604645,1,-48.131073,62.440182,548.473694,40.476257,170.010529,0.610147,0.287914,0.578139,0.496599,1,2.567841,1,16.163971,51.055321,549.231506,40.688114,166.497940,0.443530,0.328440,0.578548,0.508145,1,2.641449
1644834609154.186,148937620663,11774017963,1110.488605,604.576743,2.604431,1,-47.953033,62.427544,548.430176,40.944279,170.256180,0.609695,0.287944,0.579043,0.495791,1,2.569412,1,16.333937,51.005581,549.163330,40.256870,165.374725,0.443085,0.328593,0.577716,0.511837,1,2.639450
1644834609165.47,148937631766,11774029066,1110.196552,605.860859,2.600410,1,-47.738361,62.434929,548.504089,40.393414,170.010712,0.609121,0.287950,0.577980,0.496598,1,2.563736,1,16.498981,50.961903,549.202332,40.650196,164.969086,0.442661,0.328758,0.578475,0.513170,1,2.637085
1644834609175.473,148937642869,11774040169,1110.111294,605.889058,2.596306,1,-47.608589,62.432446,548.503418,40.408154,169.694870,0.608785,0.287961,0.578008,0.497636,1,2.560089,1,16.636217,50.923386,549.180115,40.589489,165.270630,0.442304,0.328886,0.578358,0.512179,1,2.632523
1644834609187.898,148937653972,11774051272,1111.781502,604.087043,2.595612,1,-47.465008,62.418388,548.383850,40.122314,169.553009,0.608439,0.287964,0.577456,0.498103,1,2.559021,1,16.742329,50.876476,549.038330,41.776505,166.326187,0.442019,0.329004,0.580650,0.508709,1,2.632202
1644834609198.901,148937665075,11774062375,1110.995636,599.633110,2.599472,1,-47.338398,62.407959,548.396545,39.609234,170.052002,0.608107,0.288007,0.576466,0.496462,1,2.565659,1,16.830822,50.842621,549.032410,41.865551,168.085541,0.441789,0.329120,0.580821,0.502926,1,2.633286
1644834609208.898,148937676178,11774073478,1111.073856,597.859007,2.600845,1,-47.280018,62.401150,548.394897,39.749638,170.715027,0.607956,0.288031,0.576737,0.494283,1,2.569244,1,16.898613,50.834133,549.015625,41.767307,168.322083,0.441612,0.329145,0.580632,0.502149,1,2.632446
1644834609220.897,148937687281,11774084581,1110.728817,597.680068,2.602501,1,-47.229694,62.387867,548.418518,39.491871,170.786346,0.607821,0.288087,0.576239,0.494049,1,2.570679,1,16.945261,50.826069,549.027283,41.838940,168.341492,0.441493,0.329177,0.580770,0.502085,1,2.634323
1644834609231.898,148937698384,11774095684,1111.178741,596.826875,2.602753,1,-47.199883,62.368412,548.420105,40.697433,171.300491,0.607743,0.288155,0.578566,0.492359,1,2.569656,1,16.984722,50.823742,549.020142,40.876148,168.259949,0.441390,0.329184,0.578911,0.502353,1,2.635849
1644834609241.896,148937709488,11774106788,1111.046562,597.282064,2.605972,1,-47.182419,62.358543,548.438110,40.637035,171.856308,0.607694,0.288197,0.578450,0.490532,1,2.566162,1,17.005377,50.832520,549.036133,40.865227,167.473328,0.441338,0.329159,0.578890,0.504939,1,2.645782
1644834609253.898,148937720591,11774117891,1108.803177,597.740436,2.603607,1,-47.172615,62.364166,548.526917,40.793556,172.456650,0.607649,0.288212,0.578752,0.488558,1,2.561691,1,17.037060,50.859169,549.122314,39.498230,166.640579,0.441262,0.329095,0.576251,0.507676,1,2.645523
1644834609264.898,148937731695,11774128994,1102.838230,605.402452,2.604362,1,-47.175594,62.357220,548.511169,38.907883,170.178085,0.607660,0.288230,0.575112,0.496048,1,2.563354,1,17.031538,50.872971,549.107971,38.165318,165.034180,0.441275,0.329043,0.573678,0.512956,1,2.645370
1644834609275.897,148937742798,11774140097,1080.510063,619.238234,2.601425,1,-47.210968,62.331398,548.442200,33.150394,166.076401,0.607767,0.288292,0.563997,0.509530,1,2.560959,1,16.975126,50.855251,549.027405,31.874914,162.120483,0.441415,0.329077,0.561534,0.522533,1,2.641891
1644834609287.896,148937753901,11774151200,1036.053886,660.960495,2.604195,1,-47.278885,62.199467,548.049805,21.347906,155.631866,0.608032,0.288592,0.541212,0.543862,1,2.568069,1,16.834873,50.777317,548.627991,19.689587,151.410019,0.441747,0.329217,0.538011,0.557739,1,2.640320
1644834609298.896,148937765004,11774162303,986.707420,708.140159,2.601280,1,-47.361973,62.002811,547.639709,6.085744,142.626038,0.608342,0.289110,0.511748,0.586612,1,2.562561,1,16.684601,50.659466,548.294067,8.325204,140.493790,0.442111,0.329515,0.516072,0.593621,1,2.639999
1644834609308.899,148937776107,11774173406,970.957947,729.132700,2.599205,1,-47.387600,61.929722,547.542419,2.181840,138.654953,0.608431,0.289325,0.504212,0.599666,1,2.559875,1,16.625441,50.598278,548.191284,3.730960,133.820770,0.442257,0.329693,0.507203,0.615556,1,2.638535
1644834609320.8972,148937787210,11774184509,960.198584,737.523508,2.598190,1,-47.430599,61.922462,547.792114,-0.979324,136.457489,0.608487,0.289447,0.498109,0.606889,1,2.546371,1,16.626947,50.590294,548.454468,1.086543,131.763718,0.442274,0.329805,0.502097,0.622317,1,2.650009
1644834609332.898,148937798314,11774195613,959.283400,732.660699,2.600922,1,-47.463043,61.911900,547.890381,-1.599754,138.209778,0.608550,0.289522,0.496912,0.601129,1,2.546967,1,16.634621,50.600166,548.541138,1.213156,132.477081,0.442261,0.329798,0.502342,0.619972,1,2.654877
1644834609341.896,148937809417,11774206716,961.301479,734.051871,2.597893,1,-47.477810,61.900158,547.836487,-0.842457,137.292740,0.608600,0.289541,0.498374,0.604143,1,2.537521,1,16.627539,50.595688,548.478027,1.544772,132.688736,0.442274,0.329793,0.502982,0.619277,1,2.658264
1644834609354.898,148937820520,11774217819,961.985664,735.459316,2.594093,1,-47.495113,61.854088,547.547180,-0.860364,136.714767,0.608710,0.289587,0.498339,0.606043,1,2.533157,1,16.599373,50.567329,548.181580,1.931811,132.553131,0.442324,0.329797,0.503729,0.619722,1,2.655029
1644834609364.898,148937831623,11774228922,960.237350,738.499975,2.587975,1,-47.536930,61.814884,547.297852,-0.783526,135.529480,0.608876,0.289624,0.498487,0.609939,1,2.531219,1,16.571251,50.558949,547.984985,0.911627,132.196671,0.442381,0.329763,0.501760,0.620894,1,2.644730
1644834609375.896,148937842726,11774240025,957.531509,738.927555,2.589432,1,-47.563606,61.787674,547.168823,-1.365420,135.418320,0.608974,0.289667,0.497364,0.610304,1,2.537949,1,16.529425,50.547668,547.822876,0.033524,132.090988,0.442477,0.329749,0.500065,0.621242,1,2.640915
1644834609386.897,148937853830,11774251128,958.351650,739.791870,2.595284,1,-47.611614,61.754047,547.017517,-0.870716,135.193008,0.609134,0.289724,0.498319,0.611045,1,2.549500,1,16.474257,50.546303,547.674927,-0.018638,131.878098,0.442609,0.329706,0.499964,0.621941,1,2.641068
1644834609398.896,148937864933,11774262231,959.370832,741.689014,2.594536,1,-47.682442,61.726707,546.813965,-1.179309,134.712418,0.609364,0.289738,0.497723,0.612625,1,2.550720,1,16.412745,50.546581,547.521118,0.839907,131.396729,0.442756,0.329655,0.501621,0.623524,1,2.638351
1644834609408.896,148937876036,11774273334,959.009027,742.063022,2.591721,1,-47.723804,61.709599,546.731445,-1.522897,134.300140,0.609491,0.289764,0.497060,0.613980,1,2.545181,1,16.357136,50.543285,547.419250,0.988205,131.619400,0.442893,0.329633,0.501908,0.622792,1,2.638260
1644834609420.899,148937887140,11774284438,958.755999,742.920291,2.586990,1,-47.781021,61.688343,546.635620,-1.849392,134.813156,0.609662,0.289799,0.496430,0.612294,1,2.538651,1,16.296970,50.548336,547.329956,1.178197,130.671722,0.443042,0.329586,0.502274,0.625907,1,2.635330
1644834609431.895,148937898243,11774295541,958.713655,746.831775,2.591217,1,-47.848446,61.657784,546.438782,-1.298615,133.915146,0.609882,0.289827,0.497493,0.615246,1,2.538742,1,16.239811,50.545074,547.182556,0.604560,129.586456,0.443179,0.329550,0.501167,0.629474,1,2.643692
1644834609441.896,148937909346,11774306644,958.472958,744.715869,2.590202,1,-47.882233,61.639057,546.351990,-1.633947,134.988205,0.609990,0.289857,0.496846,0.611718,1,2.537598,1,16.194443,50.541710,547.073792,0.810021,129.586197,0.443288,0.329526,0.501564,0.629475,1,2.642807
1644834609453.898,148937920449,11774317747,959.501467,747.431910,2.596245,1,-47.940544,61.616390,546.253601,-0.753427,134.130630,0.610165,0.289896,0.498545,0.614537,1,2.542374,1,16.150187,50.538826,546.983398,0.484435,129.066666,0.443396,0.329507,0.500935,0.631183,1,2.650116
1644834609464.8982,148937931552,11774328850,960.656977,744.989669,2.592491,1,-48.005856,61.593399,546.158813,-0.451992,134.297333,0.610357,0.289938,0.499127,0.613989,1,2.531769,1,16.107254,50.537064,546.917114,0.806510,130.138260,0.443503,0.329491,0.501557,0.627660,1,2.653214
1644834609474.896,148937942655,11774339953,958.966999,747.565663,2.599113,1,-48.036404,61.584152,546.097778,-0.658592,133.174805,0.610451,0.289946,0.498729,0.617679,1,2.541962,1,16.072468,50.541630,546.839417,0.101196,129.954666,0.443587,0.329450,0.500195,0.628264,1,2.656265
1644834609486.898,148937953758,11774351056,958.882027,745.814753,2.600632,1,-48.083214,61.574684,546.005310,-0.207297,133.143143,0.610594,0.289942,0.499600,0.617783,1,2.546188,1,16.030304,50.549767,546.754883,-0.395920,130.874084,0.443690,0.329394,0.499236,0.625242,1,2.655075
1644834609497.896,148937964861,11774362159,957.769547,743.922293,2.602127,1,-48.149803,61.569759,545.947937,-0.727019,133.092087,0.610781,0.289935,0.498596,0.617951,1,2.553375,1,15.985654,50.563221,546.717529,-0.476487,131.884735,0.443804,0.329335,0.499080,0.621920,1,2.650879
1644834609508.903,148937975965,11774373263,958.726902,745.931339,2.603371,1,-48.192757,61.563705,545.892395,-0.572230,132.075211,0.610905,0.289934,0.498895,0.621293,1,2.560867,1,15.927141,50.579330,546.649536,-0.114688,131.882935,0.443950,0.329256,0.499779,0.621925,1,2.645874
1644834609520.8992,148937987069,11774384366,957.184839,745.796478,2.602737,1,-48.257923,61.541298,545.760376,-1.508069,131.497726,0.611106,0.289959,0.497089,0.623192,1,2.558044,1,15.855401,50.576752,546.524109,-0.010904,132.528778,0.444127,0.329224,0.499979,0.619802,1,2.647430
1644834609531.896,148937998172,11774395469,958.007669,745.526934,2.603615,1,-48.362442,61.487984,545.569214,-1.495508,131.913223,0.611423,0.290067,0.497113,0.621826,1,2.558273,1,15.765772,50.572330,546.384033,0.420521,132.249985,0.444350,0.329193,0.500812,0.620719,1,2.648956
1644834609541.896,148938009275,11774406572,958.512268,741.118312,2.626335,1,-48.389080,61.469318,545.509888,-1.185430,134.161942,0.611506,0.290108,0.497711,0.614434,1,2.600906,1,15.678996,50.564484,546.273254,0.382765,132.236603,0.444568,0.329183,0.500739,0.620763,1,2.651764
1644834609553.9,148938020378,11774417675,959.746256,737.131941,2.619278,1,-48.536880,61.418137,545.385498,-1.828791,136.205734,0.611922,0.290235,0.496469,0.607716,1,2.591888,1,15.558911,50.559010,546.188354,1.691941,132.214081,0.444874,0.329173,0.503266,0.620837,1,2.646667
1644834609564.896,148938031481,11774428778,953.930368,736.821234,2.612885,1,-48.773010,61.376633,545.324158,-3.413338,136.366592,0.612553,0.290352,0.493410,0.607188,1,2.585159,1,15.426970,50.557339,546.171265,0.138304,132.210770,0.445216,0.329172,0.500267,0.620848,1,2.640610
1644834609574.91,148938042584,11774439881,948.954248,742.010093,2.588715,1,-48.837471,61.366520,545.255005,-4.967864,134.913040,0.612737,0.290359,0.490409,0.611965,1,2.532181,1,15.270348,50.557949,546.088318,-0.992160,131.033340,0.445618,0.329141,0.498085,0.624718,1,2.645248
1644834609586.907,148938053687,11774450984,940.487137,747.435057,2.592377,1,-49.013947,61.351082,545.197693,-5.786209,133.043579,0.613211,0.290388,0.488830,0.618110,1,2.536758,1,15.105127,50.578903,546.053040,-4.742546,130.152115,0.446045,0.329054,0.490844,0.627615,1,2.647995
1644834609597.906,148938064791,11774462088,935.540485,751.670694,2.599937,1,-49.228638,61.324642,544.936890,-6.940875,131.756226,0.613834,0.290374,0.486601,0.622342,1,2.538910,1,14.930440,50.595150,545.869995,-6.257014,129.291824,0.446487,0.328937,0.487921,0.630443,1,2.660965
1644834609608.8992,148938075894,11774473191,937.298956,751.326263,2.599457,1,-49.349369,61.330902,544.952271,-5.583585,131.774582,0.614145,0.290356,0.489221,0.622282,1,2.539047,1,14.794975,50.646751,545.909485,-6.665466,129.448105,0.446842,0.328768,0.487132,0.629929,1,2.659866
1644834609620.898,148938086997,11774484294,936.327181,750.676239,2.597923,1,-49.489864,61.334141,544.878357,-6.605951,132.591187,0.614530,0.290314,0.487247,0.619597,1,2.537384,1,14.648977,50.702740,545.851501,-6.167466,128.961044,0.447218,0.328553,0.488094,0.631530,1,2.658463
1644834609631.909,148938098100,11774495397,935.532360,747.907734,2.598305,1,-49.675182,61.334755,544.790710,-6.618467,134.317551,0.615035,0.290275,0.487223,0.613923,1,2.540451,1,14.519143,50.777679,545.799927,-6.583798,128.638443,0.447552,0.328275,0.487290,0.632590,1,2.656158
1644834609641.9028,148938109203,11774506500,930.969629,751.162577,2.601074,1,-49.762459,61.341801,544.684814,-7.289083,133.185501,0.615288,0.290207,0.485928,0.617644,1,2.546295,1,14.410625,50.845863,545.677551,-8.375178,128.120148,0.447825,0.327997,0.483832,0.634294,1,2.655853
1644834609653.903,148938120307,11774517603,932.020426,752.170908,2.600281,1,-49.881180,61.353554,544.571045,-6.649696,132.016617,0.615625,0.290120,0.487163,0.621486,1,2.548706,1,14.290879,50.914200,545.577698,-8.447574,128.777786,0.448130,0.327725,0.483692,0.632132,1,2.651855
1644834609664.896,148938131410,11774528706,931.788311,756.923640,2.598190,1,-50.041241,61.390999,544.568726,-7.259669,129.999832,0.616044,0.289986,0.485985,0.628115,1,2.546646,1,14.172149,50.980221,545.596375,-7.962849,128.384735,0.448440,0.327500,0.484628,0.633424,1,2.649734
1644834609675.901,148938142513,11774539809,936.605330,753.926718,2.596008,1,-50.131271,61.383389,544.480042,-6.905157,130.959885,0.616301,0.289976,0.486670,0.624960,1,2.541458,1,14.035430,51.014362,545.498596,-5.718176,128.944229,0.448789,0.327348,0.488961,0.631585,1,2.650558
1644834609687.9001,148938153617,11774550913,936.044283,751.570666,2.598373,1,-50.263817,61.374401,544.419373,-7.259301,130.976532,0.616662,0.289982,0.485986,0.624905,1,2.541870,1,13.901811,51.043591,545.455566,-5.666797,130.122223,0.449134,0.327231,0.489060,0.627713,1,2.654877
1644834609698.688,148938164720,11774562016,936.499701,750.175345,2.602737,1,-50.462414,61.341915,544.314148,-6.925026,131.679703,0.617207,0.290050,0.486631,0.622593,1,2.548660,1,13.755013,51.081715,545.393799,-5.755339,130.126541,0.449513,0.327076,0.488889,0.627699,1,2.656815
1644834609708.687,148938175823,11774573119,934.275570,752.137828,2.607849,1,-50.587841,61.330189,544.288879,-6.814382,130.665283,0.617541,0.290079,0.486845,0.625928,1,2.556351,1,13.611549,51.115669,545.382446,-7.066052,130.145859,0.449886,0.326952,0.486359,0.627635,1,2.659348
1644834609720.682,148938186926,11774584222,934.765663,753.480113,2.608414,1,-50.743092,61.297745,544.194580,-6.798488,131.035782,0.617971,0.290153,0.486875,0.624710,1,2.552338,1,13.446506,51.145760,545.307068,-6.817501,129.094803,0.450311,0.326821,0.486839,0.631090,1,2.664490
1644834609731.6812,148938198029,11774595325,933.390512,753.356194,2.607964,1,-50.942924,61.250999,544.018250,-7.518627,130.811646,0.618537,0.290243,0.485485,0.625447,1,2.550171,1,13.279732,51.165188,545.196533,-6.839386,129.381744,0.450738,0.326715,0.486796,0.630147,1,2.665756
1644834609741.688,148938209132,11774606428,933.120718,752.404046,2.608635,1,-51.055676,61.228188,543.956787,-7.593913,131.186264,0.618847,0.290297,0.485340,0.624216,1,2.552017,1,13.123482,51.197227,545.134338,-6.909667,129.489944,0.451142,0.326581,0.486661,0.629791,1,2.665253
1644834609753.681,148938220235,11774617531,932.823715,750.027788,2.612602,1,-51.206127,61.219067,543.955444,-7.923131,131.711258,0.619241,0.290326,0.484704,0.622490,1,2.558685,1,12.970159,51.239162,545.157654,-6.740689,130.169800,0.451543,0.326440,0.486987,0.627557,1,2.666519
1644834609764.68,148938231338,11774628634,932.605619,749.226522,2.609657,1,-51.399025,61.210941,543.929138,-8.240160,131.078140,0.619753,0.290341,0.484092,0.624571,1,2.561584,1,12.829997,51.282364,545.160950,-6.541341,131.209183,0.451908,0.326289,0.487372,0.624140,1,2.657730
1644834609775.703,148938242442,11774639738,932.742434,747.886384,2.606453,1,-51.495186,61.210846,543.942566,-9.076019,132.101013,0.620001,0.290345,0.482479,0.621209,1,2.552200,1,12.700072,51.335884,545.199890,-5.631693,130.865845,0.452249,0.326114,0.489128,0.625269,1,2.660706
1644834609787.6812,148938253546,11774650841,935.283966,750.143087,2.602852,1,-51.618069,61.201748,543.931885,-8.107344,131.661514,0.620326,0.290371,0.484349,0.622653,1,2.548065,1,12.580464,51.392796,545.207825,-5.228981,130.161087,0.452561,0.325917,0.489905,0.627585,1,2.657639
1644834609797.686,148938264649,11774661944,937.144690,753.338206,2.605675,1,-51.767437,61.188637,543.927246,-6.783782,132.535995,0.620718,0.290413,0.486904,0.619779,1,2.542679,1,12.478782,51.459427,545.220703,-5.548559,127.666542,0.452826,0.325688,0.489289,0.635785,1,2.668671
1644834609808.682,148938275752,11774673047,937.607260,753.975964,2.606339,1,-51.839809,61.182308,543.933350,-6.056514,132.042221,0.620906,0.290436,0.488308,0.621402,1,2.546158,1,12.392804,51.512081,545.244690,-6.026175,127.836929,0.453051,0.325512,0.488366,0.635225,1,2.666519
1644834609820.679,148938286855,11774684150,935.348053,753.262746,2.609634,1,-51.928226,61.180046,543.923645,-6.384632,131.636108,0.621140,0.290439,0.487674,0.622737,1,2.550278,1,12.311686,51.559319,545.252991,-6.917107,128.604675,0.453263,0.325349,0.486646,0.632701,1,2.668991
1644834609831.678,148938297958,11774695253,932.518015,754.592407,2.611061,1,-52.056854,61.195786,543.963440,-7.654047,130.043381,0.621467,0.290398,0.485224,0.627972,1,2.554688,1,12.224381,51.620220,545.302246,-7.174728,129.523209,0.453493,0.325152,0.486149,0.629682,1,2.667435
1644834609841.682,148938309061,11774706356,933.672152,756.668007,2.609314,1,-52.128887,61.209568,543.923157,-8.020019,129.043503,0.621665,0.290333,0.484517,0.631259,1,2.551727,1,12.124862,51.676407,545.269043,-6.186020,129.470642,0.453750,0.324945,0.488058,0.629855,1,2.666901
1644834609951.679,148938320164,11774717459,935.123634,759.632564,2.605324,1,-52.216282,61.228157,543.838501,-7.738104,130.077744,0.621915,0.290233,0.485062,0.627859,1,2.546021,1,12.018341,51.759289,545.193420,-5.684758,126.933281,0.454023,0.324630,0.489026,0.638195,1,2.664627
1644834609952.6821,148938331268,11774728563,939.256783,757.928002,2.601486,1,-52.339622,61.250568,543.652771,-6.008184,130.037964,0.622284,0.290080,0.488401,0.627990,1,2.539078,1,11.901854,51.808861,545.067139,-5.184472,127.837341,0.454319,0.324415,0.489991,0.635223,1,2.663895
1644834609953.68,148938342371,11774739666,939.891157,757.129848,2.602638,1,-52.424381,61.260639,543.587708,-4.974482,130.562073,0.622522,0.290018,0.490397,0.626267,1,2.544785,1,11.792098,51.873344,545.000732,-5.875874,127.717918,0.454601,0.324167,0.488657,0.635616,1,2.660492
1644834609953.68,148938353474,11774750769,943.065777,752.959764,2.596748,1,-52.545975,61.274673,543.523254,-4.598157,130.396896,0.622857,0.289942,0.491123,0.626810,1,2.536972,1,11.646428,51.923149,544.952393,-4.539196,129.997513,0.454978,0.323975,0.491237,0.628123,1,2.656525
1644834609954.684,148938364577,11774761872,944.054832,753.085077,2.591667,1,-52.730991,61.301765,543.570068,-4.842132,131.515244,0.623329,0.289863,0.490652,0.623134,1,2.531418,1,11.499891,52.012165,545.008545,-3.761555,128.815643,0.455362,0.323682,0.492738,0.632008,1,2.651917
1644834609954.684,148938375680,11774772975,943.910923,752.572703,2.586433,1,-52.830044,61.321430,543.563538,-5.278630,131.743607,0.623590,0.289790,0.489810,0.622383,1,2.525253,1,11.368674,52.078461,545.020813,-3.402698,128.847061,0.455705,0.323454,0.493431,0.631904,1,2.647614
1644834609955.6812,148938386784,11774784078,944.040012,755.884445,2.588341,1,-52.955345,61.353275,543.608765,-4.711088,130.364746,0.623907,0.289695,0.490905,0.626916,1,2.533554,1,11.240801,52.167248,545.090332,-3.900599,128.546722,0.456042,0.323167,0.492470,0.632892,1,2.643127
1644834609955.6812,148938397887,11774795181,943.601561,751.523459,2.589691,1,-53.108829,61.372303,543.581116,-4.638648,131.274612,0.624316,0.289616,0.491045,0.623925,1,2.531540,1,11.116831,52.235504,545.087524,-4.209643,129.848038,0.456364,0.322926,0.491873,0.628614,1,2.647842
1644834609956.682,148938408990,11774806284,943.336945,750.459123,2.582298,1,-53.196869,61.391525,543.601501,-4.447564,131.602097,0.624541,0.289556,0.491414,0.622849,1,2.519745,1,11.014839,52.323837,545.129761,-4.543508,130.060196,0.456632,0.322632,0.491229,0.627917,1,2.644852
1644834609957.682,148938420094,11774817388,942.518520,749.756384,2.582489,1,-53.305065,61.416553,543.633972,-5.399916,132.613037,0.624815,0.289479,0.489575,0.619526,1,2.519943,1,10.898123,52.431572,545.180054,-4.032733,129.405624,0.456938,0.322273,0.492215,0.630068,1,2.645035
1644834609964.681,148938431197,11774828491,941.533527,754.049420,2.577568,1,-53.463707,61.484947,543.732544,-6.231930,131.370117,0.625205,0.289278,0.487969,0.623611,1,2.520340,1,10.787491,52.559433,545.274292,-3.732237,128.471771,0.457230,0.321858,0.492795,0.633138,1,2.634796
1644834609974.681,148938442300,11774839594,942.595854,752.306378,2.580711,1,-53.551048,61.515488,543.761597,-6.614317,131.500732,0.625426,0.289181,0.487231,0.623182,1,2.525482,1,10.665333,52.667126,545.329285,-2.776617,129.224976,0.457551,0.321500,0.494640,0.630662,1,2.635941
1644834609986.678,148938453403,11774850697,940.493517,752.195871,2.579102,1,-53.682819,61.566338,543.839844,-6.909418,131.538635,0.625750,0.289033,0.486661,0.623057,1,2.521545,1,10.541118,52.794525,545.435669,-3.615945,129.243073,0.457879,0.321092,0.493019,0.630603,1,2.636658
1644834609997.679,148938464506,11774861800,939.522600,751.859736,2.586182,1,-53.897465,61.630363,543.947510,-6.784864,131.653992,0.626284,0.288849,0.486902,0.622678,1,2.528992,1,10.398360,52.919533,545.541504,-4.264375,129.298187,0.458255,0.320691,0.491768,0.630422,1,2.643372
1644834610008.6802,148938475609,11774872903,938.256855,756.165719,2.590950,1,-54.029442,61.676083,543.996338,-6.197782,130.293732,0.626616,0.288707,0.488035,0.627149,1,2.536560,1,10.259164,53.037521,545.630066,-5.534402,128.475113,0.458621,0.320309,0.489316,0.633127,1,2.645340
1644834610019.68,148938486712,11774884006,940.353384,756.442308,2.588997,1,-54.194057,61.717098,543.985474,-5.783597,130.042542,0.627049,0.288558,0.488835,0.627975,1,2.527954,1,10.072820,53.151745,545.645508,-4.817359,128.586044,0.459107,0.319915,0.490700,0.632762,1,2.650040
1644834610034.208,148938497815,11774895109,942.232018,752.950466,2.585663,1,-54.443817,61.778027,543.980713,-5.721972,130.262787,0.627704,0.288340,0.488954,0.627251,1,2.525528,1,9.874032,53.258816,545.672241,-3.865295,130.136368,0.459625,0.319549,0.492538,0.627667,1,2.645798
1644834610041.6802,148938508920,11774906213,943.168831,750.564265,2.588066,1,-54.584896,61.802380,543.977173,-5.879197,131.300873,0.628074,0.288251,0.488650,0.623839,1,2.529602,1,9.695111,53.367828,545.692322,-3.202582,130.308136,0.460091,0.319174,0.493817,0.627102,1,2.646530
1644834610053.681,148938520023,11774917316,941.743212,752.517164,2.586845,1,-54.776337,61.850052,544.064209,-6.351288,130.655045,0.628551,0.288117,0.487739,0.625962,1,2.530655,1,9.500226,53.507748,545.819275,-3.499735,129.963776,0.460604,0.318729,0.493244,0.628234,1,2.643036
1644834610064.679,148938531126,11774928419,942.639942,755.895567,2.587387,1,-55.068150,61.914383,544.123596,-5.459124,130.171265,0.629299,0.287912,0.489461,0.627552,1,2.526505,1,9.301343,53.654469,545.893066,-3.908021,128.734543,0.461124,0.318242,0.492456,0.632274,1,2.648270
1644834610074.679,148938542229,11774939522,943.286533,757.290673,2.579353,1,-55.219402,61.954353,544.164429,-5.172354,129.058456,0.629683,0.287787,0.490015,0.631210,1,2.516907,1,9.119822,53.787037,545.975952,-3.845941,129.140060,0.461599,0.317807,0.492575,0.630942,1,2.641800
1644834610086.679,148938553332,11774950625,943.221416,757.092583,2.582024,1,-55.405609,62.002701,544.172424,-4.742374,128.996582,0.630168,0.287619,0.490845,0.631413,1,2.524094,1,8.921728,53.933830,546.016418,-4.311071,129.302368,0.462116,0.317309,0.491677,0.630408,1,2.639954
1644834610097.6802,148938564435,11774961728,941.560850,756.698227,2.579247,1,-55.677406,62.071388,544.176819,-5.404413,129.756897,0.630877,0.287377,0.489567,0.628914,1,2.516800,1,8.719897,54.093689,546.049744,-4.545042,128.741974,0.462641,0.316762,0.491226,0.632250,1,2.641693
1644834610107.6802,148938575538,11774972831,922.621021,739.869010,2.588577,1,-55.878666,62.154747,544.151611,-11.368542,134.709091,0.631409,0.287073,0.478053,0.612636,1,2.517441,1,8.488876,54.290356,546.057800,-8.800493,132.322861,0.463242,0.316079,0.483011,0.620479,1,2.659714
