,data,timestamp,participant,document,val,arou,eng
0,0.02,1644580685.53125,P02,D01,0,0,1
1,-0.34,1644580685.546875,P02,D01,0,0,1
2,-0.74,1644580685.5625,P02,D01,0,0,1
3,-1.04,1644580685.578125,P02,D01,0,0,1
4,-1.12,1644580685.59375,P02,D01,0,0,1
5,-0.93,1644580685.609375,P02,D01,0,0,1
6,-0.56,1644580685.625,P02,D01,0,0,1
7,-0.19,1644580685.640625,P02,D01,0,0,1
8,0.03,1644580685.65625,P02,D01,0,0,1
9,0.02,1644580685.671875,P02,D01,0,0,1
10,-0.18,1644580685.6875,P02,D01,0,0,1
11,-0.45,1644580685.703125,P02,D01,0,0,1
12,-0.67,1644580685.71875,P02,D01,0,0,1
13,-0.75,1644580685.734375,P02,D01,0,0,1
14,-0.65,1644580685.75,P02,D01,0,0,1
15,-0.44,1644580685.765625,P02,D01,0,0,1
16,-0.2,1644580685.78125,P02,D01,0,0,1
17,-0.01,1644580685.796875,P02,D01,0,0,1
18,0.07,1644580685.8125,P02,D01,0,0,1
19,0.03,1644580685.828125,P02,D01,0,0,1
20,-0.07,1644580685.84375,P02,D01,0,0,1
21,-0.15,1644580685.859375,P02,D01,0,0,1
22,-0.15,1644580685.875,P02,D01,0,0,1
23,-0.07,1644580685.890625,P02,D01,0,0,1
24,0.02,1644580685.90625,P02,D01,0,0,1
25,0.05,1644580685.921875,P02,D01,0,0,1
26,-0.03,1644580685.9375,P02,D01,0,0,1
27,-0.17,1644580685.953125,P02,D01,0,0,1
28,-0.29,1644580685.96875,P02,D01,0,0,1
29,-0.28,1644580685.984375,P02,D01,0,0,1
30,-0.09,1644580686.0,P02,D01,0,0,1
31,0.25,1644580686.015625,P02,D01,0,0,1
32,0.69,1644580686.03125,P02,D01,0,0,1
33,1.13,1644580686.046875,P02,D01,0,0,1
34,1.47,1644580686.0625,P02,D01,0,0,1
35,1.63,1644580686.078125,P02,D01,0,0,1
36,1.58,1644580686.09375,P02,D01,0,0,1
37,1.33,1644580686.109375,P02,D01,0,0,1
38,0.97,1644580686.125,P02,D01,0,0,1
39,0.61,1644580686.140625,P02,D01,0,0,1
40,0.35,1644580686.15625,P02,D01,0,0,1
41,0.23,1644580686.171875,P02,D01,0,0,1
42,0.25,1644580686.1875,P02,D01,0,0,1
43,0.31,1644580686.203125,P02,D01,0,0,1
44,0.33,1644580686.21875,P02,D01,0,0,1
45,0.28,1644580686.234375,P02,D01,0,0,1
46,0.15,1644580686.25,P02,D01,0,0,1
47,-0.01,1644580686.265625,P02,D01,0,0,1
48,-0.17,1644580686.28125,P02,D01,0,0,1
49,-0.3,1644580686.296875,P02,D01,0,0,1
50,-0.39,1644580686.3125,P02,D01,0,0,1
51,-0.43,1644580686.328125,P02,D01,0,0,1
52,-0.42,1644580686.34375,P02,D01,0,0,1
53,-0.39,1644580686.359375,P02,D01,0,0,1
54,-0.37,1644580686.375,P02,D01,0,0,1
55,-0.38,1644580686.390625,P02,D01,0,0,1
56,-0.44,1644580686.40625,P02,D01,0,0,1
57,-0.49,1644580686.421875,P02,D01,0,0,1
58,-0.49,1644580686.4375,P02,D01,0,0,1
59,-0.41,1644580686.453125,P02,D01,0,0,1
60,-0.27,1644580686.46875,P02,D01,0,0,1
61,-0.12,1644580686.484375,P02,D01,0,0,1
62,-0.05,1644580686.5,P02,D01,0,0,1
63,-0.08,1644580686.515625,P02,D01,0,0,1
64,-0.19,1644580686.53125,P02,D01,0,0,1
65,-0.34,1644580686.546875,P02,D01,0,0,1
66,-0.5,1644580686.5625,P02,D01,0,0,1
67,-0.63,1644580686.578125,P02,D01,0,0,1
68,-0.72,1644580686.59375,P02,D01,0,0,1
69,-0.74,1644580686.609375,P02,D01,0,0,1
70,-0.67,1644580686.625,P02,D01,0,0,1
71,-0.51,1644580686.640625,P02,D01,0,0,1
72,-0.32,1644580686.65625,P02,D01,0,0,1
73,-0.12,1644580686.671875,P02,D01,0,0,1
74,0.03,1644580686.6875,P02,D01,0,0,1
75,0.13,1644580686.703125,P02,D01,0,0,1
76,0.22,1644580686.71875,P02,D01,0,0,1
77,0.32,1644580686.734375,P02,D01,0,0,1
78,0.4,1644580686.75,P02,D01,0,0,1
79,0.41,1644580686.765625,P02,D01,0,0,1
80,0.29,1644580686.78125,P02,D01,0,0,1
81,0.07,1644580686.796875,P02,D01,0,0,1
82,-0.17,1644580686.8125,P02,D01,0,0,1
83,-0.3,1644580686.828125,P02,D01,0,0,1
84,-0.24,1644580686.84375,P02,D01,0,0,1
85,-0.0,1644580686.859375,P02,D01,0,0,1
86,0.32,1644580686.875,P02,D01,0,0,1
87,0.63,1644580686.890625,P02,D01,0,0,1
88,0.83,1644580686.90625,P02,D01,0,0,1
89,0.9,1644580686.921875,P02,D01,0,0,1
90,0.89,1644580686.9375,P02,D01,0,0,1
91,0.83,1644580686.953125,P02,D01,0,0,1
92,0.76,1644580686.96875,P02,D01,0,0,1
93,0.71,1644580686.984375,P02,D01,0,0,1
94,0.69,1644580687.0,P02,D01,0,0,1
95,0.74,1644580687.015625,P02,D01,0,0,1
96,0.86,1644580687.03125,P02,D01,0,0,1
97,1.05,1644580687.046875,P02,D01,0,0,1
98,1.24,1644580687.0625,P02,D01,0,0,1
99,1.33,1644580687.078125,P02,D01,0,0,1
100,1.26,1644580687.09375,P02,D01,0,0,1
101,1.02,1644580687.109375,P02,D01,0,0,1
102,0.7,1644580687.125,P02,D01,0,0,1
103,0.42,1644580687.140625,P02,D01,0,0,1
104,0.25,1644580687.15625,P02,D01,0,0,1
105,0.22,1644580687.171875,P02,D01,0,0,1
106,0.26,1644580687.1875,P02,D01,0,0,1
107,0.3,1644580687.203125,P02,D01,0,0,1
108,0.27,1644580687.21875,P02,D01,0,0,1
109,0.17,1644580687.234375,P02,D01,0,0,1
110,0.03,1644580687.25,P02,D01,0,0,1
111,-0.11,1644580687.265625,P02,D01,0,0,1
112,-0.26,1644580687.28125,P02,D01,0,0,1
113,-0.42,1644580687.296875,P02,D01,0,0,1
114,-0.6,1644580687.3125,P02,D01,0,0,1
115,-0.81,1644580687.328125,P02,D01,0,0,1
116,-1.01,1644580687.34375,P02,D01,0,0,1
117,-1.18,1644580687.359375,P02,D01,0,0,1
118,-1.27,1644580687.375,P02,D01,0,0,1
119,-1.31,1644580687.390625,P02,D01,0,0,1
120,-1.3,1644580687.40625,P02,D01,0,0,1
121,-1.24,1644580687.421875,P02,D01,0,0,1
122,-1.13,1644580687.4375,P02,D01,0,0,1
123,-0.99,1644580687.453125,P02,D01,0,0,1
124,-0.86,1644580687.46875,P02,D01,0,0,1
125,-0.82,1644580687.484375,P02,D01,0,0,1
126,-0.9,1644580687.5,P02,D01,0,0,1
127,-1.14,1644580687.515625,P02,D01,0,0,1
128,-1.52,1644580687.53125,P02,D01,0,0,1
129,-2.0,1644580687.546875,P02,D01,0,0,1
130,-2.54,1644580687.5625,P02,D01,0,0,1
131,-3.1,1644580687.578125,P02,D01,0,0,1
132,-3.6,1644580687.59375,P02,D01,0,0,1
133,-3.94,1644580687.609375,P02,D01,0,0,1
134,-4.05,1644580687.625,P02,D01,0,0,1
135,-3.87,1644580687.640625,P02,D01,0,0,1
136,-3.47,1644580687.65625,P02,D01,0,0,1
137,-2.97,1644580687.671875,P02,D01,0,0,1
138,-2.53,1644580687.6875,P02,D01,0,0,1
139,-2.28,1644580687.703125,P02,D01,0,0,1
140,-2.25,1644580687.71875,P02,D01,0,0,1
141,-2.39,1644580687.734375,P02,D01,0,0,1
142,-2.59,1644580687.75,P02,D01,0,0,1
143,-2.76,1644580687.765625,P02,D01,0,0,1
144,-2.88,1644580687.78125,P02,D01,0,0,1
145,-2.95,1644580687.796875,P02,D01,0,0,1
146,-3.03,1644580687.8125,P02,D01,0,0,1
147,-3.14,1644580687.828125,P02,D01,0,0,1
148,-3.31,1644580687.84375,P02,D01,0,0,1
149,-3.51,1644580687.859375,P02,D01,0,0,1
150,-3.72,1644580687.875,P02,D01,0,0,1
151,-3.92,1644580687.890625,P02,D01,0,0,1
152,-4.1,1644580687.90625,P02,D01,0,0,1
153,-4.27,1644580687.921875,P02,D01,0,0,1
154,-4.4,1644580687.9375,P02,D01,0,0,1
155,-4.48,1644580687.953125,P02,D01,0,0,1
156,-4.49,1644580687.96875,P02,D01,0,0,1
157,-4.4,1644580687.984375,P02,D01,0,0,1
158,-4.23,1644580688.0,P02,D01,0,0,1
159,-4.03,1644580688.015625,P02,D01,0,0,1
160,-3.85,1644580688.03125,P02,D01,0,0,1
161,-3.76,1644580688.046875,P02,D01,0,0,1
162,-3.77,1644580688.0625,P02,D01,0,0,1
163,-3.84,1644580688.078125,P02,D01,0,0,1
164,-3.86,1644580688.09375,P02,D01,0,0,1
165,-3.76,1644580688.109375,P02,D01,0,0,1
166,-3.5,1644580688.125,P02,D01,0,0,1
167,-3.12,1644580688.140625,P02,D01,0,0,1
168,-2.73,1644580688.15625,P02,D01,0,0,1
169,-2.49,1644580688.171875,P02,D01,0,0,1
170,-2.52,1644580688.1875,P02,D01,0,0,1
171,-2.82,1644580688.203125,P02,D01,0,0,1
172,-3.26,1644580688.21875,P02,D01,0,0,1
173,-3.62,1644580688.234375,P02,D01,0,0,1
174,-3.62,1644580688.25,P02,D01,0,0,1
175,-3.08,1644580688.265625,P02,D01,0,0,1
176,-1.93,1644580688.28125,P02,D01,0,0,1
177,-0.25,1644580688.296875,P02,D01,0,0,1
178,1.79,1644580688.3125,P02,D01,0,0,1
179,3.94,1644580688.328125,P02,D01,0,0,1
180,5.98,1644580688.34375,P02,D01,0,0,1
181,7.74,1644580688.359375,P02,D01,0,0,1
182,9.16,1644580688.375,P02,D01,0,0,1
183,10.24,1644580688.390625,P02,D01,0,0,1
184,11.09,1644580688.40625,P02,D01,0,0,1
185,11.8,1644580688.421875,P02,D01,0,0,1
186,12.44,1644580688.4375,P02,D01,0,0,1
187,13.04,1644580688.453125,P02,D01,0,0,1
188,13.53,1644580688.46875,P02,D01,0,0,1
189,13.83,1644580688.484375,P02,D01,0,0,1
190,13.89,1644580688.5,P02,D01,0,0,1
191,13.68,1644580688.515625,P02,D01,0,0,1
192,13.22,1644580688.53125,P02,D01,0,0,1
193,12.52,1644580688.546875,P02,D01,0,0,1
194,11.54,1644580688.5625,P02,D01,0,0,1
195,10.25,1644580688.578125,P02,D01,0,0,1
196,8.65,1644580688.59375,P02,D01,0,0,1
197,6.85,1644580688.609375,P02,D01,0,0,1
198,5.01,1644580688.625,P02,D01,0,0,1
199,3.38,1644580688.640625,P02,D01,0,0,1
200,2.12,1644580688.65625,P02,D01,0,0,1
201,1.32,1644580688.671875,P02,D01,0,0,1
202,0.9,1644580688.6875,P02,D01,0,0,1
203,0.72,1644580688.703125,P02,D01,0,0,1
204,0.63,1644580688.71875,P02,D01,0,0,1
205,0.49,1644580688.734375,P02,D01,0,0,1
206,0.27,1644580688.75,P02,D01,0,0,1
207,-0.02,1644580688.765625,P02,D01,0,0,1
208,-0.36,1644580688.78125,P02,D01,0,0,1
209,-0.68,1644580688.796875,P02,D01,0,0,1
210,-1.0,1644580688.8125,P02,D01,0,0,1
211,-1.3,1644580688.828125,P02,D01,0,0,1
212,-1.61,1644580688.84375,P02,D01,0,0,1
213,-1.95,1644580688.859375,P02,D01,0,0,1
214,-2.3,1644580688.875,P02,D01,0,0,1
215,-2.61,1644580688.890625,P02,D01,0,0,1
216,-2.82,1644580688.90625,P02,D01,0,0,1
217,-2.9,1644580688.921875,P02,D01,0,0,1
218,-2.84,1644580688.9375,P02,D01,0,0,1
219,-2.71,1644580688.953125,P02,D01,0,0,1
220,-2.58,1644580688.96875,P02,D01,0,0,1
221,-2.54,1644580688.984375,P02,D01,0,0,1
222,-2.56,1644580689.0,P02,D01,0,0,1
223,-2.6,1644580689.015625,P02,D01,0,0,1
224,-2.55,1644580689.03125,P02,D01,0,0,1
225,-2.31,1644580689.046875,P02,D01,0,0,1
226,-1.88,1644580689.0625,P02,D01,0,0,1
227,-1.36,1644580689.078125,P02,D01,0,0,1
228,-0.9,1644580689.09375,P02,D01,0,0,1
229,-0.64,1644580689.109375,P02,D01,0,0,1
230,-0.59,1644580689.125,P02,D01,0,0,1
231,-0.7,1644580689.140625,P02,D01,0,0,1
232,-0.82,1644580689.15625,P02,D01,0,0,1
233,-0.85,1644580689.171875,P02,D01,0,0,1
234,-0.76,1644580689.1875,P02,D01,0,0,1
235,-0.62,1644580689.203125,P02,D01,0,0,1
236,-0.53,1644580689.21875,P02,D01,0,0,1
237,-0.53,1644580689.234375,P02,D01,0,0,1
238,-0.6,1644580689.25,P02,D01,0,0,1
239,-0.64,1644580689.265625,P02,D01,0,0,1
240,-0.54,1644580689.28125,P02,D01,0,0,1
241,-0.26,1644580689.296875,P02,D01,0,0,1
242,0.16,1644580689.3125,P02,D01,0,0,1
243,0.62,1644580689.328125,P02,D01,0,0,1
244,1.0,1644580689.34375,P02,D01,0,0,1
245,1.22,1644580689.359375,P02,D01,0,0,1
246,1.23,1644580689.375,P02,D01,0,0,1
247,1.07,1644580689.390625,P02,D01,0,0,1
248,0.77,1644580689.40625,P02,D01,0,0,1
249,0.42,1644580689.421875,P02,D01,0,0,1
250,0.06,1644580689.4375,P02,D01,0,0,1
251,-0.25,1644580689.453125,P02,D01,0,0,1
252,-0.48,1644580689.46875,P02,D01,0,0,1
253,-0.63,1644580689.484375,P02,D01,0,0,1
254,-0.68,1644580689.5,P02,D01,0,0,1
255,-0.7,1644580689.515625,P02,D01,0,0,1
256,-0.72,1644580689.53125,P02,D01,0,0,1
257,-0.79,1644580689.546875,P02,D01,0,0,1
258,-0.88,1644580689.5625,P02,D01,0,0,1
259,-0.94,1644580689.578125,P02,D01,0,0,1
260,-0.89,1644580689.59375,P02,D01,0,0,1
261,-0.66,1644580689.609375,P02,D01,0,0,1
262,-0.28,1644580689.625,P02,D01,0,0,1
263,0.17,1644580689.640625,P02,D01,0,0,1
264,0.55,1644580689.65625,P02,D01,0,0,1
265,0.78,1644580689.671875,P02,D01,0,0,1
266,0.83,1644580689.6875,P02,D01,0,0,1
267,0.78,1644580689.703125,P02,D01,0,0,1
268,0.73,1644580689.71875,P02,D01,0,0,1
269,0.76,1644580689.734375,P02,D01,0,0,1
270,0.86,1644580689.75,P02,D01,0,0,1
271,0.99,1644580689.765625,P02,D01,0,0,1
272,1.04,1644580689.78125,P02,D01,0,0,1
273,1.01,1644580689.796875,P02,D01,0,0,1
274,0.9,1644580689.8125,P02,D01,0,0,1
275,0.81,1644580689.828125,P02,D01,0,0,1
276,0.79,1644580689.84375,P02,D01,0,0,1
277,0.86,1644580689.859375,P02,D01,0,0,1
278,0.98,1644580689.875,P02,D01,0,0,1
279,1.1,1644580689.890625,P02,D01,0,0,1
280,1.15,1644580689.90625,P02,D01,0,0,1
281,1.12,1644580689.921875,P02,D01,0,0,1
282,1.0,1644580689.9375,P02,D01,0,0,1
283,0.84,1644580689.953125,P02,D01,0,0,1
284,0.66,1644580689.96875,P02,D01,0,0,1
285,0.49,1644580689.984375,P02,D01,0,0,1
286,0.34,1644580690.0,P02,D01,0,0,1
287,0.2,1644580690.015625,P02,D01,0,0,1
288,0.06,1644580690.03125,P02,D01,0,0,1
289,-0.11,1644580690.046875,P02,D01,0,0,1
290,-0.33,1644580690.0625,P02,D01,0,0,1
291,-0.56,1644580690.078125,P02,D01,0,0,1
292,-0.76,1644580690.09375,P02,D01,0,0,1
293,-0.86,1644580690.109375,P02,D01,0,0,1
294,-0.84,1644580690.125,P02,D01,0,0,1
295,-0.75,1644580690.140625,P02,D01,0,0,1
296,-0.7,1644580690.15625,P02,D01,0,0,1
297,-0.76,1644580690.171875,P02,D01,0,0,1
298,-0.94,1644580690.1875,P02,D01,0,0,1
299,-1.14,1644580690.203125,P02,D01,0,0,1
300,-1.21,1644580690.21875,P02,D01,0,0,1
301,-1.06,1644580690.234375,P02,D01,0,0,1
302,-0.74,1644580690.25,P02,D01,0,0,1
303,-0.39,1644580690.265625,P02,D01,0,0,1
304,-0.2,1644580690.28125,P02,D01,0,0,1
305,-0.26,1644580690.296875,P02,D01,0,0,1
306,-0.51,1644580690.3125,P02,D01,0,0,1
307,-0.8,1644580690.328125,P02,D01,0,0,1
308,-0.95,1644580690.34375,P02,D01,0,0,1
309,-0.89,1644580690.359375,P02,D01,0,0,1
310,-0.7,1644580690.375,P02,D01,0,0,1
311,-0.52,1644580690.390625,P02,D01,0,0,1
312,-0.48,1644580690.40625,P02,D01,0,0,1
313,-0.62,1644580690.421875,P02,D01,0,0,1
314,-0.85,1644580690.4375,P02,D01,0,0,1
315,-1.04,1644580690.453125,P02,D01,0,0,1
316,-1.09,1644580690.46875,P02,D01,0,0,1
317,-0.97,1644580690.484375,P02,D01,0,0,1
318,-0.75,1644580690.5,P02,D01,0,0,1
319,-0.53,1644580690.515625,P02,D01,0,0,1
320,-0.36,1644580690.53125,P02,D01,0,0,1
321,-0.22,1644580690.546875,P02,D01,0,0,1
322,-0.04,1644580690.5625,P02,D01,0,0,1
323,0.24,1644580690.578125,P02,D01,0,0,1
324,0.6,1644580690.59375,P02,D01,0,0,1
325,0.95,1644580690.609375,P02,D01,0,0,1
326,1.19,1644580690.625,P02,D01,0,0,1
327,1.23,1644580690.640625,P02,D01,0,0,1
328,1.07,1644580690.65625,P02,D01,0,0,1
329,0.78,1644580690.671875,P02,D01,0,0,1
330,0.49,1644580690.6875,P02,D01,0,0,1
331,0.33,1644580690.703125,P02,D01,0,0,1
332,0.33,1644580690.71875,P02,D01,0,0,1
333,0.46,1644580690.734375,P02,D01,0,0,1
334,0.63,1644580690.75,P02,D01,0,0,1
335,0.75,1644580690.765625,P02,D01,0,0,1
336,0.75,1644580690.78125,P02,D01,0,0,1
337,0.64,1644580690.796875,P02,D01,0,0,1
338,0.47,1644580690.8125,P02,D01,0,0,1
339,0.28,1644580690.828125,P02,D01,0,0,1
340,0.09,1644580690.84375,P02,D01,0,0,1
341,-0.1,1644580690.859375,P02,D01,0,0,1
342,-0.33,1644580690.875,P02,D01,0,0,1
343,-0.57,1644580690.890625,P02,D01,0,0,1
344,-0.79,1644580690.90625,P02,D01,0,0,1
345,-0.9,1644580690.921875,P02,D01,0,0,1
346,-0.83,1644580690.9375,P02,D01,0,0,1
347,-0.59,1644580690.953125,P02,D01,0,0,1
348,-0.27,1644580690.96875,P02,D01,0,0,1
349,-0.02,1644580690.984375,P02,D01,0,0,1
350,0.05,1644580691.0,P02,D01,0,0,1
351,-0.06,1644580691.015625,P02,D01,0,0,1
352,-0.25,1644580691.03125,P02,D01,0,0,1
353,-0.37,1644580691.046875,P02,D01,0,0,1
354,-0.3,1644580691.0625,P02,D01,0,0,1
355,-0.05,1644580691.078125,P02,D01,0,0,1
356,0.27,1644580691.09375,P02,D01,0,0,1
357,0.51,1644580691.109375,P02,D01,0,0,1
358,0.55,1644580691.125,P02,D01,0,0,1
359,0.4,1644580691.140625,P02,D01,0,0,1
360,0.12,1644580691.15625,P02,D01,0,0,1
361,-0.17,1644580691.171875,P02,D01,0,0,1
362,-0.4,1644580691.1875,P02,D01,0,0,1
363,-0.56,1644580691.203125,P02,D01,0,0,1
364,-0.66,1644580691.21875,P02,D01,0,0,1
365,-0.72,1644580691.234375,P02,D01,0,0,1
366,-0.73,1644580691.25,P02,D01,0,0,1
367,-0.62,1644580691.265625,P02,D01,0,0,1
368,-0.34,1644580691.28125,P02,D01,0,0,1
369,0.09,1644580691.296875,P02,D01,0,0,1
370,0.57,1644580691.3125,P02,D01,0,0,1
371,0.93,1644580691.328125,P02,D01,0,0,1
372,1.01,1644580691.34375,P02,D01,0,0,1
373,0.75,1644580691.359375,P02,D01,0,0,1
374,0.24,1644580691.375,P02,D01,0,0,1
375,-0.34,1644580691.390625,P02,D01,0,0,1
376,-0.75,1644580691.40625,P02,D01,0,0,1
377,-0.86,1644580691.421875,P02,D01,0,0,1
378,-0.63,1644580691.4375,P02,D01,0,0,1
379,-0.21,1644580691.453125,P02,D01,0,0,1
380,0.21,1644580691.46875,P02,D01,0,0,1
381,0.48,1644580691.484375,P02,D01,0,0,1
382,0.55,1644580691.5,P02,D01,0,0,1
383,0.44,1644580691.515625,P02,D01,0,0,1
384,0.25,1644580691.53125,P02,D01,0,0,1
385,0.05,1644580691.546875,P02,D01,0,0,1
386,-0.14,1644580691.5625,P02,D01,0,0,1
387,-0.32,1644580691.578125,P02,D01,0,0,1
388,-0.47,1644580691.59375,P02,D01,0,0,1
389,-0.59,1644580691.609375,P02,D01,0,0,1
390,-0.61,1644580691.625,P02,D01,0,0,1
391,-0.5,1644580691.640625,P02,D01,0,0,1
392,-0.22,1644580691.65625,P02,D01,0,0,1
393,0.16,1644580691.671875,P02,D01,0,0,1
394,0.53,1644580691.6875,P02,D01,0,0,1
395,0.78,1644580691.703125,P02,D01,0,0,1
396,0.82,1644580691.71875,P02,D01,0,0,1
397,0.66,1644580691.734375,P02,D01,0,0,1
398,0.37,1644580691.75,P02,D01,0,0,1
399,0.07,1644580691.765625,P02,D01,0,0,1
400,-0.14,1644580691.78125,P02,D01,0,0,1
401,-0.22,1644580691.796875,P02,D01,0,0,1
402,-0.17,1644580691.8125,P02,D01,0,0,1
403,-0.02,1644580691.828125,P02,D01,0,0,1
404,0.19,1644580691.84375,P02,D01,0,0,1
405,0.4,1644580691.859375,P02,D01,0,0,1
406,0.58,1644580691.875,P02,D01,0,0,1
407,0.65,1644580691.890625,P02,D01,0,0,1
408,0.57,1644580691.90625,P02,D01,0,0,1
409,0.36,1644580691.921875,P02,D01,0,0,1
410,0.1,1644580691.9375,P02,D01,0,0,1
411,-0.08,1644580691.953125,P02,D01,0,0,1
412,-0.09,1644580691.96875,P02,D01,0,0,1
413,0.07,1644580691.984375,P02,D01,0,0,1
414,0.31,1644580692.0,P02,D01,0,0,1
415,0.51,1644580692.015625,P02,D01,0,0,1
416,0.58,1644580692.03125,P02,D01,0,0,1
417,0.49,1644580692.046875,P02,D01,0,0,1
418,0.27,1644580692.0625,P02,D01,0,0,1
419,-0.02,1644580692.078125,P02,D01,0,0,1
420,-0.34,1644580692.09375,P02,D01,0,0,1
421,-0.65,1644580692.109375,P02,D01,0,0,1
422,-0.91,1644580692.125,P02,D01,0,0,1
423,-1.08,1644580692.140625,P02,D01,0,0,1
424,-1.14,1644580692.15625,P02,D01,0,0,1
425,-1.05,1644580692.171875,P02,D01,0,0,1
426,-0.83,1644580692.1875,P02,D01,0,0,1
427,-0.53,1644580692.203125,P02,D01,0,0,1
428,-0.19,1644580692.21875,P02,D01,0,0,1
429,0.14,1644580692.234375,P02,D01,0,0,1
430,0.41,1644580692.25,P02,D01,0,0,1
431,0.54,1644580692.265625,P02,D01,0,0,1
432,0.48,1644580692.28125,P02,D01,0,0,1
433,0.23,1644580692.296875,P02,D01,0,0,1
434,-0.13,1644580692.3125,P02,D01,0,0,1
435,-0.47,1644580692.328125,P02,D01,0,0,1
436,-0.68,1644580692.34375,P02,D01,0,0,1
437,-0.67,1644580692.359375,P02,D01,0,0,1
438,-0.49,1644580692.375,P02,D01,0,0,1
439,-0.22,1644580692.390625,P02,D01,0,0,1
440,0.04,1644580692.40625,P02,D01,0,0,1
441,0.21,1644580692.421875,P02,D01,0,0,1
442,0.29,1644580692.4375,P02,D01,0,0,1
443,0.29,1644580692.453125,P02,D01,0,0,1
444,0.3,1644580692.46875,P02,D01,0,0,1
445,0.35,1644580692.484375,P02,D01,0,0,1
446,0.46,1644580692.5,P02,D01,0,0,1
447,0.58,1644580692.515625,P02,D01,0,0,1
448,0.66,1644580692.53125,P02,D01,0,0,1
449,0.65,1644580692.546875,P02,D01,0,0,1
450,0.57,1644580692.5625,P02,D01,0,0,1
451,0.48,1644580692.578125,P02,D01,0,0,1
452,0.5,1644580692.59375,P02,D01,0,0,1
453,0.7,1644580692.609375,P02,D01,0,0,1
454,1.06,1644580692.625,P02,D01,0,0,1
455,1.47,1644580692.640625,P02,D01,0,0,1
456,1.8,1644580692.65625,P02,D01,0,0,1
457,1.94,1644580692.671875,P02,D01,0,0,1
458,1.91,1644580692.6875,P02,D01,0,0,1
459,1.83,1644580692.703125,P02,D01,0,0,1
460,1.82,1644580692.71875,P02,D01,0,0,1
461,1.97,1644580692.734375,P02,D01,0,0,1
462,2.26,1644580692.75,P02,D01,0,0,1
463,2.57,1644580692.765625,P02,D01,0,0,1
464,2.75,1644580692.78125,P02,D01,0,0,1
465,2.72,1644580692.796875,P02,D01,0,0,1
466,2.5,1644580692.8125,P02,D01,0,0,1
467,2.17,1644580692.828125,P02,D01,0,0,1
468,1.87,1644580692.84375,P02,D01,0,0,1
469,1.7,1644580692.859375,P02,D01,0,0,1
470,1.73,1644580692.875,P02,D01,0,0,1
471,1.92,1644580692.890625,P02,D01,0,0,1
472,2.17,1644580692.90625,P02,D01,0,0,1
473,2.36,1644580692.921875,P02,D01,0,0,1
474,2.39,1644580692.9375,P02,D01,0,0,1
475,2.22,1644580692.953125,P02,D01,0,0,1
476,1.89,1644580692.96875,P02,D01,0,0,1
477,1.47,1644580692.984375,P02,D01,0,0,1
478,1.06,1644580693.0,P02,D01,0,0,1
479,0.72,1644580693.015625,P02,D01,0,0,1
480,0.42,1644580693.03125,P02,D01,0,0,1
481,0.13,1644580693.046875,P02,D01,0,0,1
482,-0.22,1644580693.0625,P02,D01,0,0,1
483,-0.66,1644580693.078125,P02,D01,0,0,1
484,-1.14,1644580693.09375,P02,D01,0,0,1
485,-1.57,1644580693.109375,P02,D01,0,0,1
486,-1.87,1644580693.125,P02,D01,0,0,1
487,-2.0,1644580693.140625,P02,D01,0,0,1
488,-1.97,1644580693.15625,P02,D01,0,0,1
489,-1.8,1644580693.171875,P02,D01,0,0,1
490,-1.54,1644580693.1875,P02,D01,0,0,1
491,-1.19,1644580693.203125,P02,D01,0,0,1
492,-0.78,1644580693.21875,P02,D01,0,0,1
493,-0.33,1644580693.234375,P02,D01,0,0,1
494,0.13,1644580693.25,P02,D01,0,0,1
495,0.52,1644580693.265625,P02,D01,0,0,1
496,0.81,1644580693.28125,P02,D01,0,0,1
497,0.96,1644580693.296875,P02,D01,0,0,1
498,1.03,1644580693.3125,P02,D01,0,0,1
499,1.05,1644580693.328125,P02,D01,0,0,1
500,1.11,1644580693.34375,P02,D01,0,0,1
501,1.25,1644580693.359375,P02,D01,0,0,1
502,1.47,1644580693.375,P02,D01,0,0,1
503,1.73,1644580693.390625,P02,D01,0,0,1
504,1.95,1644580693.40625,P02,D01,0,0,1
505,2.07,1644580693.421875,P02,D01,0,0,1
506,2.07,1644580693.4375,P02,D01,0,0,1
507,1.98,1644580693.453125,P02,D01,0,0,1
508,1.86,1644580693.46875,P02,D01,0,0,1
509,1.78,1644580693.484375,P02,D01,0,0,1
510,1.73,1644580693.5,P02,D01,0,0,1
511,1.64,1644580693.515625,P02,D01,0,0,1
512,1.37,1644580693.53125,P02,D01,0,0,1
513,0.82,1644580693.546875,P02,D01,0,0,1
514,0.0,1644580693.5625,P02,D01,0,0,1
515,-0.95,1644580693.578125,P02,D01,0,0,1
516,-1.82,1644580693.59375,P02,D01,0,0,1
517,-2.4,1644580693.609375,P02,D01,0,0,1
518,-2.63,1644580693.625,P02,D01,0,0,1
519,-2.61,1644580693.640625,P02,D01,0,0,1
520,-2.6,1644580693.65625,P02,D01,0,0,1
521,-2.81,1644580693.671875,P02,D01,0,0,1
522,-3.31,1644580693.6875,P02,D01,0,0,1
523,-3.97,1644580693.703125,P02,D01,0,0,1
524,-4.55,1644580693.71875,P02,D01,0,0,1
525,-4.79,1644580693.734375,P02,D01,0,0,1
526,-4.59,1644580693.75,P02,D01,0,0,1
527,-4.02,1644580693.765625,P02,D01,0,0,1
528,-3.28,1644580693.78125,P02,D01,0,0,1
529,-2.59,1644580693.796875,P02,D01,0,0,1
530,-2.12,1644580693.8125,P02,D01,0,0,1
531,-1.9,1644580693.828125,P02,D01,0,0,1
532,-1.87,1644580693.84375,P02,D01,0,0,1
533,-1.9,1644580693.859375,P02,D01,0,0,1
534,-1.88,1644580693.875,P02,D01,0,0,1
535,-1.78,1644580693.890625,P02,D01,0,0,1
536,-1.63,1644580693.90625,P02,D01,0,0,1
537,-1.48,1644580693.921875,P02,D01,0,0,1
538,-1.44,1644580693.9375,P02,D01,0,0,1
539,-1.56,1644580693.953125,P02,D01,0,0,1
540,-1.85,1644580693.96875,P02,D01,0,0,1
541,-2.26,1644580693.984375,P02,D01,0,0,1
542,-2.65,1644580694.0,P02,D01,0,0,1
543,-2.9,1644580694.015625,P02,D01,0,0,1
544,-2.9,1644580694.03125,P02,D01,0,0,1
545,-2.63,1644580694.046875,P02,D01,0,0,1
546,-2.14,1644580694.0625,P02,D01,0,0,1
547,-1.55,1644580694.078125,P02,D01,0,0,1
548,-0.99,1644580694.09375,P02,D01,0,0,1
549,-0.55,1644580694.109375,P02,D01,0,0,1
550,-0.29,1644580694.125,P02,D01,0,0,1
551,-0.17,1644580694.140625,P02,D01,0,0,1
552,-0.12,1644580694.15625,P02,D01,0,0,1
553,-0.08,1644580694.171875,P02,D01,0,0,1
554,-0.02,1644580694.1875,P02,D01,0,0,1
555,0.07,1644580694.203125,P02,D01,0,0,1
556,0.14,1644580694.21875,P02,D01,0,0,1
557,0.18,1644580694.234375,P02,D01,0,0,1
558,0.23,1644580694.25,P02,D01,0,0,1
559,0.33,1644580694.265625,P02,D01,0,0,1
560,0.52,1644580694.28125,P02,D01,0,0,1
561,0.82,1644580694.296875,P02,D01,0,0,1
562,1.15,1644580694.3125,P02,D01,0,0,1
563,1.44,1644580694.328125,P02,D01,0,0,1
564,1.58,1644580694.34375,P02,D01,0,0,1
565,1.55,1644580694.359375,P02,D01,0,0,1
566,1.36,1644580694.375,P02,D01,0,0,1
567,1.05,1644580694.390625,P02,D01,0,0,1
568,0.67,1644580694.40625,P02,D01,0,0,1
569,0.25,1644580694.421875,P02,D01,0,0,1
570,-0.18,1644580694.4375,P02,D01,0,0,1
571,-0.57,1644580694.453125,P02,D01,0,0,1
572,-0.86,1644580694.46875,P02,D01,0,0,1
573,-0.99,1644580694.484375,P02,D01,0,0,1
574,-0.92,1644580694.5,P02,D01,0,0,1
575,-0.68,1644580694.515625,P02,D01,0,0,1
576,-0.37,1644580694.53125,P02,D01,0,0,1
577,-0.12,1644580694.546875,P02,D01,0,0,1
578,-0.02,1644580694.5625,P02,D01,0,0,1
579,-0.12,1644580694.578125,P02,D01,0,0,1
580,-0.35,1644580694.59375,P02,D01,0,0,1
581,-0.6,1644580694.609375,P02,D01,0,0,1
582,-0.76,1644580694.625,P02,D01,0,0,1
583,-0.77,1644580694.640625,P02,D01,0,0,1
584,-0.65,1644580694.65625,P02,D01,0,0,1
585,-0.47,1644580694.671875,P02,D01,0,0,1
586,-0.34,1644580694.6875,P02,D01,0,0,1
587,-0.3,1644580694.703125,P02,D01,0,0,1
588,-0.35,1644580694.71875,P02,D01,0,0,1
589,-0.4,1644580694.734375,P02,D01,0,0,1
590,-0.36,1644580694.75,P02,D01,0,0,1
591,-0.16,1644580694.765625,P02,D01,0,0,1
592,0.18,1644580694.78125,P02,D01,0,0,1
593,0.57,1644580694.796875,P02,D01,0,0,1
594,0.87,1644580694.8125,P02,D01,0,0,1
595,1.0,1644580694.828125,P02,D01,0,0,1
596,0.95,1644580694.84375,P02,D01,0,0,1
597,0.82,1644580694.859375,P02,D01,0,0,1
598,0.72,1644580694.875,P02,D01,0,0,1
599,0.75,1644580694.890625,P02,D01,0,0,1
600,0.88,1644580694.90625,P02,D01,0,0,1
601,0.99,1644580694.921875,P02,D01,0,0,1
602,0.97,1644580694.9375,P02,D01,0,0,1
603,0.79,1644580694.953125,P02,D01,0,0,1
604,0.52,1644580694.96875,P02,D01,0,0,1
605,0.27,1644580694.984375,P02,D01,0,0,1
606,0.17,1644580695.0,P02,D01,0,0,1
607,0.24,1644580695.015625,P02,D01,0,0,1
608,0.39,1644580695.03125,P02,D01,0,0,1
609,0.51,1644580695.046875,P02,D01,0,0,1
610,0.52,1644580695.0625,P02,D01,0,0,1
611,0.41,1644580695.078125,P02,D01,0,0,1
612,0.25,1644580695.09375,P02,D01,0,0,1
613,0.1,1644580695.109375,P02,D01,0,0,1
614,-0.05,1644580695.125,P02,D01,0,0,1
615,-0.24,1644580695.140625,P02,D01,0,0,1
616,-0.54,1644580695.15625,P02,D01,0,0,1
617,-0.95,1644580695.171875,P02,D01,0,0,1
618,-1.37,1644580695.1875,P02,D01,0,0,1
619,-1.69,1644580695.203125,P02,D01,0,0,1
620,-1.78,1644580695.21875,P02,D01,0,0,1
621,-1.63,1644580695.234375,P02,D01,0,0,1
622,-1.3,1644580695.25,P02,D01,0,0,1
623,-0.94,1644580695.265625,P02,D01,0,0,1
624,-0.68,1644580695.28125,P02,D01,0,0,1
625,-0.57,1644580695.296875,P02,D01,0,0,1
626,-0.6,1644580695.3125,P02,D01,0,0,1
627,-0.7,1644580695.328125,P02,D01,0,0,1
628,-0.78,1644580695.34375,P02,D01,0,0,1
629,-0.8,1644580695.359375,P02,D01,0,0,1
630,-0.76,1644580695.375,P02,D01,0,0,1
631,-0.72,1644580695.390625,P02,D01,0,0,1
632,-0.71,1644580695.40625,P02,D01,0,0,1
633,-0.79,1644580695.421875,P02,D01,0,0,1
634,-0.94,1644580695.4375,P02,D01,0,0,1
635,-1.13,1644580695.453125,P02,D01,0,0,1
636,-1.3,1644580695.46875,P02,D01,0,0,1
637,-1.43,1644580695.484375,P02,D01,0,0,1
638,-1.49,1644580695.5,P02,D01,0,0,1
639,-1.51,1644580695.515625,P02,D01,0,0,1
640,-1.5,1644580695.53125,P02,D01,0,0,1
641,-1.52,1644580695.546875,P02,D01,0,0,1
642,-1.59,1644580695.5625,P02,D01,0,0,1
643,-1.7,1644580695.578125,P02,D01,0,0,1
644,-1.79,1644580695.59375,P02,D01,0,0,1
645,-1.79,1644580695.609375,P02,D01,0,0,1
646,-1.68,1644580695.625,P02,D01,0,0,1
647,-1.45,1644580695.640625,P02,D01,0,0,1
648,-1.15,1644580695.65625,P02,D01,0,0,1
649,-0.85,1644580695.671875,P02,D01,0,0,1
650,-0.58,1644580695.6875,P02,D01,0,0,1
651,-0.32,1644580695.703125,P02,D01,0,0,1
652,-0.03,1644580695.71875,P02,D01,0,0,1
653,0.32,1644580695.734375,P02,D01,0,0,1
654,0.72,1644580695.75,P02,D01,0,0,1
655,1.1,1644580695.765625,P02,D01,0,0,1
656,1.41,1644580695.78125,P02,D01,0,0,1
657,1.62,1644580695.796875,P02,D01,0,0,1
658,1.77,1644580695.8125,P02,D01,0,0,1
659,1.92,1644580695.828125,P02,D01,0,0,1
660,2.13,1644580695.84375,P02,D01,0,0,1
661,2.33,1644580695.859375,P02,D01,0,0,1
662,2.45,1644580695.875,P02,D01,0,0,1
663,2.34,1644580695.890625,P02,D01,0,0,1
664,1.94,1644580695.90625,P02,D01,0,0,1
665,1.31,1644580695.921875,P02,D01,0,0,1
666,0.61,1644580695.9375,P02,D01,0,0,1
667,0.05,1644580695.953125,P02,D01,0,0,1
668,-0.22,1644580695.96875,P02,D01,0,0,1
669,-0.18,1644580695.984375,P02,D01,0,0,1
670,0.05,1644580696.0,P02,D01,0,0,1
671,0.3,1644580696.015625,P02,D01,0,0,1
672,0.39,1644580696.03125,P02,D01,0,0,1
673,0.27,1644580696.046875,P02,D01,0,0,1
674,0.02,1644580696.0625,P02,D01,0,0,1
675,-0.21,1644580696.078125,P02,D01,0,0,1
676,-0.27,1644580696.09375,P02,D01,0,0,1
677,-0.07,1644580696.109375,P02,D01,0,0,1
678,0.37,1644580696.125,P02,D01,0,0,1
679,0.9,1644580696.140625,P02,D01,0,0,1
680,1.38,1644580696.15625,P02,D01,0,0,1
681,1.65,1644580696.171875,P02,D01,0,0,1
682,1.67,1644580696.1875,P02,D01,0,0,1
683,1.46,1644580696.203125,P02,D01,0,0,1
684,1.14,1644580696.21875,P02,D01,0,0,1
685,0.86,1644580696.234375,P02,D01,0,0,1
686,0.7,1644580696.25,P02,D01,0,0,1
687,0.72,1644580696.265625,P02,D01,0,0,1
688,0.86,1644580696.28125,P02,D01,0,0,1
689,1.04,1644580696.296875,P02,D01,0,0,1
690,1.14,1644580696.3125,P02,D01,0,0,1
691,1.11,1644580696.328125,P02,D01,0,0,1
692,0.97,1644580696.34375,P02,D01,0,0,1
693,0.78,1644580696.359375,P02,D01,0,0,1
694,0.65,1644580696.375,P02,D01,0,0,1
695,0.64,1644580696.390625,P02,D01,0,0,1
696,0.72,1644580696.40625,P02,D01,0,0,1
697,0.85,1644580696.421875,P02,D01,0,0,1
698,0.95,1644580696.4375,P02,D01,0,0,1
699,0.97,1644580696.453125,P02,D01,0,0,1
700,0.89,1644580696.46875,P02,D01,0,0,1
701,0.73,1644580696.484375,P02,D01,0,0,1
702,0.52,1644580696.5,P02,D01,0,0,1
703,0.29,1644580696.515625,P02,D01,0,0,1
704,0.05,1644580696.53125,P02,D01,0,0,1
705,-0.17,1644580696.546875,P02,D01,0,0,1
706,-0.36,1644580696.5625,P02,D01,0,0,1
707,-0.49,1644580696.578125,P02,D01,0,0,1
708,-0.53,1644580696.59375,P02,D01,0,0,1
709,-0.45,1644580696.609375,P02,D01,0,0,1
710,-0.28,1644580696.625,P02,D01,0,0,1
711,-0.04,1644580696.640625,P02,D01,0,0,1
712,0.22,1644580696.65625,P02,D01,0,0,1
713,0.42,1644580696.671875,P02,D01,0,0,1
714,0.54,1644580696.6875,P02,D01,0,0,1
715,0.54,1644580696.703125,P02,D01,0,0,1
716,0.42,1644580696.71875,P02,D01,0,0,1
717,0.23,1644580696.734375,P02,D01,0,0,1
718,0.0,1644580696.75,P02,D01,0,0,1
719,-0.21,1644580696.765625,P02,D01,0,0,1
720,-0.39,1644580696.78125,P02,D01,0,0,1
721,-0.52,1644580696.796875,P02,D01,0,0,1
722,-0.59,1644580696.8125,P02,D01,0,0,1
723,-0.57,1644580696.828125,P02,D01,0,0,1
724,-0.46,1644580696.84375,P02,D01,0,0,1
725,-0.25,1644580696.859375,P02,D01,0,0,1
726,0.0,1644580696.875,P02,D01,0,0,1
727,0.25,1644580696.890625,P02,D01,0,0,1
728,0.43,1644580696.90625,P02,D01,0,0,1
729,0.51,1644580696.921875,P02,D01,0,0,1
730,0.48,1644580696.9375,P02,D01,0,0,1
731,0.31,1644580696.953125,P02,D01,0,0,1
732,0.05,1644580696.96875,P02,D01,0,0,1
733,-0.26,1644580696.984375,P02,D01,0,0,1
734,-0.56,1644580697.0,P02,D01,0,0,1
735,-0.76,1644580697.015625,P02,D01,0,0,1
736,-0.76,1644580697.03125,P02,D01,0,0,1
737,-0.53,1644580697.046875,P02,D01,0,0,1
738,-0.1,1644580697.0625,P02,D01,0,0,1
739,0.43,1644580697.078125,P02,D01,0,0,1
740,0.89,1644580697.09375,P02,D01,0,0,1
741,1.13,1644580697.109375,P02,D01,0,0,1
742,1.04,1644580697.125,P02,D01,0,0,1
743,0.66,1644580697.140625,P02,D01,0,0,1
744,0.11,1644580697.15625,P02,D01,0,0,1
745,-0.45,1644580697.171875,P02,D01,0,0,1
746,-0.84,1644580697.1875,P02,D01,0,0,1
747,-0.97,1644580697.203125,P02,D01,0,0,1
748,-0.87,1644580697.21875,P02,D01,0,0,1
749,-0.61,1644580697.234375,P02,D01,0,0,1
750,-0.33,1644580697.25,P02,D01,0,0,1
751,-0.12,1644580697.265625,P02,D01,0,0,1
752,0.01,1644580697.28125,P02,D01,0,0,1
753,0.06,1644580697.296875,P02,D01,0,0,1
754,0.04,1644580697.3125,P02,D01,0,0,1
755,-0.05,1644580697.328125,P02,D01,0,0,1
756,-0.23,1644580697.34375,P02,D01,0,0,1
757,-0.45,1644580697.359375,P02,D01,0,0,1
758,-0.66,1644580697.375,P02,D01,0,0,1
759,-0.74,1644580697.390625,P02,D01,0,0,1
760,-0.6,1644580697.40625,P02,D01,0,0,1
761,-0.28,1644580697.421875,P02,D01,0,0,1
762,0.12,1644580697.4375,P02,D01,0,0,1
763,0.44,1644580697.453125,P02,D01,0,0,1
764,0.57,1644580697.46875,P02,D01,0,0,1
765,0.49,1644580697.484375,P02,D01,0,0,1
766,0.3,1644580697.5,P02,D01,0,0,1
767,0.1,1644580697.515625,P02,D01,0,0,1
768,-0.0,1644580697.53125,P02,D01,0,0,1
769,0.03,1644580697.546875,P02,D01,0,0,1
770,0.17,1644580697.5625,P02,D01,0,0,1
771,0.37,1644580697.578125,P02,D01,0,0,1
772,0.56,1644580697.59375,P02,D01,0,0,1
773,0.69,1644580697.609375,P02,D01,0,0,1
774,0.72,1644580697.625,P02,D01,0,0,1
775,0.64,1644580697.640625,P02,D01,0,0,1
776,0.48,1644580697.65625,P02,D01,0,0,1
777,0.3,1644580697.671875,P02,D01,0,0,1
778,0.16,1644580697.6875,P02,D01,0,0,1
779,0.09,1644580697.703125,P02,D01,0,0,1
780,0.1,1644580697.71875,P02,D01,0,0,1
781,0.15,1644580697.734375,P02,D01,0,0,1
782,0.2,1644580697.75,P02,D01,0,0,1
783,0.18,1644580697.765625,P02,D01,0,0,1
784,0.08,1644580697.78125,P02,D01,0,0,1
785,-0.1,1644580697.796875,P02,D01,0,0,1
786,-0.32,1644580697.8125,P02,D01,0,0,1
787,-0.54,1644580697.828125,P02,D01,0,0,1
788,-0.69,1644580697.84375,P02,D01,0,0,1
789,-0.73,1644580697.859375,P02,D01,0,0,1
790,-0.67,1644580697.875,P02,D01,0,0,1
791,-0.51,1644580697.890625,P02,D01,0,0,1
792,-0.29,1644580697.90625,P02,D01,0,0,1
793,-0.09,1644580697.921875,P02,D01,0,0,1
794,0.05,1644580697.9375,P02,D01,0,0,1
795,0.1,1644580697.953125,P02,D01,0,0,1
796,0.06,1644580697.96875,P02,D01,0,0,1
797,-0.01,1644580697.984375,P02,D01,0,0,1
798,-0.03,1644580698.0,P02,D01,0,0,1
799,0.02,1644580698.015625,P02,D01,0,0,1
800,0.17,1644580698.03125,P02,D01,0,0,1
801,0.33,1644580698.046875,P02,D01,0,0,1
802,0.4,1644580698.0625,P02,D01,0,0,1
803,0.31,1644580698.078125,P02,D01,0,0,1
804,0.05,1644580698.09375,P02,D01,0,0,1
805,-0.27,1644580698.109375,P02,D01,0,0,1
806,-0.5,1644580698.125,P02,D01,0,0,1
807,-0.52,1644580698.140625,P02,D01,0,0,1
808,-0.29,1644580698.15625,P02,D01,0,0,1
809,0.09,1644580698.171875,P02,D01,0,0,1
810,0.45,1644580698.1875,P02,D01,0,0,1
811,0.65,1644580698.203125,P02,D01,0,0,1
812,0.67,1644580698.21875,P02,D01,0,0,1
813,0.56,1644580698.234375,P02,D01,0,0,1
814,0.44,1644580698.25,P02,D01,0,0,1
815,0.39,1644580698.265625,P02,D01,0,0,1
816,0.42,1644580698.28125,P02,D01,0,0,1
817,0.47,1644580698.296875,P02,D01,0,0,1
818,0.44,1644580698.3125,P02,D01,0,0,1
819,0.28,1644580698.328125,P02,D01,0,0,1
820,0.03,1644580698.34375,P02,D01,0,0,1
821,-0.26,1644580698.359375,P02,D01,0,0,1
822,-0.46,1644580698.375,P02,D01,0,0,1
823,-0.53,1644580698.390625,P02,D01,0,0,1
824,-0.46,1644580698.40625,P02,D01,0,0,1
825,-0.29,1644580698.421875,P02,D01,0,0,1
826,-0.08,1644580698.4375,P02,D01,0,0,1
827,0.08,1644580698.453125,P02,D01,0,0,1
828,0.16,1644580698.46875,P02,D01,0,0,1
829,0.14,1644580698.484375,P02,D01,0,0,1
830,0.07,1644580698.5,P02,D01,0,0,1
831,-0.01,1644580698.515625,P02,D01,0,0,1
832,-0.05,1644580698.53125,P02,D01,0,0,1
833,0.01,1644580698.546875,P02,D01,0,0,1
834,0.16,1644580698.5625,P02,D01,0,0,1
835,0.38,1644580698.578125,P02,D01,0,0,1
836,0.58,1644580698.59375,P02,D01,0,0,1
837,0.67,1644580698.609375,P02,D01,0,0,1
838,0.59,1644580698.625,P02,D01,0,0,1
839,0.35,1644580698.640625,P02,D01,0,0,1
840,0.01,1644580698.65625,P02,D01,0,0,1
841,-0.31,1644580698.671875,P02,D01,0,0,1
842,-0.53,1644580698.6875,P02,D01,0,0,1
843,-0.59,1644580698.703125,P02,D01,0,0,1
844,-0.51,1644580698.71875,P02,D01,0,0,1
845,-0.35,1644580698.734375,P02,D01,0,0,1
846,-0.19,1644580698.75,P02,D01,0,0,1
847,-0.09,1644580698.765625,P02,D01,0,0,1
848,-0.05,1644580698.78125,P02,D01,0,0,1
849,-0.06,1644580698.796875,P02,D01,0,0,1
850,-0.07,1644580698.8125,P02,D01,0,0,1
851,-0.06,1644580698.828125,P02,D01,0,0,1
852,-0.01,1644580698.84375,P02,D01,0,0,1
853,0.08,1644580698.859375,P02,D01,0,0,1
854,0.19,1644580698.875,P02,D01,0,0,1
855,0.29,1644580698.890625,P02,D01,0,0,1
856,0.33,1644580698.90625,P02,D01,0,0,1
857,0.29,1644580698.921875,P02,D01,0,0,1
858,0.17,1644580698.9375,P02,D01,0,0,1
859,0.03,1644580698.953125,P02,D01,0,0,1
860,-0.03,1644580698.96875,P02,D01,0,0,1
861,0.02,1644580698.984375,P02,D01,0,0,1
862,0.15,1644580699.0,P02,D01,0,0,1
863,0.26,1644580699.015625,P02,D01,0,0,1
864,0.22,1644580699.03125,P02,D01,0,0,1
865,-0.04,1644580699.046875,P02,D01,0,0,1
866,-0.47,1644580699.0625,P02,D01,0,0,1
867,-0.89,1644580699.078125,P02,D01,0,0,1
868,-1.13,1644580699.09375,P02,D01,0,0,1
869,-1.06,1644580699.109375,P02,D01,0,0,1
870,-0.74,1644580699.125,P02,D01,0,0,1
871,-0.32,1644580699.140625,P02,D01,0,0,1
872,0.01,1644580699.15625,P02,D01,0,0,1
873,0.13,1644580699.171875,P02,D01,0,0,1
874,0.05,1644580699.1875,P02,D01,0,0,1
875,-0.13,1644580699.203125,P02,D01,0,0,1
876,-0.32,1644580699.21875,P02,D01,0,0,1
877,-0.45,1644580699.234375,P02,D01,0,0,1
878,-0.54,1644580699.25,P02,D01,0,0,1
879,-0.62,1644580699.265625,P02,D01,0,0,1
880,-0.69,1644580699.28125,P02,D01,0,0,1
881,-0.71,1644580699.296875,P02,D01,0,0,1
882,-0.6,1644580699.3125,P02,D01,0,0,1
883,-0.3,1644580699.328125,P02,D01,0,0,1
884,0.14,1644580699.34375,P02,D01,0,0,1
885,0.66,1644580699.359375,P02,D01,0,0,1
886,1.11,1644580699.375,P02,D01,0,0,1
887,1.4,1644580699.390625,P02,D01,0,0,1
888,1.48,1644580699.40625,P02,D01,0,0,1
889,1.38,1644580699.421875,P02,D01,0,0,1
890,1.16,1644580699.4375,P02,D01,0,0,1
891,0.89,1644580699.453125,P02,D01,0,0,1
892,0.61,1644580699.46875,P02,D01,0,0,1
893,0.33,1644580699.484375,P02,D01,0,0,1
894,0.1,1644580699.5,P02,D01,0,0,1
895,-0.07,1644580699.515625,P02,D01,0,0,1
896,-0.13,1644580699.53125,P02,D01,0,0,1
897,-0.09,1644580699.546875,P02,D01,0,0,1
898,-0.03,1644580699.5625,P02,D01,0,0,1
899,-0.02,1644580699.578125,P02,D01,0,0,1
900,-0.14,1644580699.59375,P02,D01,0,0,1
901,-0.4,1644580699.609375,P02,D01,0,0,1
902,-0.72,1644580699.625,P02,D01,0,0,1
903,-0.98,1644580699.640625,P02,D01,0,0,1
904,-1.07,1644580699.65625,P02,D01,0,0,1
905,-0.97,1644580699.671875,P02,D01,0,0,1
906,-0.77,1644580699.6875,P02,D01,0,0,1
907,-0.6,1644580699.703125,P02,D01,0,0,1
908,-0.57,1644580699.71875,P02,D01,0,0,1
909,-0.67,1644580699.734375,P02,D01,0,0,1
910,-0.84,1644580699.75,P02,D01,0,0,1
911,-0.92,1644580699.765625,P02,D01,0,0,1
912,-0.83,1644580699.78125,P02,D01,0,0,1
913,-0.56,1644580699.796875,P02,D01,0,0,1
914,-0.18,1644580699.8125,P02,D01,0,0,1
915,0.21,1644580699.828125,P02,D01,0,0,1
916,0.51,1644580699.84375,P02,D01,0,0,1
917,0.68,1644580699.859375,P02,D01,0,0,1
918,0.75,1644580699.875,P02,D01,0,0,1
919,0.74,1644580699.890625,P02,D01,0,0,1
920,0.69,1644580699.90625,P02,D01,0,0,1
921,0.6,1644580699.921875,P02,D01,0,0,1
922,0.47,1644580699.9375,P02,D01,0,0,1
923,0.29,1644580699.953125,P02,D01,0,0,1
924,0.1,1644580699.96875,P02,D01,0,0,1
925,-0.07,1644580699.984375,P02,D01,0,0,1
926,-0.19,1644580700.0,P02,D01,0,0,1
927,-0.25,1644580700.015625,P02,D01,0,0,1
928,-0.25,1644580700.03125,P02,D01,0,0,1
929,-0.21,1644580700.046875,P02,D01,0,0,1
930,-0.13,1644580700.0625,P02,D01,0,0,1
931,-0.04,1644580700.078125,P02,D01,0,0,1
932,0.04,1644580700.09375,P02,D01,0,0,1
933,0.08,1644580700.109375,P02,D01,0,0,1
934,0.05,1644580700.125,P02,D01,0,0,1
935,-0.04,1644580700.140625,P02,D01,0,0,1
936,-0.15,1644580700.15625,P02,D01,0,0,1
937,-0.19,1644580700.171875,P02,D01,0,0,1
938,-0.09,1644580700.1875,P02,D01,0,0,1
939,0.16,1644580700.203125,P02,D01,0,0,1
940,0.52,1644580700.21875,P02,D01,0,0,1
941,0.84,1644580700.234375,P02,D01,0,0,1
942,1.01,1644580700.25,P02,D01,0,0,1
943,0.92,1644580700.265625,P02,D01,0,0,1
944,0.61,1644580700.28125,P02,D01,0,0,1
945,0.18,1644580700.296875,P02,D01,0,0,1
946,-0.23,1644580700.3125,P02,D01,0,0,1
947,-0.47,1644580700.328125,P02,D01,0,0,1
948,-0.49,1644580700.34375,P02,D01,0,0,1
949,-0.29,1644580700.359375,P02,D01,0,0,1
950,0.05,1644580700.375,P02,D01,0,0,1
951,0.43,1644580700.390625,P02,D01,0,0,1
952,0.75,1644580700.40625,P02,D01,0,0,1
953,0.96,1644580700.421875,P02,D01,0,0,1
954,1.03,1644580700.4375,P02,D01,0,0,1
955,0.98,1644580700.453125,P02,D01,0,0,1
956,0.84,1644580700.46875,P02,D01,0,0,1
957,0.64,1644580700.484375,P02,D01,0,0,1
958,0.44,1644580700.5,P02,D01,0,0,1
959,0.28,1644580700.515625,P02,D01,0,0,1
960,0.2,1644580700.53125,P02,D01,0,0,1
961,0.21,1644580700.546875,P02,D01,0,0,1
962,0.29,1644580700.5625,P02,D01,0,0,1
963,0.38,1644580700.578125,P02,D01,0,0,1
964,0.43,1644580700.59375,P02,D01,0,0,1
965,0.38,1644580700.609375,P02,D01,0,0,1
966,0.23,1644580700.625,P02,D01,0,0,1
967,-0.0,1644580700.640625,P02,D01,0,0,1
968,-0.25,1644580700.65625,P02,D01,0,0,1
969,-0.46,1644580700.671875,P02,D01,0,0,1
970,-0.58,1644580700.6875,P02,D01,0,0,1
971,-0.56,1644580700.703125,P02,D01,0,0,1
972,-0.44,1644580700.71875,P02,D01,0,0,1
973,-0.26,1644580700.734375,P02,D01,0,0,1
974,-0.14,1644580700.75,P02,D01,0,0,1
975,-0.14,1644580700.765625,P02,D01,0,0,1
976,-0.27,1644580700.78125,P02,D01,0,0,1
977,-0.48,1644580700.796875,P02,D01,0,0,1
978,-0.61,1644580700.8125,P02,D01,0,0,1
979,-0.55,1644580700.828125,P02,D01,0,0,1
980,-0.3,1644580700.84375,P02,D01,0,0,1
981,0.07,1644580700.859375,P02,D01,0,0,1
982,0.42,1644580700.875,P02,D01,0,0,1
983,0.64,1644580700.890625,P02,D01,0,0,1
984,0.69,1644580700.90625,P02,D01,0,0,1
985,0.65,1644580700.921875,P02,D01,0,0,1
986,0.61,1644580700.9375,P02,D01,0,0,1
987,0.61,1644580700.953125,P02,D01,0,0,1
988,0.64,1644580700.96875,P02,D01,0,0,1
989,0.61,1644580700.984375,P02,D01,0,0,1
990,0.46,1644580701.0,P02,D01,0,0,1
991,0.17,1644580701.015625,P02,D01,0,0,1
992,-0.2,1644580701.03125,P02,D01,0,0,1
993,-0.51,1644580701.046875,P02,D01,0,0,1
994,-0.7,1644580701.0625,P02,D01,0,0,1
995,-0.73,1644580701.078125,P02,D01,0,0,1
996,-0.67,1644580701.09375,P02,D01,0,0,1
997,-0.6,1644580701.109375,P02,D01,0,0,1
998,-0.6,1644580701.125,P02,D01,0,0,1
999,-0.69,1644580701.140625,P02,D01,0,0,1
1000,-0.82,1644580701.15625,P02,D01,0,0,1
1001,-0.9,1644580701.171875,P02,D01,0,0,1
1002,-0.87,1644580701.1875,P02,D01,0,0,1
1003,-0.75,1644580701.203125,P02,D01,0,0,1
1004,-0.61,1644580701.21875,P02,D01,0,0,1
1005,-0.54,1644580701.234375,P02,D01,0,0,1
1006,-0.57,1644580701.25,P02,D01,0,0,1
1007,-0.68,1644580701.265625,P02,D01,0,0,1
1008,-0.8,1644580701.28125,P02,D01,0,0,1
1009,-0.87,1644580701.296875,P02,D01,0,0,1
1010,-0.87,1644580701.3125,P02,D01,0,0,1
1011,-0.84,1644580701.328125,P02,D01,0,0,1
1012,-0.8,1644580701.34375,P02,D01,0,0,1
1013,-0.78,1644580701.359375,P02,D01,0,0,1
1014,-0.75,1644580701.375,P02,D01,0,0,1
1015,-0.63,1644580701.390625,P02,D01,0,0,1
1016,-0.36,1644580701.40625,P02,D01,0,0,1
1017,0.06,1644580701.421875,P02,D01,0,0,1
1018,0.58,1644580701.4375,P02,D01,0,0,1
1019,1.05,1644580701.453125,P02,D01,0,0,1
1020,1.34,1644580701.46875,P02,D01,0,0,1
1021,1.31,1644580701.484375,P02,D01,0,0,1
1022,0.96,1644580701.5,P02,D01,0,0,1
1023,0.36,1644580701.515625,P02,D01,0,0,1
1024,-0.3,1644580701.53125,P02,D01,0,0,1
1025,-0.84,1644580701.546875,P02,D01,0,0,1
1026,-1.11,1644580701.5625,P02,D01,0,0,1
1027,-1.11,1644580701.578125,P02,D01,0,0,1
1028,-0.94,1644580701.59375,P02,D01,0,0,1
1029,-0.74,1644580701.609375,P02,D01,0,0,1
1030,-0.59,1644580701.625,P02,D01,0,0,1
1031,-0.48,1644580701.640625,P02,D01,0,0,1
1032,-0.34,1644580701.65625,P02,D01,0,0,1
1033,-0.07,1644580701.671875,P02,D01,0,0,1
1034,0.33,1644580701.6875,P02,D01,0,0,1
1035,0.75,1644580701.703125,P02,D01,0,0,1
1036,1.06,1644580701.71875,P02,D01,0,0,1
1037,1.13,1644580701.734375,P02,D01,0,0,1
1038,0.96,1644580701.75,P02,D01,0,0,1
1039,0.68,1644580701.765625,P02,D01,0,0,1
1040,0.45,1644580701.78125,P02,D01,0,0,1
1041,0.39,1644580701.796875,P02,D01,0,0,1
1042,0.5,1644580701.8125,P02,D01,0,0,1
1043,0.68,1644580701.828125,P02,D01,0,0,1
1044,0.79,1644580701.84375,P02,D01,0,0,1
1045,0.79,1644580701.859375,P02,D01,0,0,1
1046,0.7,1644580701.875,P02,D01,0,0,1
1047,0.63,1644580701.890625,P02,D01,0,0,1
1048,0.63,1644580701.90625,P02,D01,0,0,1
1049,0.69,1644580701.921875,P02,D01,0,0,1
1050,0.68,1644580701.9375,P02,D01,0,0,1
1051,0.5,1644580701.953125,P02,D01,0,0,1
1052,0.11,1644580701.96875,P02,D01,0,0,1
1053,-0.41,1644580701.984375,P02,D01,0,0,1
1054,-0.89,1644580702.0,P02,D01,0,0,1
1055,-1.17,1644580702.015625,P02,D01,0,0,1
1056,-1.21,1644580702.03125,P02,D01,0,0,1
1057,-1.07,1644580702.046875,P02,D01,0,0,1
1058,-0.86,1644580702.0625,P02,D01,0,0,1
1059,-0.69,1644580702.078125,P02,D01,0,0,1
1060,-0.58,1644580702.09375,P02,D01,0,0,1
1061,-0.44,1644580702.109375,P02,D01,0,0,1
1062,-0.24,1644580702.125,P02,D01,0,0,1
1063,0.03,1644580702.140625,P02,D01,0,0,1
1064,0.28,1644580702.15625,P02,D01,0,0,1
1065,0.43,1644580702.171875,P02,D01,0,0,1
1066,0.41,1644580702.1875,P02,D01,0,0,1
1067,0.27,1644580702.203125,P02,D01,0,0,1
1068,0.08,1644580702.21875,P02,D01,0,0,1
1069,-0.05,1644580702.234375,P02,D01,0,0,1
1070,-0.09,1644580702.25,P02,D01,0,0,1
1071,-0.08,1644580702.265625,P02,D01,0,0,1
1072,-0.07,1644580702.28125,P02,D01,0,0,1
1073,-0.13,1644580702.296875,P02,D01,0,0,1
1074,-0.23,1644580702.3125,P02,D01,0,0,1
1075,-0.33,1644580702.328125,P02,D01,0,0,1
1076,-0.32,1644580702.34375,P02,D01,0,0,1
1077,-0.17,1644580702.359375,P02,D01,0,0,1
1078,0.1,1644580702.375,P02,D01,0,0,1
1079,0.39,1644580702.390625,P02,D01,0,0,1
1080,0.61,1644580702.40625,P02,D01,0,0,1
1081,0.69,1644580702.421875,P02,D01,0,0,1
1082,0.63,1644580702.4375,P02,D01,0,0,1
1083,0.5,1644580702.453125,P02,D01,0,0,1
1084,0.37,1644580702.46875,P02,D01,0,0,1
1085,0.33,1644580702.484375,P02,D01,0,0,1
1086,0.37,1644580702.5,P02,D01,0,0,1
1087,0.45,1644580702.515625,P02,D01,0,0,1
1088,0.5,1644580702.53125,P02,D01,0,0,1
1089,0.49,1644580702.546875,P02,D01,0,0,1
1090,0.41,1644580702.5625,P02,D01,0,0,1
1091,0.32,1644580702.578125,P02,D01,0,0,1
1092,0.24,1644580702.59375,P02,D01,0,0,1
1093,0.2,1644580702.609375,P02,D01,0,0,1
1094,0.17,1644580702.625,P02,D01,0,0,1
1095,0.11,1644580702.640625,P02,D01,0,0,1
1096,0.02,1644580702.65625,P02,D01,0,0,1
1097,-0.07,1644580702.671875,P02,D01,0,0,1
1098,-0.12,1644580702.6875,P02,D01,0,0,1
1099,-0.08,1644580702.703125,P02,D01,0,0,1
1100,0.05,1644580702.71875,P02,D01,0,0,1
1101,0.22,1644580702.734375,P02,D01,0,0,1
1102,0.36,1644580702.75,P02,D01,0,0,1
1103,0.4,1644580702.765625,P02,D01,0,0,1
1104,0.33,1644580702.78125,P02,D01,0,0,1
1105,0.18,1644580702.796875,P02,D01,0,0,1
1106,0.02,1644580702.8125,P02,D01,0,0,1
1107,-0.07,1644580702.828125,P02,D01,0,0,1
1108,-0.07,1644580702.84375,P02,D01,0,0,1
1109,-0.03,1644580702.859375,P02,D01,0,0,1
1110,0.0,1644580702.875,P02,D01,0,0,1
1111,-0.05,1644580702.890625,P02,D01,0,0,1
1112,-0.19,1644580702.90625,P02,D01,0,0,1
1113,-0.37,1644580702.921875,P02,D01,0,0,1
1114,-0.52,1644580702.9375,P02,D01,0,0,1
1115,-0.59,1644580702.953125,P02,D01,0,0,1
1116,-0.59,1644580702.96875,P02,D01,0,0,1
1117,-0.57,1644580702.984375,P02,D01,0,0,1
1118,-0.59,1644580703.0,P02,D01,0,0,1
1119,-0.66,1644580703.015625,P02,D01,0,0,1
1120,-0.76,1644580703.03125,P02,D01,0,0,1
1121,-0.82,1644580703.046875,P02,D01,0,0,1
1122,-0.78,1644580703.0625,P02,D01,0,0,1
1123,-0.61,1644580703.078125,P02,D01,0,0,1
1124,-0.34,1644580703.09375,P02,D01,0,0,1
1125,-0.01,1644580703.109375,P02,D01,0,0,1
1126,0.31,1644580703.125,P02,D01,0,0,1
1127,0.55,1644580703.140625,P02,D01,0,0,1
1128,0.66,1644580703.15625,P02,D01,0,0,1
1129,0.62,1644580703.171875,P02,D01,0,0,1
1130,0.46,1644580703.1875,P02,D01,0,0,1
1131,0.26,1644580703.203125,P02,D01,0,0,1
1132,0.1,1644580703.21875,P02,D01,0,0,1
1133,0.04,1644580703.234375,P02,D01,0,0,1
1134,0.09,1644580703.25,P02,D01,0,0,1
1135,0.21,1644580703.265625,P02,D01,0,0,1
1136,0.32,1644580703.28125,P02,D01,0,0,1
1137,0.37,1644580703.296875,P02,D01,0,0,1
1138,0.33,1644580703.3125,P02,D01,0,0,1
1139,0.24,1644580703.328125,P02,D01,0,0,1
1140,0.17,1644580703.34375,P02,D01,0,0,1
1141,0.17,1644580703.359375,P02,D01,0,0,1
1142,0.28,1644580703.375,P02,D01,0,0,1
1143,0.44,1644580703.390625,P02,D01,0,0,1
1144,0.61,1644580703.40625,P02,D01,0,0,1
1145,0.72,1644580703.421875,P02,D01,0,0,1
1146,0.73,1644580703.4375,P02,D01,0,0,1
1147,0.63,1644580703.453125,P02,D01,0,0,1
1148,0.45,1644580703.46875,P02,D01,0,0,1
1149,0.19,1644580703.484375,P02,D01,0,0,1
1150,-0.11,1644580703.5,P02,D01,0,0,1
1151,-0.43,1644580703.515625,P02,D01,0,0,1
1152,-0.72,1644580703.53125,P02,D01,0,0,1
1153,-0.93,1644580703.546875,P02,D01,0,0,1
1154,-1.04,1644580703.5625,P02,D01,0,0,1
1155,-1.05,1644580703.578125,P02,D01,0,0,1
1156,-0.98,1644580703.59375,P02,D01,0,0,1
1157,-0.87,1644580703.609375,P02,D01,0,0,1
1158,-0.74,1644580703.625,P02,D01,0,0,1
1159,-0.61,1644580703.640625,P02,D01,0,0,1
1160,-0.51,1644580703.65625,P02,D01,0,0,1
1161,-0.45,1644580703.671875,P02,D01,0,0,1
1162,-0.47,1644580703.6875,P02,D01,0,0,1
1163,-0.54,1644580703.703125,P02,D01,0,0,1
1164,-0.62,1644580703.71875,P02,D01,0,0,1
1165,-0.63,1644580703.734375,P02,D01,0,0,1
1166,-0.53,1644580703.75,P02,D01,0,0,1
1167,-0.36,1644580703.765625,P02,D01,0,0,1
1168,-0.21,1644580703.78125,P02,D01,0,0,1
1169,-0.15,1644580703.796875,P02,D01,0,0,1
1170,-0.21,1644580703.8125,P02,D01,0,0,1
1171,-0.32,1644580703.828125,P02,D01,0,0,1
1172,-0.34,1644580703.84375,P02,D01,0,0,1
1173,-0.15,1644580703.859375,P02,D01,0,0,1
1174,0.24,1644580703.875,P02,D01,0,0,1
1175,0.74,1644580703.890625,P02,D01,0,0,1
1176,1.17,1644580703.90625,P02,D01,0,0,1
1177,1.37,1644580703.921875,P02,D01,0,0,1
1178,1.3,1644580703.9375,P02,D01,0,0,1
1179,1.02,1644580703.953125,P02,D01,0,0,1
1180,0.65,1644580703.96875,P02,D01,0,0,1
1181,0.29,1644580703.984375,P02,D01,0,0,1
1182,-0.01,1644580704.0,P02,D01,0,0,1
1183,-0.25,1644580704.015625,P02,D01,0,0,1
1184,-0.42,1644580704.03125,P02,D01,0,0,1
1185,-0.49,1644580704.046875,P02,D01,0,0,1
1186,-0.4,1644580704.0625,P02,D01,0,0,1
1187,-0.15,1644580704.078125,P02,D01,0,0,1
1188,0.25,1644580704.09375,P02,D01,0,0,1
1189,0.67,1644580704.109375,P02,D01,0,0,1
1190,1.0,1644580704.125,P02,D01,0,0,1
1191,1.14,1644580704.140625,P02,D01,0,0,1
1192,1.08,1644580704.15625,P02,D01,0,0,1
1193,0.88,1644580704.171875,P02,D01,0,0,1
1194,0.62,1644580704.1875,P02,D01,0,0,1
1195,0.39,1644580704.203125,P02,D01,0,0,1
1196,0.21,1644580704.21875,P02,D01,0,0,1
1197,0.07,1644580704.234375,P02,D01,0,0,1
1198,-0.04,1644580704.25,P02,D01,0,0,1
1199,-0.11,1644580704.265625,P02,D01,0,0,1
1200,-0.12,1644580704.28125,P02,D01,0,0,1
1201,-0.06,1644580704.296875,P02,D01,0,0,1
1202,0.05,1644580704.3125,P02,D01,0,0,1
1203,0.16,1644580704.328125,P02,D01,0,0,1
1204,0.2,1644580704.34375,P02,D01,0,0,1
1205,0.11,1644580704.359375,P02,D01,0,0,1
1206,-0.12,1644580704.375,P02,D01,0,0,1
1207,-0.42,1644580704.390625,P02,D01,0,0,1
1208,-0.69,1644580704.40625,P02,D01,0,0,1
1209,-0.85,1644580704.421875,P02,D01,0,0,1
1210,-0.84,1644580704.4375,P02,D01,0,0,1
1211,-0.67,1644580704.453125,P02,D01,0,0,1
1212,-0.43,1644580704.46875,P02,D01,0,0,1
1213,-0.22,1644580704.484375,P02,D01,0,0,1
1214,-0.12,1644580704.5,P02,D01,0,0,1
1215,-0.16,1644580704.515625,P02,D01,0,0,1
1216,-0.29,1644580704.53125,P02,D01,0,0,1
1217,-0.47,1644580704.546875,P02,D01,0,0,1
1218,-0.63,1644580704.5625,P02,D01,0,0,1
1219,-0.72,1644580704.578125,P02,D01,0,0,1
1220,-0.72,1644580704.59375,P02,D01,0,0,1
1221,-0.6,1644580704.609375,P02,D01,0,0,1
1222,-0.38,1644580704.625,P02,D01,0,0,1
1223,-0.12,1644580704.640625,P02,D01,0,0,1
1224,0.12,1644580704.65625,P02,D01,0,0,1
1225,0.24,1644580704.671875,P02,D01,0,0,1
1226,0.24,1644580704.6875,P02,D01,0,0,1
1227,0.19,1644580704.703125,P02,D01,0,0,1
1228,0.21,1644580704.71875,P02,D01,0,0,1
1229,0.39,1644580704.734375,P02,D01,0,0,1
1230,0.75,1644580704.75,P02,D01,0,0,1
1231,1.16,1644580704.765625,P02,D01,0,0,1
1232,1.43,1644580704.78125,P02,D01,0,0,1
1233,1.4,1644580704.796875,P02,D01,0,0,1
1234,0.99,1644580704.8125,P02,D01,0,0,1
1235,0.3,1644580704.828125,P02,D01,0,0,1
1236,-0.51,1644580704.84375,P02,D01,0,0,1
1237,-1.27,1644580704.859375,P02,D01,0,0,1
1238,-1.9,1644580704.875,P02,D01,0,0,1
1239,-2.39,1644580704.890625,P02,D01,0,0,1
1240,-2.76,1644580704.90625,P02,D01,0,0,1
1241,-3.04,1644580704.921875,P02,D01,0,0,1
1242,-3.19,1644580704.9375,P02,D01,0,0,1
1243,-3.16,1644580704.953125,P02,D01,0,0,1
1244,-2.95,1644580704.96875,P02,D01,0,0,1
1245,-2.64,1644580704.984375,P02,D01,0,0,1
1246,-2.33,1644580705.0,P02,D01,0,0,1
1247,-2.14,1644580705.015625,P02,D01,0,0,1
1248,-2.09,1644580705.03125,P02,D01,0,0,1
1249,-2.14,1644580705.046875,P02,D01,0,0,1
1250,-2.14,1644580705.0625,P02,D01,0,0,1
1251,-1.94,1644580705.078125,P02,D01,0,0,1
1252,-1.44,1644580705.09375,P02,D01,0,0,1
1253,-0.62,1644580705.109375,P02,D01,0,0,1
1254,0.47,1644580705.125,P02,D01,0,0,1
1255,1.69,1644580705.140625,P02,D01,0,0,1
1256,2.89,1644580705.15625,P02,D01,0,0,1
1257,3.97,1644580705.171875,P02,D01,0,0,1
1258,4.87,1644580705.1875,P02,D01,0,0,1
1259,5.59,1644580705.203125,P02,D01,0,0,1
1260,6.2,1644580705.21875,P02,D01,0,0,1
1261,6.79,1644580705.234375,P02,D01,0,0,1
1262,7.4,1644580705.25,P02,D01,0,0,1
1263,8.05,1644580705.265625,P02,D01,0,0,1
1264,8.7,1644580705.28125,P02,D01,0,0,1
1265,9.31,1644580705.296875,P02,D01,0,0,1
1266,9.84,1644580705.3125,P02,D01,0,0,1
1267,10.25,1644580705.328125,P02,D01,0,0,1
1268,10.47,1644580705.34375,P02,D01,0,0,1
1269,10.38,1644580705.359375,P02,D01,0,0,1
1270,9.87,1644580705.375,P02,D01,0,0,1
1271,8.84,1644580705.390625,P02,D01,0,0,1
1272,7.32,1644580705.40625,P02,D01,0,0,1
1273,5.47,1644580705.421875,P02,D01,0,0,1
1274,3.53,1644580705.4375,P02,D01,0,0,1
1275,1.72,1644580705.453125,P02,D01,0,0,1
1276,0.18,1644580705.46875,P02,D01,0,0,1
1277,-1.08,1644580705.484375,P02,D01,0,0,1
1278,-2.09,1644580705.5,P02,D01,0,0,1
1279,-2.92,1644580705.515625,P02,D01,0,0,1
1280,-3.58,1644580705.53125,P02,D01,0,0,1
1281,-4.04,1644580705.546875,P02,D01,0,0,1
1282,-4.27,1644580705.5625,P02,D01,0,0,1
1283,-4.28,1644580705.578125,P02,D01,0,0,1
1284,-4.17,1644580705.59375,P02,D01,0,0,1
1285,-4.04,1644580705.609375,P02,D01,0,0,1
1286,-3.98,1644580705.625,P02,D01,0,0,1
1287,-4.03,1644580705.640625,P02,D01,0,0,1
1288,-4.11,1644580705.65625,P02,D01,0,0,1
1289,-4.15,1644580705.671875,P02,D01,0,0,1
1290,-4.07,1644580705.6875,P02,D01,0,0,1
1291,-3.89,1644580705.703125,P02,D01,0,0,1
1292,-3.72,1644580705.71875,P02,D01,0,0,1
1293,-3.68,1644580705.734375,P02,D01,0,0,1
1294,-3.86,1644580705.75,P02,D01,0,0,1
1295,-4.19,1644580705.765625,P02,D01,0,0,1
1296,-4.5,1644580705.78125,P02,D01,0,0,1
1297,-4.59,1644580705.796875,P02,D01,0,0,1
1298,-4.35,1644580705.8125,P02,D01,0,0,1
1299,-3.81,1644580705.828125,P02,D01,0,0,1
1300,-3.15,1644580705.84375,P02,D01,0,0,1
1301,-2.54,1644580705.859375,P02,D01,0,0,1
1302,-2.12,1644580705.875,P02,D01,0,0,1
1303,-1.89,1644580705.890625,P02,D01,0,0,1
1304,-1.8,1644580705.90625,P02,D01,0,0,1
1305,-1.78,1644580705.921875,P02,D01,0,0,1
1306,-1.8,1644580705.9375,P02,D01,0,0,1
1307,-1.88,1644580705.953125,P02,D01,0,0,1
1308,-2.04,1644580705.96875,P02,D01,0,0,1
1309,-2.23,1644580705.984375,P02,D01,0,0,1
1310,-2.36,1644580706.0,P02,D01,0,0,1
1311,-2.36,1644580706.015625,P02,D01,0,0,1
1312,-2.19,1644580706.03125,P02,D01,0,0,1
1313,-1.88,1644580706.046875,P02,D01,0,0,1
1314,-1.52,1644580706.0625,P02,D01,0,0,1
1315,-1.19,1644580706.078125,P02,D01,0,0,1
1316,-0.93,1644580706.09375,P02,D01,0,0,1
1317,-0.73,1644580706.109375,P02,D01,0,0,1
1318,-0.56,1644580706.125,P02,D01,0,0,1
1319,-0.4,1644580706.140625,P02,D01,0,0,1
1320,-0.26,1644580706.15625,P02,D01,0,0,1
1321,-0.18,1644580706.171875,P02,D01,0,0,1
1322,-0.2,1644580706.1875,P02,D01,0,0,1
1323,-0.29,1644580706.203125,P02,D01,0,0,1
1324,-0.39,1644580706.21875,P02,D01,0,0,1
1325,-0.41,1644580706.234375,P02,D01,0,0,1
1326,-0.29,1644580706.25,P02,D01,0,0,1
1327,-0.03,1644580706.265625,P02,D01,0,0,1
1328,0.27,1644580706.28125,P02,D01,0,0,1
1329,0.5,1644580706.296875,P02,D01,0,0,1
1330,0.52,1644580706.3125,P02,D01,0,0,1
1331,0.31,1644580706.328125,P02,D01,0,0,1
1332,-0.09,1644580706.34375,P02,D01,0,0,1
1333,-0.52,1644580706.359375,P02,D01,0,0,1
1334,-0.81,1644580706.375,P02,D01,0,0,1
1335,-0.86,1644580706.390625,P02,D01,0,0,1
1336,-0.65,1644580706.40625,P02,D01,0,0,1
1337,-0.31,1644580706.421875,P02,D01,0,0,1
1338,0.02,1644580706.4375,P02,D01,0,0,1
1339,0.19,1644580706.453125,P02,D01,0,0,1
1340,0.17,1644580706.46875,P02,D01,0,0,1
1341,0.0,1644580706.484375,P02,D01,0,0,1
1342,-0.21,1644580706.5,P02,D01,0,0,1
1343,-0.39,1644580706.515625,P02,D01,0,0,1
1344,-0.53,1644580706.53125,P02,D01,0,0,1
1345,-0.64,1644580706.546875,P02,D01,0,0,1
1346,-0.75,1644580706.5625,P02,D01,0,0,1
1347,-0.85,1644580706.578125,P02,D01,0,0,1
1348,-0.9,1644580706.59375,P02,D01,0,0,1
1349,-0.89,1644580706.609375,P02,D01,0,0,1
1350,-0.82,1644580706.625,P02,D01,0,0,1
1351,-0.76,1644580706.640625,P02,D01,0,0,1
1352,-0.8,1644580706.65625,P02,D01,0,0,1
1353,-0.96,1644580706.671875,P02,D01,0,0,1
1354,-1.2,1644580706.6875,P02,D01,0,0,1
1355,-1.42,1644580706.703125,P02,D01,0,0,1
1356,-1.52,1644580706.71875,P02,D01,0,0,1
1357,-1.45,1644580706.734375,P02,D01,0,0,1
1358,-1.23,1644580706.75,P02,D01,0,0,1
1359,-0.93,1644580706.765625,P02,D01,0,0,1
1360,-0.6,1644580706.78125,P02,D01,0,0,1
1361,-0.29,1644580706.796875,P02,D01,0,0,1
1362,-0.02,1644580706.8125,P02,D01,0,0,1
1363,0.23,1644580706.828125,P02,D01,0,0,1
1364,0.46,1644580706.84375,P02,D01,0,0,1
1365,0.66,1644580706.859375,P02,D01,0,0,1
1366,0.81,1644580706.875,P02,D01,0,0,1
1367,0.9,1644580706.890625,P02,D01,0,0,1
1368,0.93,1644580706.90625,P02,D01,0,0,1
1369,0.92,1644580706.921875,P02,D01,0,0,1
1370,0.87,1644580706.9375,P02,D01,0,0,1
1371,0.77,1644580706.953125,P02,D01,0,0,1
1372,0.61,1644580706.96875,P02,D01,0,0,1
1373,0.38,1644580706.984375,P02,D01,0,0,1
1374,0.1,1644580707.0,P02,D01,0,0,1
1375,-0.16,1644580707.015625,P02,D01,0,0,1
1376,-0.34,1644580707.03125,P02,D01,0,0,1
1377,-0.41,1644580707.046875,P02,D01,0,0,1
1378,-0.38,1644580707.0625,P02,D01,0,0,1
1379,-0.33,1644580707.078125,P02,D01,0,0,1
1380,-0.37,1644580707.09375,P02,D01,0,0,1
1381,-0.56,1644580707.109375,P02,D01,0,0,1
1382,-0.89,1644580707.125,P02,D01,0,0,1
1383,-1.3,1644580707.140625,P02,D01,0,0,1
1384,-1.68,1644580707.15625,P02,D01,0,0,1
1385,-1.92,1644580707.171875,P02,D01,0,0,1
1386,-2.01,1644580707.1875,P02,D01,0,0,1
1387,-2.03,1644580707.203125,P02,D01,0,0,1
1388,-2.12,1644580707.21875,P02,D01,0,0,1
1389,-2.44,1644580707.234375,P02,D01,0,0,1
1390,-3.13,1644580707.25,P02,D01,0,0,1
1391,-4.17,1644580707.265625,P02,D01,0,0,1
1392,-5.45,1644580707.28125,P02,D01,0,0,1
1393,-6.75,1644580707.296875,P02,D01,0,0,1
1394,-7.84,1644580707.3125,P02,D01,0,0,1
1395,-8.58,1644580707.328125,P02,D01,0,0,1
1396,-9.04,1644580707.34375,P02,D01,0,0,1
1397,-9.48,1644580707.359375,P02,D01,0,0,1
1398,-10.25,1644580707.375,P02,D01,0,0,1
1399,-11.56,1644580707.390625,P02,D01,0,0,1
1400,-13.35,1644580707.40625,P02,D01,0,0,1
1401,-15.24,1644580707.421875,P02,D01,0,0,1
1402,-16.7,1644580707.4375,P02,D01,0,0,1
1403,-17.34,1644580707.453125,P02,D01,0,0,1
1404,-17.2,1644580707.46875,P02,D01,0,0,1
1405,-16.78,1644580707.484375,P02,D01,0,0,1
1406,-16.86,1644580707.5,P02,D01,0,0,1
1407,-18.1,1644580707.515625,P02,D01,0,0,1
1408,-20.73,1644580707.53125,P02,D01,0,0,1
1409,-24.33,1644580707.546875,P02,D01,0,0,1
1410,-28.04,1644580707.5625,P02,D01,0,0,1
1411,-30.91,1644580707.578125,P02,D01,0,0,1
1412,-32.4,1644580707.59375,P02,D01,0,0,1
1413,-32.5,1644580707.609375,P02,D01,0,0,1
1414,-31.79,1644580707.625,P02,D01,0,0,1
1415,-31.12,1644580707.640625,P02,D01,0,0,1
1416,-31.23,1644580707.65625,P02,D01,0,0,1
1417,-32.57,1644580707.671875,P02,D01,0,0,1
1418,-35.25,1644580707.6875,P02,D01,0,0,1
1419,-38.99,1644580707.703125,P02,D01,0,0,1
1420,-42.98,1644580707.71875,P02,D01,0,0,1
1421,-45.67,1644580707.734375,P02,D01,0,0,1
1422,-44.93,1644580707.75,P02,D01,0,0,1
1423,-38.56,1644580707.765625,P02,D01,0,0,1
1424,-25.27,1644580707.78125,P02,D01,0,0,1
1425,-5.66,1644580707.796875,P02,D01,0,0,1
1426,17.56,1644580707.8125,P02,D01,0,0,1
1427,40.21,1644580707.828125,P02,D01,0,0,1
1428,58.14,1644580707.84375,P02,D01,0,0,1
1429,68.75,1644580707.859375,P02,D01,0,0,1
1430,71.82,1644580707.875,P02,D01,0,0,1
1431,69.18,1644580707.890625,P02,D01,0,0,1
1432,63.51,1644580707.90625,P02,D01,0,0,1
1433,57.16,1644580707.921875,P02,D01,0,0,1
1434,51.28,1644580707.9375,P02,D01,0,0,1
1435,45.99,1644580707.953125,P02,D01,0,0,1
1436,40.93,1644580707.96875,P02,D01,0,0,1
1437,35.94,1644580707.984375,P02,D01,0,0,1
1438,31.23,1644580708.0,P02,D01,0,0,1
1439,27.22,1644580708.015625,P02,D01,0,0,1
1440,24.14,1644580708.03125,P02,D01,0,0,1
1441,21.83,1644580708.046875,P02,D01,0,0,1
1442,19.81,1644580708.0625,P02,D01,0,0,1
1443,17.58,1644580708.078125,P02,D01,0,0,1
1444,14.81,1644580708.09375,P02,D01,0,0,1
1445,11.69,1644580708.109375,P02,D01,0,0,1
1446,8.71,1644580708.125,P02,D01,0,0,1
1447,6.5,1644580708.140625,P02,D01,0,0,1
1448,5.49,1644580708.15625,P02,D01,0,0,1
1449,5.69,1644580708.171875,P02,D01,0,0,1
1450,6.63,1644580708.1875,P02,D01,0,0,1
1451,7.6,1644580708.203125,P02,D01,0,0,1
1452,7.89,1644580708.21875,P02,D01,0,0,1
1453,7.18,1644580708.234375,P02,D01,0,0,1
1454,5.6,1644580708.25,P02,D01,0,0,1
1455,3.66,1644580708.265625,P02,D01,0,0,1
1456,1.96,1644580708.28125,P02,D01,0,0,1
1457,0.95,1644580708.296875,P02,D01,0,0,1
1458,0.73,1644580708.3125,P02,D01,0,0,1
1459,1.09,1644580708.328125,P02,D01,0,0,1
1460,1.61,1644580708.34375,P02,D01,0,0,1
1461,1.92,1644580708.359375,P02,D01,0,0,1
1462,1.81,1644580708.375,P02,D01,0,0,1
1463,1.3,1644580708.390625,P02,D01,0,0,1
1464,0.59,1644580708.40625,P02,D01,0,0,1
1465,-0.05,1644580708.421875,P02,D01,0,0,1
1466,-0.44,1644580708.4375,P02,D01,0,0,1
1467,-0.52,1644580708.453125,P02,D01,0,0,1
1468,-0.34,1644580708.46875,P02,D01,0,0,1
1469,-0.02,1644580708.484375,P02,D01,0,0,1
1470,0.32,1644580708.5,P02,D01,0,0,1
1471,0.62,1644580708.515625,P02,D01,0,0,1
1472,0.83,1644580708.53125,P02,D01,0,0,1
1473,0.93,1644580708.546875,P02,D01,0,0,1
1474,0.9,1644580708.5625,P02,D01,0,0,1
1475,0.74,1644580708.578125,P02,D01,0,0,1
1476,0.47,1644580708.59375,P02,D01,0,0,1
1477,0.18,1644580708.609375,P02,D01,0,0,1
1478,-0.05,1644580708.625,P02,D01,0,0,1
1479,-0.13,1644580708.640625,P02,D01,0,0,1
1480,-0.04,1644580708.65625,P02,D01,0,0,1
1481,0.15,1644580708.671875,P02,D01,0,0,1
1482,0.32,1644580708.6875,P02,D01,0,0,1
1483,0.38,1644580708.703125,P02,D01,0,0,1
1484,0.3,1644580708.71875,P02,D01,0,0,1
1485,0.14,1644580708.734375,P02,D01,0,0,1
1486,0.06,1644580708.75,P02,D01,0,0,1
1487,0.15,1644580708.765625,P02,D01,0,0,1
1488,0.46,1644580708.78125,P02,D01,0,0,1
1489,0.9,1644580708.796875,P02,D01,0,0,1
1490,1.33,1644580708.8125,P02,D01,0,0,1
1491,1.6,1644580708.828125,P02,D01,0,0,1
1492,1.67,1644580708.84375,P02,D01,0,0,1
1493,1.6,1644580708.859375,P02,D01,0,0,1
1494,1.52,1644580708.875,P02,D01,0,0,1
1495,1.54,1644580708.890625,P02,D01,0,0,1
1496,1.7,1644580708.90625,P02,D01,0,0,1
1497,1.93,1644580708.921875,P02,D01,0,0,1
1498,2.17,1644580708.9375,P02,D01,0,0,1
1499,2.4,1644580708.953125,P02,D01,0,0,1
1500,2.66,1644580708.96875,P02,D01,0,0,1
1501,3.02,1644580708.984375,P02,D01,0,0,1
1502,3.48,1644580709.0,P02,D01,0,0,1
1503,3.99,1644580709.015625,P02,D01,0,0,1
1504,4.39,1644580709.03125,P02,D01,0,0,1
1505,4.59,1644580709.046875,P02,D01,0,0,1
1506,4.58,1644580709.0625,P02,D01,0,0,1
1507,4.47,1644580709.078125,P02,D01,0,0,1
1508,4.47,1644580709.09375,P02,D01,0,0,1
1509,4.74,1644580709.109375,P02,D01,0,0,1
1510,5.34,1644580709.125,P02,D01,0,0,1
1511,6.2,1644580709.140625,P02,D01,0,0,1
1512,7.15,1644580709.15625,P02,D01,0,0,1
1513,8.05,1644580709.171875,P02,D01,0,0,1
1514,8.82,1644580709.1875,P02,D01,0,0,1
1515,9.46,1644580709.203125,P02,D01,0,0,1
1516,9.99,1644580709.21875,P02,D01,0,0,1
1517,10.44,1644580709.234375,P02,D01,0,0,1
1518,10.85,1644580709.25,P02,D01,0,0,1
1519,11.25,1644580709.265625,P02,D01,0,0,1
1520,11.7,1644580709.28125,P02,D01,0,0,1
1521,12.24,1644580709.296875,P02,D01,0,0,1
1522,12.84,1644580709.3125,P02,D01,0,0,1
1523,13.3,1644580709.328125,P02,D01,0,0,1
1524,13.28,1644580709.34375,P02,D01,0,0,1
1525,12.41,1644580709.359375,P02,D01,0,0,1
1526,10.41,1644580709.375,P02,D01,0,0,1
1527,7.3,1644580709.390625,P02,D01,0,0,1
1528,3.37,1644580709.40625,P02,D01,0,0,1
1529,-0.86,1644580709.421875,P02,D01,0,0,1
1530,-4.83,1644580709.4375,P02,D01,0,0,1
1531,-8.07,1644580709.453125,P02,D01,0,0,1
1532,-10.35,1644580709.46875,P02,D01,0,0,1
1533,-11.63,1644580709.484375,P02,D01,0,0,1
1534,-12.07,1644580709.5,P02,D01,0,0,1
1535,-11.88,1644580709.515625,P02,D01,0,0,1
1536,-11.31,1644580709.53125,P02,D01,0,0,1
1537,-10.58,1644580709.546875,P02,D01,0,0,1
1538,-9.81,1644580709.5625,P02,D01,0,0,1
1539,-9.06,1644580709.578125,P02,D01,0,0,1
1540,-8.34,1644580709.59375,P02,D01,0,0,1
1541,-7.58,1644580709.609375,P02,D01,0,0,1
1542,-6.76,1644580709.625,P02,D01,0,0,1
1543,-5.9,1644580709.640625,P02,D01,0,0,1
1544,-5.08,1644580709.65625,P02,D01,0,0,1
1545,-4.41,1644580709.671875,P02,D01,0,0,1
1546,-3.99,1644580709.6875,P02,D01,0,0,1
1547,-3.91,1644580709.703125,P02,D01,0,0,1
1548,-4.15,1644580709.71875,P02,D01,0,0,1
1549,-4.64,1644580709.734375,P02,D01,0,0,1
1550,-5.26,1644580709.75,P02,D01,0,0,1
1551,-5.85,1644580709.765625,P02,D01,0,0,1
1552,-6.26,1644580709.78125,P02,D01,0,0,1
1553,-6.37,1644580709.796875,P02,D01,0,0,1
1554,-6.15,1644580709.8125,P02,D01,0,0,1
1555,-5.62,1644580709.828125,P02,D01,0,0,1
1556,-4.92,1644580709.84375,P02,D01,0,0,1
1557,-4.19,1644580709.859375,P02,D01,0,0,1
1558,-3.6,1644580709.875,P02,D01,0,0,1
1559,-3.22,1644580709.890625,P02,D01,0,0,1
1560,-3.08,1644580709.90625,P02,D01,0,0,1
1561,-3.08,1644580709.921875,P02,D01,0,0,1
1562,-3.13,1644580709.9375,P02,D01,0,0,1
1563,-3.11,1644580709.953125,P02,D01,0,0,1
1564,-2.97,1644580709.96875,P02,D01,0,0,1
1565,-2.72,1644580709.984375,P02,D01,0,0,1
1566,-2.39,1644580710.0,P02,D01,0,0,1
1567,-2.02,1644580710.015625,P02,D01,0,0,1
1568,-1.65,1644580710.03125,P02,D01,0,0,1
1569,-1.31,1644580710.046875,P02,D01,0,0,1
1570,-1.03,1644580710.0625,P02,D01,0,0,1
1571,-0.86,1644580710.078125,P02,D01,0,0,1
1572,-0.81,1644580710.09375,P02,D01,0,0,1
1573,-0.91,1644580710.109375,P02,D01,0,0,1
1574,-1.11,1644580710.125,P02,D01,0,0,1
1575,-1.35,1644580710.140625,P02,D01,0,0,1
1576,-1.54,1644580710.15625,P02,D01,0,0,1
1577,-1.6,1644580710.171875,P02,D01,0,0,1
1578,-1.45,1644580710.1875,P02,D01,0,0,1
1579,-1.06,1644580710.203125,P02,D01,0,0,1
1580,-0.48,1644580710.21875,P02,D01,0,0,1
1581,0.24,1644580710.234375,P02,D01,0,0,1
1582,1.01,1644580710.25,P02,D01,0,0,1
1583,1.73,1644580710.265625,P02,D01,0,0,1
1584,2.36,1644580710.28125,P02,D01,0,0,1
1585,2.89,1644580710.296875,P02,D01,0,0,1
1586,3.33,1644580710.3125,P02,D01,0,0,1
1587,3.76,1644580710.328125,P02,D01,0,0,1
1588,4.25,1644580710.34375,P02,D01,0,0,1
1589,4.9,1644580710.359375,P02,D01,0,0,1
1590,5.8,1644580710.375,P02,D01,0,0,1
1591,6.97,1644580710.390625,P02,D01,0,0,1
1592,8.33,1644580710.40625,P02,D01,0,0,1
1593,9.63,1644580710.421875,P02,D01,0,0,1
1594,10.61,1644580710.4375,P02,D01,0,0,1
1595,11.08,1644580710.453125,P02,D01,0,0,1
1596,11.07,1644580710.46875,P02,D01,0,0,1
1597,10.85,1644580710.484375,P02,D01,0,0,1
1598,10.9,1644580710.5,P02,D01,0,0,1
1599,11.61,1644580710.515625,P02,D01,0,0,1
1600,13.15,1644580710.53125,P02,D01,0,0,1
1601,15.32,1644580710.546875,P02,D01,0,0,1
1602,17.67,1644580710.5625,P02,D01,0,0,1
1603,19.65,1644580710.578125,P02,D01,0,0,1
1604,20.87,1644580710.59375,P02,D01,0,0,1
1605,21.25,1644580710.609375,P02,D01,0,0,1
1606,21.05,1644580710.625,P02,D01,0,0,1
1607,20.67,1644580710.640625,P02,D01,0,0,1
1608,20.5,1644580710.65625,P02,D01,0,0,1
1609,20.68,1644580710.671875,P02,D01,0,0,1
1610,21.05,1644580710.6875,P02,D01,0,0,1
1611,21.24,1644580710.703125,P02,D01,0,0,1
1612,20.87,1644580710.71875,P02,D01,0,0,1
1613,19.82,1644580710.734375,P02,D01,0,0,1
1614,18.28,1644580710.75,P02,D01,0,0,1
1615,16.8,1644580710.765625,P02,D01,0,0,1
1616,16.05,1644580710.78125,P02,D01,0,0,1
1617,16.63,1644580710.796875,P02,D01,0,0,1
1618,18.88,1644580710.8125,P02,D01,0,0,1
1619,22.97,1644580710.828125,P02,D01,0,0,1
1620,28.68,1644580710.84375,P02,D01,0,0,1
1621,35.23,1644580710.859375,P02,D01,0,0,1
1622,40.95,1644580710.875,P02,D01,0,0,1
1623,43.51,1644580710.890625,P02,D01,0,0,1
1624,40.63,1644580710.90625,P02,D01,0,0,1
1625,31.16,1644580710.921875,P02,D01,0,0,1
1626,15.94,1644580710.9375,P02,D01,0,0,1
1627,-2.18,1644580710.953125,P02,D01,0,0,1
1628,-19.3,1644580710.96875,P02,D01,0,0,1
1629,-32.13,1644580710.984375,P02,D01,0,0,1
1630,-39.27,1644580711.0,P02,D01,0,0,1
1631,-41.51,1644580711.015625,P02,D01,0,0,1
1632,-41.03,1644580711.03125,P02,D01,0,0,1
1633,-39.96,1644580711.046875,P02,D01,0,0,1
1634,-39.32,1644580711.0625,P02,D01,0,0,1
1635,-38.88,1644580711.078125,P02,D01,0,0,1
1636,-37.8,1644580711.09375,P02,D01,0,0,1
1637,-35.6,1644580711.109375,P02,D01,0,0,1
1638,-32.62,1644580711.125,P02,D01,0,0,1
1639,-29.83,1644580711.140625,P02,D01,0,0,1
1640,-28.12,1644580711.15625,P02,D01,0,0,1
1641,-27.72,1644580711.171875,P02,D01,0,0,1
1642,-28.09,1644580711.1875,P02,D01,0,0,1
1643,-28.28,1644580711.203125,P02,D01,0,0,1
1644,-27.46,1644580711.21875,P02,D01,0,0,1
1645,-25.35,1644580711.234375,P02,D01,0,0,1
1646,-22.37,1644580711.25,P02,D01,0,0,1
1647,-19.32,1644580711.265625,P02,D01,0,0,1
1648,-16.98,1644580711.28125,P02,D01,0,0,1
1649,-15.73,1644580711.296875,P02,D01,0,0,1
1650,-15.43,1644580711.3125,P02,D01,0,0,1
1651,-15.54,1644580711.328125,P02,D01,0,0,1
1652,-15.41,1644580711.34375,P02,D01,0,0,1
1653,-14.61,1644580711.359375,P02,D01,0,0,1
1654,-13.09,1644580711.375,P02,D01,0,0,1
1655,-11.17,1644580711.390625,P02,D01,0,0,1
1656,-9.36,1644580711.40625,P02,D01,0,0,1
1657,-8.06,1644580711.421875,P02,D01,0,0,1
1658,-7.4,1644580711.4375,P02,D01,0,0,1
1659,-7.21,1644580711.453125,P02,D01,0,0,1
1660,-7.1,1644580711.46875,P02,D01,0,0,1
1661,-6.68,1644580711.484375,P02,D01,0,0,1
1662,-5.77,1644580711.5,P02,D01,0,0,1
1663,-4.42,1644580711.515625,P02,D01,0,0,1
1664,-2.92,1644580711.53125,P02,D01,0,0,1
1665,-1.58,1644580711.546875,P02,D01,0,0,1
1666,-0.62,1644580711.5625,P02,D01,0,0,1
1667,-0.1,1644580711.578125,P02,D01,0,0,1
1668,0.08,1644580711.59375,P02,D01,0,0,1
1669,0.09,1644580711.609375,P02,D01,0,0,1
1670,0.03,1644580711.625,P02,D01,0,0,1
1671,-0.04,1644580711.640625,P02,D01,0,0,1
1672,-0.16,1644580711.65625,P02,D01,0,0,1
1673,-0.33,1644580711.671875,P02,D01,0,0,1
1674,-0.52,1644580711.6875,P02,D01,0,0,1
1675,-0.66,1644580711.703125,P02,D01,0,0,1
1676,-0.7,1644580711.71875,P02,D01,0,0,1
1677,-0.67,1644580711.734375,P02,D01,0,0,1
1678,-0.63,1644580711.75,P02,D01,0,0,1
1679,-0.67,1644580711.765625,P02,D01,0,0,1
1680,-0.81,1644580711.78125,P02,D01,0,0,1
1681,-1.03,1644580711.796875,P02,D01,0,0,1
1682,-1.26,1644580711.8125,P02,D01,0,0,1
1683,-1.44,1644580711.828125,P02,D01,0,0,1
1684,-1.58,1644580711.84375,P02,D01,0,0,1
1685,-1.7,1644580711.859375,P02,D01,0,0,1
1686,-1.84,1644580711.875,P02,D01,0,0,1
1687,-1.93,1644580711.890625,P02,D01,0,0,1
1688,-1.8,1644580711.90625,P02,D01,0,0,1
1689,-1.26,1644580711.921875,P02,D01,0,0,1
1690,-0.19,1644580711.9375,P02,D01,0,0,1
1691,1.31,1644580711.953125,P02,D01,0,0,1
1692,2.96,1644580711.96875,P02,D01,0,0,1
1693,4.35,1644580711.984375,P02,D01,0,0,1
1694,5.15,1644580712.0,P02,D01,0,0,1
1695,5.27,1644580712.015625,P02,D01,0,0,1
1696,4.86,1644580712.03125,P02,D01,0,0,1
1697,4.24,1644580712.046875,P02,D01,0,0,1
1698,3.75,1644580712.0625,P02,D01,0,0,1
1699,3.56,1644580712.078125,P02,D01,0,0,1
1700,3.67,1644580712.09375,P02,D01,0,0,1
1701,3.93,1644580712.109375,P02,D01,0,0,1
1702,4.15,1644580712.125,P02,D01,0,0,1
1703,4.19,1644580712.140625,P02,D01,0,0,1
1704,4.02,1644580712.15625,P02,D01,0,0,1
1705,3.73,1644580712.171875,P02,D01,0,0,1
1706,3.44,1644580712.1875,P02,D01,0,0,1
1707,3.22,1644580712.203125,P02,D01,0,0,1
1708,3.1,1644580712.21875,P02,D01,0,0,1
1709,2.94,1644580712.234375,P02,D01,0,0,1
1710,2.57,1644580712.25,P02,D01,0,0,1
1711,1.82,1644580712.265625,P02,D01,0,0,1
1712,0.65,1644580712.28125,P02,D01,0,0,1
1713,-0.8,1644580712.296875,P02,D01,0,0,1
1714,-2.23,1644580712.3125,P02,D01,0,0,1
1715,-3.33,1644580712.328125,P02,D01,0,0,1
1716,-3.93,1644580712.34375,P02,D01,0,0,1
1717,-4.0,1644580712.359375,P02,D01,0,0,1
1718,-3.7,1644580712.375,P02,D01,0,0,1
1719,-3.25,1644580712.390625,P02,D01,0,0,1
1720,-2.77,1644580712.40625,P02,D01,0,0,1
1721,-2.29,1644580712.421875,P02,D01,0,0,1
1722,-1.79,1644580712.4375,P02,D01,0,0,1
1723,-1.27,1644580712.453125,P02,D01,0,0,1
1724,-0.85,1644580712.46875,P02,D01,0,0,1
1725,-0.67,1644580712.484375,P02,D01,0,0,1
1726,-0.92,1644580712.5,P02,D01,0,0,1
1727,-1.67,1644580712.515625,P02,D01,0,0,1
1728,-2.92,1644580712.53125,P02,D01,0,0,1
1729,-4.61,1644580712.546875,P02,D01,0,0,1
1730,-6.66,1644580712.5625,P02,D01,0,0,1
1731,-9.02,1644580712.578125,P02,D01,0,0,1
1732,-11.57,1644580712.59375,P02,D01,0,0,1
1733,-14.19,1644580712.609375,P02,D01,0,0,1
1734,-16.71,1644580712.625,P02,D01,0,0,1
1735,-18.92,1644580712.640625,P02,D01,0,0,1
1736,-20.63,1644580712.65625,P02,D01,0,0,1
1737,-21.7,1644580712.671875,P02,D01,0,0,1
1738,-22.1,1644580712.6875,P02,D01,0,0,1
1739,-21.92,1644580712.703125,P02,D01,0,0,1
1740,-21.44,1644580712.71875,P02,D01,0,0,1
1741,-21.06,1644580712.734375,P02,D01,0,0,1
1742,-21.14,1644580712.75,P02,D01,0,0,1
1743,-21.88,1644580712.765625,P02,D01,0,0,1
1744,-23.23,1644580712.78125,P02,D01,0,0,1
1745,-24.88,1644580712.796875,P02,D01,0,0,1
1746,-26.41,1644580712.8125,P02,D01,0,0,1
1747,-27.47,1644580712.828125,P02,D01,0,0,1
1748,-27.96,1644580712.84375,P02,D01,0,0,1
1749,-28.0,1644580712.859375,P02,D01,0,0,1
1750,-27.89,1644580712.875,P02,D01,0,0,1
1751,-27.93,1644580712.890625,P02,D01,0,0,1
1752,-28.38,1644580712.90625,P02,D01,0,0,1
1753,-29.32,1644580712.921875,P02,D01,0,0,1
1754,-30.7,1644580712.9375,P02,D01,0,0,1
1755,-32.34,1644580712.953125,P02,D01,0,0,1
1756,-33.95,1644580712.96875,P02,D01,0,0,1
1757,-35.17,1644580712.984375,P02,D01,0,0,1
1758,-35.67,1644580713.0,P02,D01,0,0,1
1759,-35.25,1644580713.015625,P02,D01,0,0,1
1760,-33.87,1644580713.03125,P02,D01,0,0,1
1761,-31.74,1644580713.046875,P02,D01,0,0,1
1762,-29.14,1644580713.0625,P02,D01,0,0,1
1763,-26.45,1644580713.078125,P02,D01,0,0,1
1764,-23.93,1644580713.09375,P02,D01,0,0,1
1765,-21.69,1644580713.109375,P02,D01,0,0,1
1766,-19.61,1644580713.125,P02,D01,0,0,1
1767,-17.33,1644580713.140625,P02,D01,0,0,1
1768,-14.33,1644580713.15625,P02,D01,0,0,1
1769,-10.1,1644580713.171875,P02,D01,0,0,1
1770,-4.33,1644580713.1875,P02,D01,0,0,1
1771,2.9,1644580713.203125,P02,D01,0,0,1
1772,11.05,1644580713.21875,P02,D01,0,0,1
1773,19.32,1644580713.234375,P02,D01,0,0,1
1774,26.88,1644580713.25,P02,D01,0,0,1
1775,33.23,1644580713.265625,P02,D01,0,0,1
1776,38.2,1644580713.28125,P02,D01,0,0,1
1777,41.92,1644580713.296875,P02,D01,0,0,1
1778,44.5,1644580713.3125,P02,D01,0,0,1
1779,45.89,1644580713.328125,P02,D01,0,0,1
1780,45.93,1644580713.34375,P02,D01,0,0,1
1781,44.48,1644580713.359375,P02,D01,0,0,1
1782,41.63,1644580713.375,P02,D01,0,0,1
1783,37.78,1644580713.390625,P02,D01,0,0,1
1784,33.52,1644580713.40625,P02,D01,0,0,1
1785,29.34,1644580713.421875,P02,D01,0,0,1
1786,25.5,1644580713.4375,P02,D01,0,0,1
1787,22.02,1644580713.453125,P02,D01,0,0,1
1788,18.81,1644580713.46875,P02,D01,0,0,1
1789,15.83,1644580713.484375,P02,D01,0,0,1
1790,13.21,1644580713.5,P02,D01,0,0,1
1791,11.1,1644580713.515625,P02,D01,0,0,1
1792,9.53,1644580713.53125,P02,D01,0,0,1
1793,8.34,1644580713.546875,P02,D01,0,0,1
1794,7.16,1644580713.5625,P02,D01,0,0,1
1795,5.71,1644580713.578125,P02,D01,0,0,1
1796,3.97,1644580713.59375,P02,D01,0,0,1
1797,2.36,1644580713.609375,P02,D01,0,0,1
1798,1.7,1644580713.625,P02,D01,0,0,1
1799,2.91,1644580713.640625,P02,D01,0,0,1
1800,6.64,1644580713.65625,P02,D01,0,0,1
1801,12.86,1644580713.671875,P02,D01,0,0,1
1802,20.79,1644580713.6875,P02,D01,0,0,1
1803,29.06,1644580713.703125,P02,D01,0,0,1
1804,36.23,1644580713.71875,P02,D01,0,0,1
1805,41.23,1644580713.734375,P02,D01,0,0,1
1806,43.69,1644580713.75,P02,D01,0,0,1
1807,43.96,1644580713.765625,P02,D01,0,0,1
1808,42.72,1644580713.78125,P02,D01,0,0,1
1809,40.72,1644580713.796875,P02,D01,0,0,1
1810,38.47,1644580713.8125,P02,D01,0,0,1
1811,36.28,1644580713.828125,P02,D01,0,0,1
1812,34.34,1644580713.84375,P02,D01,0,0,1
1813,32.86,1644580713.859375,P02,D01,0,0,1
1814,32.07,1644580713.875,P02,D01,0,0,1
1815,32.15,1644580713.890625,P02,D01,0,0,1
1816,33.03,1644580713.90625,P02,D01,0,0,1
1817,34.33,1644580713.921875,P02,D01,0,0,1
1818,35.51,1644580713.9375,P02,D01,0,0,1
1819,36.01,1644580713.953125,P02,D01,0,0,1
1820,35.51,1644580713.96875,P02,D01,0,0,1
1821,33.98,1644580713.984375,P02,D01,0,0,1
1822,31.73,1644580714.0,P02,D01,0,0,1
1823,29.2,1644580714.015625,P02,D01,0,0,1
1824,26.82,1644580714.03125,P02,D01,0,0,1
1825,24.86,1644580714.046875,P02,D01,0,0,1
1826,23.27,1644580714.0625,P02,D01,0,0,1
1827,21.8,1644580714.078125,P02,D01,0,0,1
1828,20.07,1644580714.09375,P02,D01,0,0,1
1829,17.78,1644580714.109375,P02,D01,0,0,1
1830,14.87,1644580714.125,P02,D01,0,0,1
1831,11.53,1644580714.140625,P02,D01,0,0,1
1832,8.15,1644580714.15625,P02,D01,0,0,1
1833,5.19,1644580714.171875,P02,D01,0,0,1
1834,2.97,1644580714.1875,P02,D01,0,0,1
1835,1.59,1644580714.203125,P02,D01,0,0,1
1836,0.89,1644580714.21875,P02,D01,0,0,1
1837,0.52,1644580714.234375,P02,D01,0,0,1
1838,0.1,1644580714.25,P02,D01,0,0,1
1839,-0.65,1644580714.265625,P02,D01,0,0,1
1840,-1.77,1644580714.28125,P02,D01,0,0,1
1841,-3.14,1644580714.296875,P02,D01,0,0,1
1842,-4.56,1644580714.3125,P02,D01,0,0,1
1843,-6.0,1644580714.328125,P02,D01,0,0,1
1844,-7.65,1644580714.34375,P02,D01,0,0,1
1845,-9.9,1644580714.359375,P02,D01,0,0,1
1846,-13.09,1644580714.375,P02,D01,0,0,1
1847,-17.28,1644580714.390625,P02,D01,0,0,1
1848,-22.05,1644580714.40625,P02,D01,0,0,1
1849,-26.67,1644580714.421875,P02,D01,0,0,1
1850,-30.3,1644580714.4375,P02,D01,0,0,1
1851,-32.39,1644580714.453125,P02,D01,0,0,1
1852,-32.85,1644580714.46875,P02,D01,0,0,1
1853,-31.99,1644580714.484375,P02,D01,0,0,1
1854,-30.36,1644580714.5,P02,D01,0,0,1
1855,-28.43,1644580714.515625,P02,D01,0,0,1
1856,-26.47,1644580714.53125,P02,D01,0,0,1
1857,-24.55,1644580714.546875,P02,D01,0,0,1
1858,-22.64,1644580714.5625,P02,D01,0,0,1
1859,-20.75,1644580714.578125,P02,D01,0,0,1
1860,-18.96,1644580714.59375,P02,D01,0,0,1
1861,-17.43,1644580714.609375,P02,D01,0,0,1
1862,-16.25,1644580714.625,P02,D01,0,0,1
1863,-15.42,1644580714.640625,P02,D01,0,0,1
1864,-14.77,1644580714.65625,P02,D01,0,0,1
1865,-14.07,1644580714.671875,P02,D01,0,0,1
1866,-13.1,1644580714.6875,P02,D01,0,0,1
1867,-11.81,1644580714.703125,P02,D01,0,0,1
1868,-10.29,1644580714.71875,P02,D01,0,0,1
1869,-8.8,1644580714.734375,P02,D01,0,0,1
1870,-7.63,1644580714.75,P02,D01,0,0,1
1871,-7.02,1644580714.765625,P02,D01,0,0,1
1872,-6.96,1644580714.78125,P02,D01,0,0,1
1873,-7.27,1644580714.796875,P02,D01,0,0,1
1874,-7.63,1644580714.8125,P02,D01,0,0,1
1875,-7.75,1644580714.828125,P02,D01,0,0,1
1876,-7.46,1644580714.84375,P02,D01,0,0,1
1877,-6.78,1644580714.859375,P02,D01,0,0,1
1878,-5.84,1644580714.875,P02,D01,0,0,1
1879,-4.85,1644580714.890625,P02,D01,0,0,1
1880,-3.97,1644580714.90625,P02,D01,0,0,1
1881,-3.26,1644580714.921875,P02,D01,0,0,1
1882,-2.69,1644580714.9375,P02,D01,0,0,1
1883,-2.17,1644580714.953125,P02,D01,0,0,1
1884,-1.63,1644580714.96875,P02,D01,0,0,1
1885,-1.08,1644580714.984375,P02,D01,0,0,1
1886,-0.58,1644580715.0,P02,D01,0,0,1
1887,-0.24,1644580715.015625,P02,D01,0,0,1
1888,-0.1,1644580715.03125,P02,D01,0,0,1
1889,-0.14,1644580715.046875,P02,D01,0,0,1
1890,-0.23,1644580715.0625,P02,D01,0,0,1
1891,-0.27,1644580715.078125,P02,D01,0,0,1
1892,-0.21,1644580715.09375,P02,D01,0,0,1
1893,-0.09,1644580715.109375,P02,D01,0,0,1
1894,-0.01,1644580715.125,P02,D01,0,0,1
1895,-0.07,1644580715.140625,P02,D01,0,0,1
1896,-0.28,1644580715.15625,P02,D01,0,0,1
1897,-0.59,1644580715.171875,P02,D01,0,0,1
1898,-0.88,1644580715.1875,P02,D01,0,0,1
1899,-1.07,1644580715.203125,P02,D01,0,0,1
1900,-1.15,1644580715.21875,P02,D01,0,0,1
1901,-1.18,1644580715.234375,P02,D01,0,0,1
1902,-1.23,1644580715.25,P02,D01,0,0,1
1903,-1.33,1644580715.265625,P02,D01,0,0,1
1904,-1.44,1644580715.28125,P02,D01,0,0,1
1905,-1.46,1644580715.296875,P02,D01,0,0,1
1906,-1.3,1644580715.3125,P02,D01,0,0,1
1907,-0.97,1644580715.328125,P02,D01,0,0,1
1908,-0.55,1644580715.34375,P02,D01,0,0,1
1909,-0.17,1644580715.359375,P02,D01,0,0,1
1910,0.03,1644580715.375,P02,D01,0,0,1
1911,0.02,1644580715.390625,P02,D01,0,0,1
1912,-0.17,1644580715.40625,P02,D01,0,0,1
1913,-0.44,1644580715.421875,P02,D01,0,0,1
1914,-0.71,1644580715.4375,P02,D01,0,0,1
1915,-0.92,1644580715.453125,P02,D01,0,0,1
1916,-1.04,1644580715.46875,P02,D01,0,0,1
1917,-1.02,1644580715.484375,P02,D01,0,0,1
1918,-0.84,1644580715.5,P02,D01,0,0,1
1919,-0.5,1644580715.515625,P02,D01,0,0,1
1920,-0.03,1644580715.53125,P02,D01,0,0,1
1921,0.42,1644580715.546875,P02,D01,0,0,1
1922,0.74,1644580715.5625,P02,D01,0,0,1
1923,0.82,1644580715.578125,P02,D01,0,0,1
1924,0.68,1644580715.59375,P02,D01,0,0,1
1925,0.41,1644580715.609375,P02,D01,0,0,1
1926,0.14,1644580715.625,P02,D01,0,0,1
1927,-0.07,1644580715.640625,P02,D01,0,0,1
1928,-0.24,1644580715.65625,P02,D01,0,0,1
1929,-0.4,1644580715.671875,P02,D01,0,0,1
1930,-0.6,1644580715.6875,P02,D01,0,0,1
1931,-0.79,1644580715.703125,P02,D01,0,0,1
1932,-0.9,1644580715.71875,P02,D01,0,0,1
1933,-0.86,1644580715.734375,P02,D01,0,0,1
1934,-0.68,1644580715.75,P02,D01,0,0,1
1935,-0.43,1644580715.765625,P02,D01,0,0,1
1936,-0.21,1644580715.78125,P02,D01,0,0,1
1937,-0.11,1644580715.796875,P02,D01,0,0,1
1938,-0.11,1644580715.8125,P02,D01,0,0,1
1939,-0.14,1644580715.828125,P02,D01,0,0,1
1940,-0.1,1644580715.84375,P02,D01,0,0,1
1941,0.04,1644580715.859375,P02,D01,0,0,1
1942,0.26,1644580715.875,P02,D01,0,0,1
1943,0.47,1644580715.890625,P02,D01,0,0,1
1944,0.59,1644580715.90625,P02,D01,0,0,1
1945,0.58,1644580715.921875,P02,D01,0,0,1
1946,0.48,1644580715.9375,P02,D01,0,0,1
1947,0.34,1644580715.953125,P02,D01,0,0,1
1948,0.26,1644580715.96875,P02,D01,0,0,1
1949,0.23,1644580715.984375,P02,D01,0,0,1
1950,0.23,1644580716.0,P02,D01,0,0,1
1951,0.2,1644580716.015625,P02,D01,0,0,1
1952,0.1,1644580716.03125,P02,D01,0,0,1
1953,-0.04,1644580716.046875,P02,D01,0,0,1
1954,-0.13,1644580716.0625,P02,D01,0,0,1
1955,-0.08,1644580716.078125,P02,D01,0,0,1
1956,0.16,1644580716.09375,P02,D01,0,0,1
1957,0.58,1644580716.109375,P02,D01,0,0,1
1958,1.09,1644580716.125,P02,D01,0,0,1
1959,1.57,1644580716.140625,P02,D01,0,0,1
1960,1.96,1644580716.15625,P02,D01,0,0,1
1961,2.21,1644580716.171875,P02,D01,0,0,1
1962,2.33,1644580716.1875,P02,D01,0,0,1
1963,2.28,1644580716.203125,P02,D01,0,0,1
1964,2.06,1644580716.21875,P02,D01,0,0,1
1965,1.66,1644580716.234375,P02,D01,0,0,1
1966,1.15,1644580716.25,P02,D01,0,0,1
1967,0.68,1644580716.265625,P02,D01,0,0,1
1968,0.4,1644580716.28125,P02,D01,0,0,1
1969,0.42,1644580716.296875,P02,D01,0,0,1
1970,0.76,1644580716.3125,P02,D01,0,0,1
1971,1.29,1644580716.328125,P02,D01,0,0,1
1972,1.87,1644580716.34375,P02,D01,0,0,1
1973,2.34,1644580716.359375,P02,D01,0,0,1
1974,2.62,1644580716.375,P02,D01,0,0,1
1975,2.69,1644580716.390625,P02,D01,0,0,1
1976,2.51,1644580716.40625,P02,D01,0,0,1
1977,2.08,1644580716.421875,P02,D01,0,0,1
1978,1.44,1644580716.4375,P02,D01,0,0,1
1979,0.66,1644580716.453125,P02,D01,0,0,1
1980,-0.11,1644580716.46875,P02,D01,0,0,1
1981,-0.7,1644580716.484375,P02,D01,0,0,1
1982,-1.01,1644580716.5,P02,D01,0,0,1
1983,-1.06,1644580716.515625,P02,D01,0,0,1
1984,-0.92,1644580716.53125,P02,D01,0,0,1
1985,-0.71,1644580716.546875,P02,D01,0,0,1
1986,-0.46,1644580716.5625,P02,D01,0,0,1
1987,-0.14,1644580716.578125,P02,D01,0,0,1
1988,0.36,1644580716.59375,P02,D01,0,0,1
1989,1.08,1644580716.609375,P02,D01,0,0,1
1990,1.98,1644580716.625,P02,D01,0,0,1
1991,2.92,1644580716.640625,P02,D01,0,0,1
1992,3.72,1644580716.65625,P02,D01,0,0,1
1993,4.28,1644580716.671875,P02,D01,0,0,1
1994,4.62,1644580716.6875,P02,D01,0,0,1
1995,4.85,1644580716.703125,P02,D01,0,0,1
1996,5.12,1644580716.71875,P02,D01,0,0,1
1997,5.53,1644580716.734375,P02,D01,0,0,1
1998,6.03,1644580716.75,P02,D01,0,0,1
1999,6.46,1644580716.765625,P02,D01,0,0,1
2000,6.57,1644580716.78125,P02,D01,0,0,1
2001,6.15,1644580716.796875,P02,D01,0,0,1
2002,5.11,1644580716.8125,P02,D01,0,0,1
2003,3.54,1644580716.828125,P02,D01,0,0,1
2004,1.69,1644580716.84375,P02,D01,0,0,1
2005,-0.13,1644580716.859375,P02,D01,0,0,1
2006,-1.69,1644580716.875,P02,D01,0,0,1
2007,-2.89,1644580716.890625,P02,D01,0,0,1
2008,-3.76,1644580716.90625,P02,D01,0,0,1
2009,-4.39,1644580716.921875,P02,D01,0,0,1
2010,-4.86,1644580716.9375,P02,D01,0,0,1
2011,-5.17,1644580716.953125,P02,D01,0,0,1
2012,-5.3,1644580716.96875,P02,D01,0,0,1
2013,-5.23,1644580716.984375,P02,D01,0,0,1
2014,-5.03,1644580717.0,P02,D01,0,0,1
2015,-4.82,1644580717.015625,P02,D01,0,0,1
2016,-4.69,1644580717.03125,P02,D01,0,0,1
2017,-4.69,1644580717.046875,P02,D01,0,0,1
2018,-4.76,1644580717.0625,P02,D01,0,0,1
2019,-4.76,1644580717.078125,P02,D01,0,0,1
2020,-4.63,1644580717.09375,P02,D01,0,0,1
2021,-4.34,1644580717.109375,P02,D01,0,0,1
2022,-3.96,1644580717.125,P02,D01,0,0,1
2023,-3.57,1644580717.140625,P02,D01,0,0,1
2024,-3.23,1644580717.15625,P02,D01,0,0,1
2025,-2.97,1644580717.171875,P02,D01,0,0,1
2026,-2.73,1644580717.1875,P02,D01,0,0,1
2027,-2.47,1644580717.203125,P02,D01,0,0,1
2028,-2.17,1644580717.21875,P02,D01,0,0,1
2029,-1.85,1644580717.234375,P02,D01,0,0,1
2030,-1.55,1644580717.25,P02,D01,0,0,1
2031,-1.33,1644580717.265625,P02,D01,0,0,1
2032,-1.19,1644580717.28125,P02,D01,0,0,1
2033,-1.13,1644580717.296875,P02,D01,0,0,1
2034,-1.09,1644580717.3125,P02,D01,0,0,1
2035,-1.01,1644580717.328125,P02,D01,0,0,1
2036,-0.89,1644580717.34375,P02,D01,0,0,1
2037,-0.74,1644580717.359375,P02,D01,0,0,1
2038,-0.65,1644580717.375,P02,D01,0,0,1
2039,-0.71,1644580717.390625,P02,D01,0,0,1
2040,-0.94,1644580717.40625,P02,D01,0,0,1
2041,-1.26,1644580717.421875,P02,D01,0,0,1
2042,-1.48,1644580717.4375,P02,D01,0,0,1
2043,-1.44,1644580717.453125,P02,D01,0,0,1
2044,-1.04,1644580717.46875,P02,D01,0,0,1
2045,-0.39,1644580717.484375,P02,D01,0,0,1
2046,0.3,1644580717.5,P02,D01,0,0,1
2047,0.72,1644580717.515625,P02,D01,0,0,1
2048,0.71,1644580717.53125,P02,D01,0,0,1
2049,0.31,1644580717.546875,P02,D01,0,0,1
2050,-0.28,1644580717.5625,P02,D01,0,0,1
2051,-0.78,1644580717.578125,P02,D01,0,0,1
2052,-1.01,1644580717.59375,P02,D01,0,0,1
2053,-0.96,1644580717.609375,P02,D01,0,0,1
2054,-0.79,1644580717.625,P02,D01,0,0,1
2055,-0.67,1644580717.640625,P02,D01,0,0,1
2056,-0.73,1644580717.65625,P02,D01,0,0,1
2057,-0.93,1644580717.671875,P02,D01,0,0,1
2058,-1.15,1644580717.6875,P02,D01,0,0,1
2059,-1.29,1644580717.703125,P02,D01,0,0,1
2060,-1.31,1644580717.71875,P02,D01,0,0,1
2061,-1.27,1644580717.734375,P02,D01,0,0,1
2062,-1.27,1644580717.75,P02,D01,0,0,1
2063,-1.35,1644580717.765625,P02,D01,0,0,1
2064,-1.46,1644580717.78125,P02,D01,0,0,1
2065,-1.53,1644580717.796875,P02,D01,0,0,1
2066,-1.45,1644580717.8125,P02,D01,0,0,1
2067,-1.23,1644580717.828125,P02,D01,0,0,1
2068,-0.93,1644580717.84375,P02,D01,0,0,1
2069,-0.65,1644580717.859375,P02,D01,0,0,1
2070,-0.49,1644580717.875,P02,D01,0,0,1
2071,-0.49,1644580717.890625,P02,D01,0,0,1
2072,-0.63,1644580717.90625,P02,D01,0,0,1
2073,-0.84,1644580717.921875,P02,D01,0,0,1
2074,-1.04,1644580717.9375,P02,D01,0,0,1
2075,-1.15,1644580717.953125,P02,D01,0,0,1
2076,-1.1,1644580717.96875,P02,D01,0,0,1
2077,-0.9,1644580717.984375,P02,D01,0,0,1
2078,-0.59,1644580718.0,P02,D01,0,0,1
2079,-0.23,1644580718.015625,P02,D01,0,0,1
2080,0.08,1644580718.03125,P02,D01,0,0,1
2081,0.29,1644580718.046875,P02,D01,0,0,1
2082,0.36,1644580718.0625,P02,D01,0,0,1
2083,0.31,1644580718.078125,P02,D01,0,0,1
2084,0.14,1644580718.09375,P02,D01,0,0,1
2085,-0.13,1644580718.109375,P02,D01,0,0,1
2086,-0.45,1644580718.125,P02,D01,0,0,1
2087,-0.77,1644580718.140625,P02,D01,0,0,1
2088,-1.05,1644580718.15625,P02,D01,0,0,1
2089,-1.26,1644580718.171875,P02,D01,0,0,1
2090,-1.4,1644580718.1875,P02,D01,0,0,1
2091,-1.51,1644580718.203125,P02,D01,0,0,1
2092,-1.6,1644580718.21875,P02,D01,0,0,1
2093,-1.65,1644580718.234375,P02,D01,0,0,1
2094,-1.63,1644580718.25,P02,D01,0,0,1
2095,-1.51,1644580718.265625,P02,D01,0,0,1
2096,-1.32,1644580718.28125,P02,D01,0,0,1
2097,-1.13,1644580718.296875,P02,D01,0,0,1
2098,-1.09,1644580718.3125,P02,D01,0,0,1
2099,-1.26,1644580718.328125,P02,D01,0,0,1
2100,-1.64,1644580718.34375,P02,D01,0,0,1
2101,-2.12,1644580718.359375,P02,D01,0,0,1
2102,-2.54,1644580718.375,P02,D01,0,0,1
2103,-2.73,1644580718.390625,P02,D01,0,0,1
2104,-2.6,1644580718.40625,P02,D01,0,0,1
2105,-2.14,1644580718.421875,P02,D01,0,0,1
2106,-1.42,1644580718.4375,P02,D01,0,0,1
2107,-0.59,1644580718.453125,P02,D01,0,0,1
2108,0.18,1644580718.46875,P02,D01,0,0,1
2109,0.75,1644580718.484375,P02,D01,0,0,1
2110,1.0,1644580718.5,P02,D01,0,0,1
2111,0.95,1644580718.515625,P02,D01,0,0,1
2112,0.7,1644580718.53125,P02,D01,0,0,1
2113,0.43,1644580718.546875,P02,D01,0,0,1
2114,0.3,1644580718.5625,P02,D01,0,0,1
2115,0.37,1644580718.578125,P02,D01,0,0,1
2116,0.6,1644580718.59375,P02,D01,0,0,1
2117,0.86,1644580718.609375,P02,D01,0,0,1
2118,0.98,1644580718.625,P02,D01,0,0,1
2119,0.91,1644580718.640625,P02,D01,0,0,1
2120,0.68,1644580718.65625,P02,D01,0,0,1
2121,0.38,1644580718.671875,P02,D01,0,0,1
2122,0.15,1644580718.6875,P02,D01,0,0,1
2123,0.09,1644580718.703125,P02,D01,0,0,1
2124,0.24,1644580718.71875,P02,D01,0,0,1
2125,0.62,1644580718.734375,P02,D01,0,0,1
2126,1.25,1644580718.75,P02,D01,0,0,1
2127,2.1,1644580718.765625,P02,D01,0,0,1
2128,3.1,1644580718.78125,P02,D01,0,0,1
2129,4.08,1644580718.796875,P02,D01,0,0,1
2130,4.83,1644580718.8125,P02,D01,0,0,1
2131,5.13,1644580718.828125,P02,D01,0,0,1
2132,4.89,1644580718.84375,P02,D01,0,0,1
2133,4.17,1644580718.859375,P02,D01,0,0,1
2134,3.25,1644580718.875,P02,D01,0,0,1
2135,2.44,1644580718.890625,P02,D01,0,0,1
2136,2.01,1644580718.90625,P02,D01,0,0,1
2137,2.06,1644580718.921875,P02,D01,0,0,1
2138,2.53,1644580718.9375,P02,D01,0,0,1
2139,3.22,1644580718.953125,P02,D01,0,0,1
2140,3.89,1644580718.96875,P02,D01,0,0,1
2141,4.35,1644580718.984375,P02,D01,0,0,1
2142,4.5,1644580719.0,P02,D01,0,0,1
2143,4.34,1644580719.015625,P02,D01,0,0,1
2144,3.92,1644580719.03125,P02,D01,0,0,1
2145,3.33,1644580719.046875,P02,D01,0,0,1
2146,2.67,1644580719.0625,P02,D01,0,0,1
2147,2.04,1644580719.078125,P02,D01,0,0,1
2148,1.54,1644580719.09375,P02,D01,0,0,1
2149,1.22,1644580719.109375,P02,D01,0,0,1
2150,1.12,1644580719.125,P02,D01,0,0,1
2151,1.21,1644580719.140625,P02,D01,0,0,1
2152,1.38,1644580719.15625,P02,D01,0,0,1
2153,1.52,1644580719.171875,P02,D01,0,0,1
2154,1.54,1644580719.1875,P02,D01,0,0,1
2155,1.43,1644580719.203125,P02,D01,0,0,1
2156,1.24,1644580719.21875,P02,D01,0,0,1
2157,1.07,1644580719.234375,P02,D01,0,0,1
2158,1.02,1644580719.25,P02,D01,0,0,1
2159,1.11,1644580719.265625,P02,D01,0,0,1
2160,1.3,1644580719.28125,P02,D01,0,0,1
2161,1.51,1644580719.296875,P02,D01,0,0,1
2162,1.62,1644580719.3125,P02,D01,0,0,1
2163,1.56,1644580719.328125,P02,D01,0,0,1
2164,1.33,1644580719.34375,P02,D01,0,0,1
2165,0.97,1644580719.359375,P02,D01,0,0,1
2166,0.55,1644580719.375,P02,D01,0,0,1
2167,0.14,1644580719.390625,P02,D01,0,0,1
2168,-0.21,1644580719.40625,P02,D01,0,0,1
2169,-0.49,1644580719.421875,P02,D01,0,0,1
2170,-0.71,1644580719.4375,P02,D01,0,0,1
2171,-0.89,1644580719.453125,P02,D01,0,0,1
2172,-1.03,1644580719.46875,P02,D01,0,0,1
2173,-1.14,1644580719.484375,P02,D01,0,0,1
2174,-1.19,1644580719.5,P02,D01,0,0,1
2175,-1.22,1644580719.515625,P02,D01,0,0,1
2176,-1.27,1644580719.53125,P02,D01,0,0,1
2177,-1.37,1644580719.546875,P02,D01,0,0,1
2178,-1.53,1644580719.5625,P02,D01,0,0,1
2179,-1.73,1644580719.578125,P02,D01,0,0,1
2180,-1.88,1644580719.59375,P02,D01,0,0,1
2181,-1.89,1644580719.609375,P02,D01,0,0,1
2182,-1.75,1644580719.625,P02,D01,0,0,1
2183,-1.53,1644580719.640625,P02,D01,0,0,1
2184,-1.34,1644580719.65625,P02,D01,0,0,1
2185,-1.32,1644580719.671875,P02,D01,0,0,1
2186,-1.5,1644580719.6875,P02,D01,0,0,1
2187,-1.84,1644580719.703125,P02,D01,0,0,1
2188,-2.19,1644580719.71875,P02,D01,0,0,1
2189,-2.4,1644580719.734375,P02,D01,0,0,1
2190,-2.38,1644580719.75,P02,D01,0,0,1
2191,-2.14,1644580719.765625,P02,D01,0,0,1
2192,-1.78,1644580719.78125,P02,D01,0,0,1
2193,-1.43,1644580719.796875,P02,D01,0,0,1
2194,-1.19,1644580719.8125,P02,D01,0,0,1
2195,-1.1,1644580719.828125,P02,D01,0,0,1
2196,-1.16,1644580719.84375,P02,D01,0,0,1
2197,-1.33,1644580719.859375,P02,D01,0,0,1
2198,-1.58,1644580719.875,P02,D01,0,0,1
2199,-1.88,1644580719.890625,P02,D01,0,0,1
2200,-2.2,1644580719.90625,P02,D01,0,0,1
2201,-2.47,1644580719.921875,P02,D01,0,0,1
2202,-2.6,1644580719.9375,P02,D01,0,0,1
2203,-2.51,1644580719.953125,P02,D01,0,0,1
2204,-2.19,1644580719.96875,P02,D01,0,0,1
2205,-1.68,1644580719.984375,P02,D01,0,0,1
2206,-1.11,1644580720.0,P02,D01,0,0,1
2207,-0.61,1644580720.015625,P02,D01,0,0,1
2208,-0.3,1644580720.03125,P02,D01,0,0,1
2209,-0.19,1644580720.046875,P02,D01,0,0,1
2210,-0.24,1644580720.0625,P02,D01,0,0,1
2211,-0.37,1644580720.078125,P02,D01,0,0,1
2212,-0.49,1644580720.09375,P02,D01,0,0,1
2213,-0.55,1644580720.109375,P02,D01,0,0,1
2214,-0.54,1644580720.125,P02,D01,0,0,1
2215,-0.47,1644580720.140625,P02,D01,0,0,1
2216,-0.36,1644580720.15625,P02,D01,0,0,1
2217,-0.26,1644580720.171875,P02,D01,0,0,1
2218,-0.22,1644580720.1875,P02,D01,0,0,1
2219,-0.27,1644580720.203125,P02,D01,0,0,1
2220,-0.41,1644580720.21875,P02,D01,0,0,1
2221,-0.59,1644580720.234375,P02,D01,0,0,1
2222,-0.74,1644580720.25,P02,D01,0,0,1
2223,-0.8,1644580720.265625,P02,D01,0,0,1
2224,-0.74,1644580720.28125,P02,D01,0,0,1
2225,-0.6,1644580720.296875,P02,D01,0,0,1
2226,-0.4,1644580720.3125,P02,D01,0,0,1
2227,-0.19,1644580720.328125,P02,D01,0,0,1
2228,-0.01,1644580720.34375,P02,D01,0,0,1
2229,0.13,1644580720.359375,P02,D01,0,0,1
2230,0.21,1644580720.375,P02,D01,0,0,1
2231,0.23,1644580720.390625,P02,D01,0,0,1
2232,0.21,1644580720.40625,P02,D01,0,0,1
2233,0.18,1644580720.421875,P02,D01,0,0,1
2234,0.18,1644580720.4375,P02,D01,0,0,1
2235,0.24,1644580720.453125,P02,D01,0,0,1
2236,0.35,1644580720.46875,P02,D01,0,0,1
2237,0.47,1644580720.484375,P02,D01,0,0,1
2238,0.5,1644580720.5,P02,D01,0,0,1
2239,0.41,1644580720.515625,P02,D01,0,0,1
2240,0.18,1644580720.53125,P02,D01,0,0,1
2241,-0.13,1644580720.546875,P02,D01,0,0,1
2242,-0.44,1644580720.5625,P02,D01,0,0,1
2243,-0.66,1644580720.578125,P02,D01,0,0,1
2244,-0.78,1644580720.59375,P02,D01,0,0,1
2245,-0.81,1644580720.609375,P02,D01,0,0,1
2246,-0.84,1644580720.625,P02,D01,0,0,1
2247,-0.92,1644580720.640625,P02,D01,0,0,1
2248,-1.04,1644580720.65625,P02,D01,0,0,1
2249,-1.14,1644580720.671875,P02,D01,0,0,1
2250,-1.11,1644580720.6875,P02,D01,0,0,1
2251,-0.92,1644580720.703125,P02,D01,0,0,1
2252,-0.59,1644580720.71875,P02,D01,0,0,1
2253,-0.26,1644580720.734375,P02,D01,0,0,1
2254,-0.08,1644580720.75,P02,D01,0,0,1
2255,-0.15,1644580720.765625,P02,D01,0,0,1
2256,-0.44,1644580720.78125,P02,D01,0,0,1
2257,-0.87,1644580720.796875,P02,D01,0,0,1
2258,-1.27,1644580720.8125,P02,D01,0,0,1
2259,-1.52,1644580720.828125,P02,D01,0,0,1
2260,-1.54,1644580720.84375,P02,D01,0,0,1
2261,-1.31,1644580720.859375,P02,D01,0,0,1
2262,-0.82,1644580720.875,P02,D01,0,0,1
2263,-0.08,1644580720.890625,P02,D01,0,0,1
2264,0.86,1644580720.90625,P02,D01,0,0,1
2265,1.85,1644580720.921875,P02,D01,0,0,1
2266,2.67,1644580720.9375,P02,D01,0,0,1
2267,3.05,1644580720.953125,P02,D01,0,0,1
2268,2.83,1644580720.96875,P02,D01,0,0,1
2269,2.0,1644580720.984375,P02,D01,0,0,1
2270,0.72,1644580721.0,P02,D01,0,0,1
2271,-0.69,1644580721.015625,P02,D01,0,0,1
2272,-1.84,1644580721.03125,P02,D01,0,0,1
2273,-2.44,1644580721.046875,P02,D01,0,0,1
2274,-2.34,1644580721.0625,P02,D01,0,0,1
2275,-1.58,1644580721.078125,P02,D01,0,0,1
2276,-0.42,1644580721.09375,P02,D01,0,0,1
2277,0.81,1644580721.109375,P02,D01,0,0,1
2278,1.75,1644580721.125,P02,D01,0,0,1
2279,2.18,1644580721.140625,P02,D01,0,0,1
2280,2.01,1644580721.15625,P02,D01,0,0,1
2281,1.35,1644580721.171875,P02,D01,0,0,1
2282,0.45,1644580721.1875,P02,D01,0,0,1
2283,-0.43,1644580721.203125,P02,D01,0,0,1
2284,-1.02,1644580721.21875,P02,D01,0,0,1
2285,-1.22,1644580721.234375,P02,D01,0,0,1
2286,-1.06,1644580721.25,P02,D01,0,0,1
2287,-0.68,1644580721.265625,P02,D01,0,0,1
2288,-0.25,1644580721.28125,P02,D01,0,0,1
2289,0.04,1644580721.296875,P02,D01,0,0,1
2290,0.08,1644580721.3125,P02,D01,0,0,1
2291,-0.12,1644580721.328125,P02,D01,0,0,1
2292,-0.53,1644580721.34375,P02,D01,0,0,1
2293,-1.04,1644580721.359375,P02,D01,0,0,1
2294,-1.54,1644580721.375,P02,D01,0,0,1
2295,-1.94,1644580721.390625,P02,D01,0,0,1
2296,-2.19,1644580721.40625,P02,D01,0,0,1
2297,-2.24,1644580721.421875,P02,D01,0,0,1
2298,-2.09,1644580721.4375,P02,D01,0,0,1
2299,-1.8,1644580721.453125,P02,D01,0,0,1
2300,-1.44,1644580721.46875,P02,D01,0,0,1
2301,-1.17,1644580721.484375,P02,D01,0,0,1
2302,-1.11,1644580721.5,P02,D01,0,0,1
2303,-1.36,1644580721.515625,P02,D01,0,0,1
2304,-1.88,1644580721.53125,P02,D01,0,0,1
2305,-2.56,1644580721.546875,P02,D01,0,0,1
2306,-3.17,1644580721.5625,P02,D01,0,0,1
2307,-3.47,1644580721.578125,P02,D01,0,0,1
2308,-3.31,1644580721.59375,P02,D01,0,0,1
2309,-2.65,1644580721.609375,P02,D01,0,0,1
2310,-1.57,1644580721.625,P02,D01,0,0,1
2311,-0.28,1644580721.640625,P02,D01,0,0,1
2312,0.99,1644580721.65625,P02,D01,0,0,1
2313,2.04,1644580721.671875,P02,D01,0,0,1
2314,2.79,1644580721.6875,P02,D01,0,0,1
2315,3.25,1644580721.703125,P02,D01,0,0,1
2316,3.51,1644580721.71875,P02,D01,0,0,1
2317,3.66,1644580721.734375,P02,D01,0,0,1
2318,3.79,1644580721.75,P02,D01,0,0,1
2319,3.93,1644580721.765625,P02,D01,0,0,1
2320,4.05,1644580721.78125,P02,D01,0,0,1
2321,4.1,1644580721.796875,P02,D01,0,0,1
2322,4.04,1644580721.8125,P02,D01,0,0,1
2323,3.82,1644580721.828125,P02,D01,0,0,1
2324,3.44,1644580721.84375,P02,D01,0,0,1
2325,2.91,1644580721.859375,P02,D01,0,0,1
2326,2.27,1644580721.875,P02,D01,0,0,1
2327,1.6,1644580721.890625,P02,D01,0,0,1
2328,0.95,1644580721.90625,P02,D01,0,0,1
2329,0.37,1644580721.921875,P02,D01,0,0,1
2330,-0.17,1644580721.9375,P02,D01,0,0,1
2331,-0.7,1644580721.953125,P02,D01,0,0,1
2332,-1.22,1644580721.96875,P02,D01,0,0,1
2333,-1.72,1644580721.984375,P02,D01,0,0,1
2334,-2.11,1644580722.0,P02,D01,0,0,1
2335,-2.33,1644580722.015625,P02,D01,0,0,1
2336,-2.36,1644580722.03125,P02,D01,0,0,1
2337,-2.26,1644580722.046875,P02,D01,0,0,1
2338,-2.15,1644580722.0625,P02,D01,0,0,1
2339,-2.13,1644580722.078125,P02,D01,0,0,1
2340,-2.27,1644580722.09375,P02,D01,0,0,1
2341,-2.57,1644580722.109375,P02,D01,0,0,1
2342,-3.04,1644580722.125,P02,D01,0,0,1
2343,-3.69,1644580722.140625,P02,D01,0,0,1
2344,-4.51,1644580722.15625,P02,D01,0,0,1
2345,-5.44,1644580722.171875,P02,D01,0,0,1
2346,-6.41,1644580722.1875,P02,D01,0,0,1
2347,-7.25,1644580722.203125,P02,D01,0,0,1
2348,-7.85,1644580722.21875,P02,D01,0,0,1
2349,-8.12,1644580722.234375,P02,D01,0,0,1
2350,-8.06,1644580722.25,P02,D01,0,0,1
2351,-7.76,1644580722.265625,P02,D01,0,0,1
2352,-7.3,1644580722.28125,P02,D01,0,0,1
2353,-6.73,1644580722.296875,P02,D01,0,0,1
2354,-6.07,1644580722.3125,P02,D01,0,0,1
2355,-5.25,1644580722.328125,P02,D01,0,0,1
2356,-4.15,1644580722.34375,P02,D01,0,0,1
2357,-2.7,1644580722.359375,P02,D01,0,0,1
2358,-0.85,1644580722.375,P02,D01,0,0,1
2359,1.32,1644580722.390625,P02,D01,0,0,1
2360,3.6,1644580722.40625,P02,D01,0,0,1
2361,5.78,1644580722.421875,P02,D01,0,0,1
2362,7.64,1644580722.4375,P02,D01,0,0,1
2363,9.14,1644580722.453125,P02,D01,0,0,1
2364,10.38,1644580722.46875,P02,D01,0,0,1
2365,11.53,1644580722.484375,P02,D01,0,0,1
2366,12.69,1644580722.5,P02,D01,0,0,1
2367,13.79,1644580722.515625,P02,D01,0,0,1
2368,14.65,1644580722.53125,P02,D01,0,0,1
2369,15.09,1644580722.546875,P02,D01,0,0,1
2370,15.07,1644580722.5625,P02,D01,0,0,1
2371,14.71,1644580722.578125,P02,D01,0,0,1
2372,14.3,1644580722.59375,P02,D01,0,0,1
2373,14.09,1644580722.609375,P02,D01,0,0,1
2374,14.19,1644580722.625,P02,D01,0,0,1
2375,14.49,1644580722.640625,P02,D01,0,0,1
2376,14.74,1644580722.65625,P02,D01,0,0,1
2377,14.67,1644580722.671875,P02,D01,0,0,1
2378,14.12,1644580722.6875,P02,D01,0,0,1
2379,13.11,1644580722.703125,P02,D01,0,0,1
2380,11.85,1644580722.71875,P02,D01,0,0,1
2381,10.6,1644580722.734375,P02,D01,0,0,1
2382,9.52,1644580722.75,P02,D01,0,0,1
2383,8.57,1644580722.765625,P02,D01,0,0,1
2384,7.46,1644580722.78125,P02,D01,0,0,1
2385,5.85,1644580722.796875,P02,D01,0,0,1
2386,3.44,1644580722.8125,P02,D01,0,0,1
2387,0.28,1644580722.828125,P02,D01,0,0,1
2388,-3.27,1644580722.84375,P02,D01,0,0,1
2389,-6.6,1644580722.859375,P02,D01,0,0,1
2390,-9.1,1644580722.875,P02,D01,0,0,1
2391,-10.41,1644580722.890625,P02,D01,0,0,1
2392,-10.56,1644580722.90625,P02,D01,0,0,1
2393,-9.89,1644580722.921875,P02,D01,0,0,1
2394,-8.88,1644580722.9375,P02,D01,0,0,1
2395,-7.91,1644580722.953125,P02,D01,0,0,1
2396,-7.12,1644580722.96875,P02,D01,0,0,1
2397,-6.46,1644580722.984375,P02,D01,0,0,1
2398,-5.82,1644580723.0,P02,D01,0,0,1
2399,-5.13,1644580723.015625,P02,D01,0,0,1
2400,-4.5,1644580723.03125,P02,D01,0,0,1
2401,-4.13,1644580723.046875,P02,D01,0,0,1
2402,-4.21,1644580723.0625,P02,D01,0,0,1
2403,-4.8,1644580723.078125,P02,D01,0,0,1
2404,-5.77,1644580723.09375,P02,D01,0,0,1
2405,-6.81,1644580723.109375,P02,D01,0,0,1
2406,-7.6,1644580723.125,P02,D01,0,0,1
2407,-7.92,1644580723.140625,P02,D01,0,0,1
2408,-7.76,1644580723.15625,P02,D01,0,0,1
2409,-7.27,1644580723.171875,P02,D01,0,0,1
2410,-6.68,1644580723.1875,P02,D01,0,0,1
2411,-6.16,1644580723.203125,P02,D01,0,0,1
2412,-5.76,1644580723.21875,P02,D01,0,0,1
2413,-5.36,1644580723.234375,P02,D01,0,0,1
2414,-4.85,1644580723.25,P02,D01,0,0,1
2415,-4.17,1644580723.265625,P02,D01,0,0,1
2416,-3.37,1644580723.28125,P02,D01,0,0,1
2417,-2.61,1644580723.296875,P02,D01,0,0,1
2418,-2.04,1644580723.3125,P02,D01,0,0,1
2419,-1.72,1644580723.328125,P02,D01,0,0,1
2420,-1.6,1644580723.34375,P02,D01,0,0,1
2421,-1.54,1644580723.359375,P02,D01,0,0,1
2422,-1.41,1644580723.375,P02,D01,0,0,1
2423,-1.14,1644580723.390625,P02,D01,0,0,1
2424,-0.73,1644580723.40625,P02,D01,0,0,1
2425,-0.26,1644580723.421875,P02,D01,0,0,1
2426,0.21,1644580723.4375,P02,D01,0,0,1
2427,0.62,1644580723.453125,P02,D01,0,0,1
2428,0.96,1644580723.46875,P02,D01,0,0,1
2429,1.23,1644580723.484375,P02,D01,0,0,1
2430,1.41,1644580723.5,P02,D01,0,0,1
2431,1.46,1644580723.515625,P02,D01,0,0,1
2432,1.36,1644580723.53125,P02,D01,0,0,1
2433,1.09,1644580723.546875,P02,D01,0,0,1
2434,0.7,1644580723.5625,P02,D01,0,0,1
2435,0.26,1644580723.578125,P02,D01,0,0,1
2436,-0.16,1644580723.59375,P02,D01,0,0,1
2437,-0.48,1644580723.609375,P02,D01,0,0,1
2438,-0.66,1644580723.625,P02,D01,0,0,1
2439,-0.7,1644580723.640625,P02,D01,0,0,1
2440,-0.58,1644580723.65625,P02,D01,0,0,1
2441,-0.34,1644580723.671875,P02,D01,0,0,1
2442,0.04,1644580723.6875,P02,D01,0,0,1
2443,0.51,1644580723.703125,P02,D01,0,0,1
2444,1.05,1644580723.71875,P02,D01,0,0,1
2445,1.59,1644580723.734375,P02,D01,0,0,1
2446,1.99,1644580723.75,P02,D01,0,0,1
2447,2.14,1644580723.765625,P02,D01,0,0,1
2448,1.95,1644580723.78125,P02,D01,0,0,1
2449,1.43,1644580723.796875,P02,D01,0,0,1
2450,0.71,1644580723.8125,P02,D01,0,0,1
2451,-0.03,1644580723.828125,P02,D01,0,0,1
2452,-0.61,1644580723.84375,P02,D01,0,0,1
2453,-0.99,1644580723.859375,P02,D01,0,0,1
2454,-1.22,1644580723.875,P02,D01,0,0,1
2455,-1.42,1644580723.890625,P02,D01,0,0,1
2456,-1.65,1644580723.90625,P02,D01,0,0,1
2457,-1.88,1644580723.921875,P02,D01,0,0,1
2458,-2.0,1644580723.9375,P02,D01,0,0,1
2459,-1.93,1644580723.953125,P02,D01,0,0,1
2460,-1.68,1644580723.96875,P02,D01,0,0,1
2461,-1.36,1644580723.984375,P02,D01,0,0,1
2462,-1.15,1644580724.0,P02,D01,0,0,1
2463,-1.12,1644580724.015625,P02,D01,0,0,1
2464,-1.22,1644580724.03125,P02,D01,0,0,1
2465,-1.28,1644580724.046875,P02,D01,0,0,1
2466,-1.16,1644580724.0625,P02,D01,0,0,1
2467,-0.79,1644580724.078125,P02,D01,0,0,1
2468,-0.23,1644580724.09375,P02,D01,0,0,1
2469,0.35,1644580724.109375,P02,D01,0,0,1
2470,0.79,1644580724.125,P02,D01,0,0,1
2471,1.03,1644580724.140625,P02,D01,0,0,1
2472,1.07,1644580724.15625,P02,D01,0,0,1
2473,1.03,1644580724.171875,P02,D01,0,0,1
2474,1.02,1644580724.1875,P02,D01,0,0,1
2475,1.09,1644580724.203125,P02,D01,0,0,1
2476,1.24,1644580724.21875,P02,D01,0,0,1
2477,1.4,1644580724.234375,P02,D01,0,0,1
2478,1.47,1644580724.25,P02,D01,0,0,1
2479,1.43,1644580724.265625,P02,D01,0,0,1
2480,1.32,1644580724.28125,P02,D01,0,0,1
2481,1.21,1644580724.296875,P02,D01,0,0,1
2482,1.18,1644580724.3125,P02,D01,0,0,1
2483,1.22,1644580724.328125,P02,D01,0,0,1
2484,1.29,1644580724.34375,P02,D01,0,0,1
2485,1.29,1644580724.359375,P02,D01,0,0,1
2486,1.16,1644580724.375,P02,D01,0,0,1
2487,0.92,1644580724.390625,P02,D01,0,0,1
2488,0.64,1644580724.40625,P02,D01,0,0,1
2489,0.39,1644580724.421875,P02,D01,0,0,1
2490,0.19,1644580724.4375,P02,D01,0,0,1
2491,-0.01,1644580724.453125,P02,D01,0,0,1
2492,-0.26,1644580724.46875,P02,D01,0,0,1
2493,-0.62,1644580724.484375,P02,D01,0,0,1
2494,-1.05,1644580724.5,P02,D01,0,0,1
2495,-1.5,1644580724.515625,P02,D01,0,0,1
2496,-1.88,1644580724.53125,P02,D01,0,0,1
2497,-2.14,1644580724.546875,P02,D01,0,0,1
2498,-2.25,1644580724.5625,P02,D01,0,0,1
2499,-2.23,1644580724.578125,P02,D01,0,0,1
2500,-2.12,1644580724.59375,P02,D01,0,0,1
2501,-1.95,1644580724.609375,P02,D01,0,0,1
2502,-1.78,1644580724.625,P02,D01,0,0,1
2503,-1.63,1644580724.640625,P02,D01,0,0,1
2504,-1.55,1644580724.65625,P02,D01,0,0,1
2505,-1.56,1644580724.671875,P02,D01,0,0,1
2506,-1.66,1644580724.6875,P02,D01,0,0,1
2507,-1.79,1644580724.703125,P02,D01,0,0,1
2508,-1.84,1644580724.71875,P02,D01,0,0,1
2509,-1.72,1644580724.734375,P02,D01,0,0,1
2510,-1.37,1644580724.75,P02,D01,0,0,1
2511,-0.81,1644580724.765625,P02,D01,0,0,1
2512,-0.15,1644580724.78125,P02,D01,0,0,1
2513,0.49,1644580724.796875,P02,D01,0,0,1
2514,0.98,1644580724.8125,P02,D01,0,0,1
2515,1.25,1644580724.828125,P02,D01,0,0,1
2516,1.31,1644580724.84375,P02,D01,0,0,1
2517,1.24,1644580724.859375,P02,D01,0,0,1
2518,1.13,1644580724.875,P02,D01,0,0,1
2519,1.04,1644580724.890625,P02,D01,0,0,1
2520,1.0,1644580724.90625,P02,D01,0,0,1
2521,1.01,1644580724.921875,P02,D01,0,0,1
2522,1.05,1644580724.9375,P02,D01,0,0,1
2523,1.09,1644580724.953125,P02,D01,0,0,1
2524,1.14,1644580724.96875,P02,D01,0,0,1
2525,1.21,1644580724.984375,P02,D01,0,0,1
2526,1.3,1644580725.0,P02,D01,0,0,1
2527,1.43,1644580725.015625,P02,D01,0,0,1
2528,1.58,1644580725.03125,P02,D01,0,0,1
2529,1.69,1644580725.046875,P02,D01,0,0,1
2530,1.71,1644580725.0625,P02,D01,0,0,1
2531,1.57,1644580725.078125,P02,D01,0,0,1
2532,1.28,1644580725.09375,P02,D01,0,0,1
2533,0.91,1644580725.109375,P02,D01,0,0,1
2534,0.54,1644580725.125,P02,D01,0,0,1
2535,0.29,1644580725.140625,P02,D01,0,0,1
2536,0.19,1644580725.15625,P02,D01,0,0,1
2537,0.23,1644580725.171875,P02,D01,0,0,1
2538,0.35,1644580725.1875,P02,D01,0,0,1
2539,0.48,1644580725.203125,P02,D01,0,0,1
2540,0.58,1644580725.21875,P02,D01,0,0,1
2541,0.62,1644580725.234375,P02,D01,0,0,1
2542,0.58,1644580725.25,P02,D01,0,0,1
2543,0.45,1644580725.265625,P02,D01,0,0,1
2544,0.24,1644580725.28125,P02,D01,0,0,1
2545,-0.04,1644580725.296875,P02,D01,0,0,1
2546,-0.34,1644580725.3125,P02,D01,0,0,1
2547,-0.59,1644580725.328125,P02,D01,0,0,1
2548,-0.73,1644580725.34375,P02,D01,0,0,1
2549,-0.76,1644580725.359375,P02,D01,0,0,1
2550,-0.74,1644580725.375,P02,D01,0,0,1
2551,-0.72,1644580725.390625,P02,D01,0,0,1
2552,-0.76,1644580725.40625,P02,D01,0,0,1
2553,-0.83,1644580725.421875,P02,D01,0,0,1
2554,-0.88,1644580725.4375,P02,D01,0,0,1
2555,-0.84,1644580725.453125,P02,D01,0,0,1
2556,-0.7,1644580725.46875,P02,D01,0,0,1
2557,-0.5,1644580725.484375,P02,D01,0,0,1
2558,-0.31,1644580725.5,P02,D01,0,0,1
2559,-0.2,1644580725.515625,P02,D01,0,0,1
2560,-0.2,1644580725.53125,P02,D01,0,0,1
2561,-0.31,1644580725.546875,P02,D01,0,0,1
2562,-0.47,1644580725.5625,P02,D01,0,0,1
2563,-0.6,1644580725.578125,P02,D01,0,0,1
2564,-0.67,1644580725.59375,P02,D01,0,0,1
2565,-0.62,1644580725.609375,P02,D01,0,0,1
2566,-0.48,1644580725.625,P02,D01,0,0,1
2567,-0.29,1644580725.640625,P02,D01,0,0,1
2568,-0.11,1644580725.65625,P02,D01,0,0,1
2569,-0.0,1644580725.671875,P02,D01,0,0,1
2570,0.01,1644580725.6875,P02,D01,0,0,1
2571,-0.05,1644580725.703125,P02,D01,0,0,1
2572,-0.16,1644580725.71875,P02,D01,0,0,1
2573,-0.3,1644580725.734375,P02,D01,0,0,1
2574,-0.45,1644580725.75,P02,D01,0,0,1
2575,-0.62,1644580725.765625,P02,D01,0,0,1
2576,-0.76,1644580725.78125,P02,D01,0,0,1
2577,-0.84,1644580725.796875,P02,D01,0,0,1
2578,-0.74,1644580725.8125,P02,D01,0,0,1
2579,-0.43,1644580725.828125,P02,D01,0,0,1
2580,0.09,1644580725.84375,P02,D01,0,0,1
2581,0.67,1644580725.859375,P02,D01,0,0,1
2582,1.14,1644580725.875,P02,D01,0,0,1
2583,1.32,1644580725.890625,P02,D01,0,0,1
2584,1.19,1644580725.90625,P02,D01,0,0,1
2585,0.86,1644580725.921875,P02,D01,0,0,1
2586,0.53,1644580725.9375,P02,D01,0,0,1
2587,0.36,1644580725.953125,P02,D01,0,0,1
2588,0.37,1644580725.96875,P02,D01,0,0,1
2589,0.44,1644580725.984375,P02,D01,0,0,1
2590,0.37,1644580726.0,P02,D01,0,0,1
2591,0.1,1644580726.015625,P02,D01,0,0,1
2592,-0.29,1644580726.03125,P02,D01,0,0,1
2593,-0.6,1644580726.046875,P02,D01,0,0,1
2594,-0.62,1644580726.0625,P02,D01,0,0,1
2595,-0.33,1644580726.078125,P02,D01,0,0,1
2596,0.12,1644580726.09375,P02,D01,0,0,1
2597,0.52,1644580726.109375,P02,D01,0,0,1
2598,0.69,1644580726.125,P02,D01,0,0,1
2599,0.61,1644580726.140625,P02,D01,0,0,1
2600,0.41,1644580726.15625,P02,D01,0,0,1
2601,0.28,1644580726.171875,P02,D01,0,0,1
2602,0.31,1644580726.1875,P02,D01,0,0,1
2603,0.49,1644580726.203125,P02,D01,0,0,1
2604,0.71,1644580726.21875,P02,D01,0,0,1
2605,0.87,1644580726.234375,P02,D01,0,0,1
2606,0.88,1644580726.25,P02,D01,0,0,1
2607,0.77,1644580726.265625,P02,D01,0,0,1
2608,0.59,1644580726.28125,P02,D01,0,0,1
2609,0.43,1644580726.296875,P02,D01,0,0,1
2610,0.33,1644580726.3125,P02,D01,0,0,1
2611,0.31,1644580726.328125,P02,D01,0,0,1
2612,0.34,1644580726.34375,P02,D01,0,0,1
2613,0.35,1644580726.359375,P02,D01,0,0,1
2614,0.3,1644580726.375,P02,D01,0,0,1
2615,0.17,1644580726.390625,P02,D01,0,0,1
2616,-0.01,1644580726.40625,P02,D01,0,0,1
2617,-0.18,1644580726.421875,P02,D01,0,0,1
2618,-0.32,1644580726.4375,P02,D01,0,0,1
2619,-0.41,1644580726.453125,P02,D01,0,0,1
2620,-0.52,1644580726.46875,P02,D01,0,0,1
2621,-0.67,1644580726.484375,P02,D01,0,0,1
2622,-0.87,1644580726.5,P02,D01,0,0,1
2623,-1.04,1644580726.515625,P02,D01,0,0,1
2624,-1.08,1644580726.53125,P02,D01,0,0,1
2625,-0.91,1644580726.546875,P02,D01,0,0,1
2626,-0.51,1644580726.5625,P02,D01,0,0,1
2627,0.01,1644580726.578125,P02,D01,0,0,1
2628,0.49,1644580726.59375,P02,D01,0,0,1
2629,0.79,1644580726.609375,P02,D01,0,0,1
2630,0.84,1644580726.625,P02,D01,0,0,1
2631,0.63,1644580726.640625,P02,D01,0,0,1
2632,0.27,1644580726.65625,P02,D01,0,0,1
2633,-0.15,1644580726.671875,P02,D01,0,0,1
2634,-0.54,1644580726.6875,P02,D01,0,0,1
2635,-0.86,1644580726.703125,P02,D01,0,0,1
2636,-1.09,1644580726.71875,P02,D01,0,0,1
2637,-1.21,1644580726.734375,P02,D01,0,0,1
2638,-1.21,1644580726.75,P02,D01,0,0,1
2639,-1.1,1644580726.765625,P02,D01,0,0,1
2640,-0.91,1644580726.78125,P02,D01,0,0,1
2641,-0.67,1644580726.796875,P02,D01,0,0,1
2642,-0.44,1644580726.8125,P02,D01,0,0,1
2643,-0.21,1644580726.828125,P02,D01,0,0,1
2644,0.0,1644580726.84375,P02,D01,0,0,1
2645,0.21,1644580726.859375,P02,D01,0,0,1
2646,0.41,1644580726.875,P02,D01,0,0,1
2647,0.54,1644580726.890625,P02,D01,0,0,1
2648,0.6,1644580726.90625,P02,D01,0,0,1
2649,0.55,1644580726.921875,P02,D01,0,0,1
2650,0.43,1644580726.9375,P02,D01,0,0,1
2651,0.3,1644580726.953125,P02,D01,0,0,1
2652,0.23,1644580726.96875,P02,D01,0,0,1
2653,0.22,1644580726.984375,P02,D01,0,0,1
2654,0.27,1644580727.0,P02,D01,0,0,1
2655,0.3,1644580727.015625,P02,D01,0,0,1
2656,0.31,1644580727.03125,P02,D01,0,0,1
2657,0.29,1644580727.046875,P02,D01,0,0,1
2658,0.29,1644580727.0625,P02,D01,0,0,1
2659,0.36,1644580727.078125,P02,D01,0,0,1
2660,0.48,1644580727.09375,P02,D01,0,0,1
2661,0.62,1644580727.109375,P02,D01,0,0,1
2662,0.71,1644580727.125,P02,D01,0,0,1
2663,0.71,1644580727.140625,P02,D01,0,0,1
2664,0.65,1644580727.15625,P02,D01,0,0,1
2665,0.57,1644580727.171875,P02,D01,0,0,1
2666,0.52,1644580727.1875,P02,D01,0,0,1
2667,0.5,1644580727.203125,P02,D01,0,0,1
2668,0.5,1644580727.21875,P02,D01,0,0,1
2669,0.47,1644580727.234375,P02,D01,0,0,1
2670,0.39,1644580727.25,P02,D01,0,0,1
2671,0.26,1644580727.265625,P02,D01,0,0,1
2672,0.12,1644580727.28125,P02,D01,0,0,1
2673,-0.01,1644580727.296875,P02,D01,0,0,1
2674,-0.14,1644580727.3125,P02,D01,0,0,1
2675,-0.31,1644580727.328125,P02,D01,0,0,1
2676,-0.53,1644580727.34375,P02,D01,0,0,1
2677,-0.78,1644580727.359375,P02,D01,0,0,1
2678,-1.01,1644580727.375,P02,D01,0,0,1
2679,-1.14,1644580727.390625,P02,D01,0,0,1
2680,-1.12,1644580727.40625,P02,D01,0,0,1
2681,-0.96,1644580727.421875,P02,D01,0,0,1
2682,-0.7,1644580727.4375,P02,D01,0,0,1
2683,-0.44,1644580727.453125,P02,D01,0,0,1
2684,-0.21,1644580727.46875,P02,D01,0,0,1
2685,-0.06,1644580727.484375,P02,D01,0,0,1
2686,0.05,1644580727.5,P02,D01,0,0,1
2687,0.18,1644580727.515625,P02,D01,0,0,1
2688,0.35,1644580727.53125,P02,D01,0,0,1
2689,0.54,1644580727.546875,P02,D01,0,0,1
2690,0.67,1644580727.5625,P02,D01,0,0,1
2691,0.67,1644580727.578125,P02,D01,0,0,1
2692,0.5,1644580727.59375,P02,D01,0,0,1
2693,0.24,1644580727.609375,P02,D01,0,0,1
2694,-0.02,1644580727.625,P02,D01,0,0,1
2695,-0.17,1644580727.640625,P02,D01,0,0,1
2696,-0.17,1644580727.65625,P02,D01,0,0,1
2697,-0.06,1644580727.671875,P02,D01,0,0,1
2698,0.05,1644580727.6875,P02,D01,0,0,1
2699,0.06,1644580727.703125,P02,D01,0,0,1
2700,-0.05,1644580727.71875,P02,D01,0,0,1
2701,-0.23,1644580727.734375,P02,D01,0,0,1
2702,-0.4,1644580727.75,P02,D01,0,0,1
2703,-0.46,1644580727.765625,P02,D01,0,0,1
2704,-0.39,1644580727.78125,P02,D01,0,0,1
2705,-0.22,1644580727.796875,P02,D01,0,0,1
2706,-0.03,1644580727.8125,P02,D01,0,0,1
2707,0.12,1644580727.828125,P02,D01,0,0,1
2708,0.22,1644580727.84375,P02,D01,0,0,1
2709,0.25,1644580727.859375,P02,D01,0,0,1
2710,0.27,1644580727.875,P02,D01,0,0,1
2711,0.32,1644580727.890625,P02,D01,0,0,1
2712,0.42,1644580727.90625,P02,D01,0,0,1
2713,0.55,1644580727.921875,P02,D01,0,0,1
2714,0.64,1644580727.9375,P02,D01,0,0,1
2715,0.64,1644580727.953125,P02,D01,0,0,1
2716,0.5,1644580727.96875,P02,D01,0,0,1
2717,0.26,1644580727.984375,P02,D01,0,0,1
2718,-0.03,1644580728.0,P02,D01,0,0,1
2719,-0.29,1644580728.015625,P02,D01,0,0,1
2720,-0.46,1644580728.03125,P02,D01,0,0,1
2721,-0.53,1644580728.046875,P02,D01,0,0,1
2722,-0.53,1644580728.0625,P02,D01,0,0,1
2723,-0.47,1644580728.078125,P02,D01,0,0,1
2724,-0.34,1644580728.09375,P02,D01,0,0,1
2725,-0.17,1644580728.109375,P02,D01,0,0,1
2726,0.04,1644580728.125,P02,D01,0,0,1
2727,0.26,1644580728.140625,P02,D01,0,0,1
2728,0.43,1644580728.15625,P02,D01,0,0,1
2729,0.53,1644580728.171875,P02,D01,0,0,1
2730,0.58,1644580728.1875,P02,D01,0,0,1
2731,0.61,1644580728.203125,P02,D01,0,0,1
2732,0.63,1644580728.21875,P02,D01,0,0,1
2733,0.66,1644580728.234375,P02,D01,0,0,1
2734,0.62,1644580728.25,P02,D01,0,0,1
2735,0.49,1644580728.265625,P02,D01,0,0,1
2736,0.23,1644580728.28125,P02,D01,0,0,1
2737,-0.15,1644580728.296875,P02,D01,0,0,1
2738,-0.57,1644580728.3125,P02,D01,0,0,1
2739,-0.94,1644580728.328125,P02,D01,0,0,1
2740,-1.19,1644580728.34375,P02,D01,0,0,1
2741,-1.27,1644580728.359375,P02,D01,0,0,1
2742,-1.18,1644580728.375,P02,D01,0,0,1
2743,-0.97,1644580728.390625,P02,D01,0,0,1
2744,-0.72,1644580728.40625,P02,D01,0,0,1
2745,-0.5,1644580728.421875,P02,D01,0,0,1
2746,-0.35,1644580728.4375,P02,D01,0,0,1
2747,-0.26,1644580728.453125,P02,D01,0,0,1
2748,-0.22,1644580728.46875,P02,D01,0,0,1
2749,-0.19,1644580728.484375,P02,D01,0,0,1
2750,-0.17,1644580728.5,P02,D01,0,0,1
2751,-0.15,1644580728.515625,P02,D01,0,0,1
2752,-0.11,1644580728.53125,P02,D01,0,0,1
2753,-0.06,1644580728.546875,P02,D01,0,0,1
2754,0.02,1644580728.5625,P02,D01,0,0,1
2755,0.11,1644580728.578125,P02,D01,0,0,1
2756,0.19,1644580728.59375,P02,D01,0,0,1
2757,0.22,1644580728.609375,P02,D01,0,0,1
2758,0.19,1644580728.625,P02,D01,0,0,1
2759,0.12,1644580728.640625,P02,D01,0,0,1
2760,0.08,1644580728.65625,P02,D01,0,0,1
2761,0.12,1644580728.671875,P02,D01,0,0,1
2762,0.23,1644580728.6875,P02,D01,0,0,1
2763,0.39,1644580728.703125,P02,D01,0,0,1
2764,0.54,1644580728.71875,P02,D01,0,0,1
2765,0.61,1644580728.734375,P02,D01,0,0,1
2766,0.6,1644580728.75,P02,D01,0,0,1
2767,0.52,1644580728.765625,P02,D01,0,0,1
2768,0.4,1644580728.78125,P02,D01,0,0,1
2769,0.29,1644580728.796875,P02,D01,0,0,1
2770,0.19,1644580728.8125,P02,D01,0,0,1
2771,0.09,1644580728.828125,P02,D01,0,0,1
2772,-0.07,1644580728.84375,P02,D01,0,0,1
2773,-0.32,1644580728.859375,P02,D01,0,0,1
2774,-0.64,1644580728.875,P02,D01,0,0,1
2775,-0.95,1644580728.890625,P02,D01,0,0,1
2776,-1.14,1644580728.90625,P02,D01,0,0,1
2777,-1.09,1644580728.921875,P02,D01,0,0,1
2778,-0.82,1644580728.9375,P02,D01,0,0,1
2779,-0.44,1644580728.953125,P02,D01,0,0,1
2780,-0.1,1644580728.96875,P02,D01,0,0,1
2781,0.07,1644580728.984375,P02,D01,0,0,1
2782,0.03,1644580729.0,P02,D01,0,0,1
2783,-0.15,1644580729.015625,P02,D01,0,0,1
2784,-0.37,1644580729.03125,P02,D01,0,0,1
2785,-0.53,1644580729.046875,P02,D01,0,0,1
2786,-0.6,1644580729.0625,P02,D01,0,0,1
2787,-0.59,1644580729.078125,P02,D01,0,0,1
2788,-0.51,1644580729.09375,P02,D01,0,0,1
2789,-0.37,1644580729.109375,P02,D01,0,0,1
2790,-0.15,1644580729.125,P02,D01,0,0,1
2791,0.15,1644580729.140625,P02,D01,0,0,1
2792,0.5,1644580729.15625,P02,D01,0,0,1
2793,0.8,1644580729.171875,P02,D01,0,0,1
2794,0.98,1644580729.1875,P02,D01,0,0,1
2795,0.96,1644580729.203125,P02,D01,0,0,1
2796,0.73,1644580729.21875,P02,D01,0,0,1
2797,0.33,1644580729.234375,P02,D01,0,0,1
2798,-0.11,1644580729.25,P02,D01,0,0,1
2799,-0.47,1644580729.265625,P02,D01,0,0,1
2800,-0.61,1644580729.28125,P02,D01,0,0,1
2801,-0.47,1644580729.296875,P02,D01,0,0,1
2802,-0.08,1644580729.3125,P02,D01,0,0,1
2803,0.44,1644580729.328125,P02,D01,0,0,1
2804,0.91,1644580729.34375,P02,D01,0,0,1
2805,1.21,1644580729.359375,P02,D01,0,0,1
2806,1.24,1644580729.375,P02,D01,0,0,1
2807,1.05,1644580729.390625,P02,D01,0,0,1
2808,0.73,1644580729.40625,P02,D01,0,0,1
2809,0.4,1644580729.421875,P02,D01,0,0,1
2810,0.17,1644580729.4375,P02,D01,0,0,1
2811,0.06,1644580729.453125,P02,D01,0,0,1
2812,0.05,1644580729.46875,P02,D01,0,0,1
2813,0.06,1644580729.484375,P02,D01,0,0,1
2814,0.06,1644580729.5,P02,D01,0,0,1
2815,-0.0,1644580729.515625,P02,D01,0,0,1
2816,-0.1,1644580729.53125,P02,D01,0,0,1
2817,-0.16,1644580729.546875,P02,D01,0,0,1
2818,-0.15,1644580729.5625,P02,D01,0,0,1
2819,-0.05,1644580729.578125,P02,D01,0,0,1
2820,0.09,1644580729.59375,P02,D01,0,0,1
2821,0.19,1644580729.609375,P02,D01,0,0,1
2822,0.19,1644580729.625,P02,D01,0,0,1
2823,0.1,1644580729.640625,P02,D01,0,0,1
2824,-0.05,1644580729.65625,P02,D01,0,0,1
2825,-0.16,1644580729.671875,P02,D01,0,0,1
2826,-0.19,1644580729.6875,P02,D01,0,0,1
2827,-0.12,1644580729.703125,P02,D01,0,0,1
2828,-0.0,1644580729.71875,P02,D01,0,0,1
2829,0.08,1644580729.734375,P02,D01,0,0,1
2830,0.07,1644580729.75,P02,D01,0,0,1
2831,-0.05,1644580729.765625,P02,D01,0,0,1
2832,-0.24,1644580729.78125,P02,D01,0,0,1
2833,-0.42,1644580729.796875,P02,D01,0,0,1
2834,-0.49,1644580729.8125,P02,D01,0,0,1
2835,-0.44,1644580729.828125,P02,D01,0,0,1
2836,-0.25,1644580729.84375,P02,D01,0,0,1
2837,-0.02,1644580729.859375,P02,D01,0,0,1
2838,0.18,1644580729.875,P02,D01,0,0,1
2839,0.28,1644580729.890625,P02,D01,0,0,1
2840,0.28,1644580729.90625,P02,D01,0,0,1
2841,0.22,1644580729.921875,P02,D01,0,0,1
2842,0.18,1644580729.9375,P02,D01,0,0,1
2843,0.19,1644580729.953125,P02,D01,0,0,1
2844,0.25,1644580729.96875,P02,D01,0,0,1
2845,0.32,1644580729.984375,P02,D01,0,0,1
2846,0.35,1644580730.0,P02,D01,0,0,1
2847,0.36,1644580730.015625,P02,D01,0,0,1
2848,0.37,1644580730.03125,P02,D01,0,0,1
2849,0.44,1644580730.046875,P02,D01,0,0,1
2850,0.56,1644580730.0625,P02,D01,0,0,1
2851,0.7,1644580730.078125,P02,D01,0,0,1
2852,0.77,1644580730.09375,P02,D01,0,0,1
2853,0.69,1644580730.109375,P02,D01,0,0,1
2854,0.45,1644580730.125,P02,D01,0,0,1
2855,0.12,1644580730.140625,P02,D01,0,0,1
2856,-0.2,1644580730.15625,P02,D01,0,0,1
2857,-0.42,1644580730.171875,P02,D01,0,0,1
2858,-0.47,1644580730.1875,P02,D01,0,0,1
2859,-0.38,1644580730.203125,P02,D01,0,0,1
2860,-0.21,1644580730.21875,P02,D01,0,0,1
2861,-0.05,1644580730.234375,P02,D01,0,0,1
2862,0.03,1644580730.25,P02,D01,0,0,1
2863,-0.02,1644580730.265625,P02,D01,0,0,1
2864,-0.19,1644580730.28125,P02,D01,0,0,1
2865,-0.46,1644580730.296875,P02,D01,0,0,1
2866,-0.74,1644580730.3125,P02,D01,0,0,1
2867,-0.98,1644580730.328125,P02,D01,0,0,1
2868,-1.14,1644580730.34375,P02,D01,0,0,1
2869,-1.21,1644580730.359375,P02,D01,0,0,1
2870,-1.25,1644580730.375,P02,D01,0,0,1
2871,-1.33,1644580730.390625,P02,D01,0,0,1
2872,-1.49,1644580730.40625,P02,D01,0,0,1
2873,-1.72,1644580730.421875,P02,D01,0,0,1
2874,-1.96,1644580730.4375,P02,D01,0,0,1
2875,-2.08,1644580730.453125,P02,D01,0,0,1
2876,-2.0,1644580730.46875,P02,D01,0,0,1
2877,-1.66,1644580730.484375,P02,D01,0,0,1
2878,-1.13,1644580730.5,P02,D01,0,0,1
2879,-0.49,1644580730.515625,P02,D01,0,0,1
2880,0.11,1644580730.53125,P02,D01,0,0,1
2881,0.59,1644580730.546875,P02,D01,0,0,1
2882,0.87,1644580730.5625,P02,D01,0,0,1
2883,0.95,1644580730.578125,P02,D01,0,0,1
2884,0.88,1644580730.59375,P02,D01,0,0,1
2885,0.73,1644580730.609375,P02,D01,0,0,1
2886,0.59,1644580730.625,P02,D01,0,0,1
2887,0.55,1644580730.640625,P02,D01,0,0,1
2888,0.64,1644580730.65625,P02,D01,0,0,1
2889,0.88,1644580730.671875,P02,D01,0,0,1
2890,1.2,1644580730.6875,P02,D01,0,0,1
2891,1.52,1644580730.703125,P02,D01,0,0,1
2892,1.76,1644580730.71875,P02,D01,0,0,1
2893,1.87,1644580730.734375,P02,D01,0,0,1
2894,1.81,1644580730.75,P02,D01,0,0,1
2895,1.59,1644580730.765625,P02,D01,0,0,1
2896,1.29,1644580730.78125,P02,D01,0,0,1
2897,0.99,1644580730.796875,P02,D01,0,0,1
2898,0.8,1644580730.8125,P02,D01,0,0,1
2899,0.77,1644580730.828125,P02,D01,0,0,1
2900,0.88,1644580730.84375,P02,D01,0,0,1
2901,1.03,1644580730.859375,P02,D01,0,0,1
2902,1.1,1644580730.875,P02,D01,0,0,1
2903,0.98,1644580730.890625,P02,D01,0,0,1
2904,0.65,1644580730.90625,P02,D01,0,0,1
2905,0.18,1644580730.921875,P02,D01,0,0,1
2906,-0.29,1644580730.9375,P02,D01,0,0,1
2907,-0.63,1644580730.953125,P02,D01,0,0,1
2908,-0.76,1644580730.96875,P02,D01,0,0,1
2909,-0.7,1644580730.984375,P02,D01,0,0,1
2910,-0.53,1644580731.0,P02,D01,0,0,1
2911,-0.36,1644580731.015625,P02,D01,0,0,1
2912,-0.26,1644580731.03125,P02,D01,0,0,1
2913,-0.26,1644580731.046875,P02,D01,0,0,1
2914,-0.3,1644580731.0625,P02,D01,0,0,1
2915,-0.34,1644580731.078125,P02,D01,0,0,1
2916,-0.31,1644580731.09375,P02,D01,0,0,1
2917,-0.19,1644580731.109375,P02,D01,0,0,1
2918,0.01,1644580731.125,P02,D01,0,0,1
2919,0.23,1644580731.140625,P02,D01,0,0,1
2920,0.37,1644580731.15625,P02,D01,0,0,1
2921,0.4,1644580731.171875,P02,D01,0,0,1
2922,0.3,1644580731.1875,P02,D01,0,0,1
2923,0.09,1644580731.203125,P02,D01,0,0,1
2924,-0.15,1644580731.21875,P02,D01,0,0,1
2925,-0.38,1644580731.234375,P02,D01,0,0,1
2926,-0.55,1644580731.25,P02,D01,0,0,1
2927,-0.64,1644580731.265625,P02,D01,0,0,1
2928,-0.68,1644580731.28125,P02,D01,0,0,1
2929,-0.72,1644580731.296875,P02,D01,0,0,1
2930,-0.77,1644580731.3125,P02,D01,0,0,1
2931,-0.85,1644580731.328125,P02,D01,0,0,1
2932,-0.91,1644580731.34375,P02,D01,0,0,1
2933,-0.96,1644580731.359375,P02,D01,0,0,1
2934,-0.95,1644580731.375,P02,D01,0,0,1
2935,-0.92,1644580731.390625,P02,D01,0,0,1
2936,-0.88,1644580731.40625,P02,D01,0,0,1
2937,-0.86,1644580731.421875,P02,D01,0,0,1
2938,-0.85,1644580731.4375,P02,D01,0,0,1
2939,-0.8,1644580731.453125,P02,D01,0,0,1
2940,-0.67,1644580731.46875,P02,D01,0,0,1
2941,-0.46,1644580731.484375,P02,D01,0,0,1
2942,-0.19,1644580731.5,P02,D01,0,0,1
2943,0.04,1644580731.515625,P02,D01,0,0,1
2944,0.18,1644580731.53125,P02,D01,0,0,1
2945,0.21,1644580731.546875,P02,D01,0,0,1
2946,0.17,1644580731.5625,P02,D01,0,0,1
2947,0.13,1644580731.578125,P02,D01,0,0,1
2948,0.17,1644580731.59375,P02,D01,0,0,1
2949,0.31,1644580731.609375,P02,D01,0,0,1
2950,0.54,1644580731.625,P02,D01,0,0,1
2951,0.87,1644580731.640625,P02,D01,0,0,1
2952,1.25,1644580731.65625,P02,D01,0,0,1
2953,1.63,1644580731.671875,P02,D01,0,0,1
2954,1.93,1644580731.6875,P02,D01,0,0,1
2955,2.06,1644580731.703125,P02,D01,0,0,1
2956,1.98,1644580731.71875,P02,D01,0,0,1
2957,1.71,1644580731.734375,P02,D01,0,0,1
2958,1.34,1644580731.75,P02,D01,0,0,1
2959,0.97,1644580731.765625,P02,D01,0,0,1
2960,0.67,1644580731.78125,P02,D01,0,0,1
2961,0.43,1644580731.796875,P02,D01,0,0,1
2962,0.2,1644580731.8125,P02,D01,0,0,1
2963,-0.04,1644580731.828125,P02,D01,0,0,1
2964,-0.28,1644580731.84375,P02,D01,0,0,1
2965,-0.48,1644580731.859375,P02,D01,0,0,1
2966,-0.62,1644580731.875,P02,D01,0,0,1
2967,-0.73,1644580731.890625,P02,D01,0,0,1
2968,-0.85,1644580731.90625,P02,D01,0,0,1
2969,-1.02,1644580731.921875,P02,D01,0,0,1
2970,-1.2,1644580731.9375,P02,D01,0,0,1
2971,-1.29,1644580731.953125,P02,D01,0,0,1
2972,-1.23,1644580731.96875,P02,D01,0,0,1
2973,-1.0,1644580731.984375,P02,D01,0,0,1
2974,-0.68,1644580732.0,P02,D01,0,0,1
2975,-0.36,1644580732.015625,P02,D01,0,0,1
2976,-0.1,1644580732.03125,P02,D01,0,0,1
2977,0.08,1644580732.046875,P02,D01,0,0,1
2978,0.18,1644580732.0625,P02,D01,0,0,1
2979,0.2,1644580732.078125,P02,D01,0,0,1
2980,0.15,1644580732.09375,P02,D01,0,0,1
2981,0.02,1644580732.109375,P02,D01,0,0,1
2982,-0.14,1644580732.125,P02,D01,0,0,1
2983,-0.27,1644580732.140625,P02,D01,0,0,1
2984,-0.3,1644580732.15625,P02,D01,0,0,1
2985,-0.23,1644580732.171875,P02,D01,0,0,1
2986,-0.11,1644580732.1875,P02,D01,0,0,1
2987,-0.0,1644580732.203125,P02,D01,0,0,1
2988,0.08,1644580732.21875,P02,D01,0,0,1
2989,0.18,1644580732.234375,P02,D01,0,0,1
2990,0.36,1644580732.25,P02,D01,0,0,1
2991,0.63,1644580732.265625,P02,D01,0,0,1
2992,0.93,1644580732.28125,P02,D01,0,0,1
2993,1.09,1644580732.296875,P02,D01,0,0,1
2994,1.01,1644580732.3125,P02,D01,0,0,1
2995,0.66,1644580732.328125,P02,D01,0,0,1
2996,0.14,1644580732.34375,P02,D01,0,0,1
2997,-0.37,1644580732.359375,P02,D01,0,0,1
2998,-0.75,1644580732.375,P02,D01,0,0,1
2999,-0.96,1644580732.390625,P02,D01,0,0,1
3000,-1.04,1644580732.40625,P02,D01,0,0,1
3001,-1.08,1644580732.421875,P02,D01,0,0,1
3002,-1.11,1644580732.4375,P02,D01,0,0,1
3003,-1.08,1644580732.453125,P02,D01,0,0,1
3004,-0.92,1644580732.46875,P02,D01,0,0,1
3005,-0.6,1644580732.484375,P02,D01,0,0,1
3006,-0.16,1644580732.5,P02,D01,0,0,1
3007,0.26,1644580732.515625,P02,D01,0,0,1
3008,0.5,1644580732.53125,P02,D01,0,0,1
3009,0.46,1644580732.546875,P02,D01,0,0,1
3010,0.17,1644580732.5625,P02,D01,0,0,1
3011,-0.24,1644580732.578125,P02,D01,0,0,1
3012,-0.57,1644580732.59375,P02,D01,0,0,1
3013,-0.66,1644580732.609375,P02,D01,0,0,1
3014,-0.47,1644580732.625,P02,D01,0,0,1
3015,-0.08,1644580732.640625,P02,D01,0,0,1
3016,0.34,1644580732.65625,P02,D01,0,0,1
3017,0.61,1644580732.671875,P02,D01,0,0,1
3018,0.64,1644580732.6875,P02,D01,0,0,1
3019,0.41,1644580732.703125,P02,D01,0,0,1
3020,0.02,1644580732.71875,P02,D01,0,0,1
3021,-0.41,1644580732.734375,P02,D01,0,0,1
3022,-0.75,1644580732.75,P02,D01,0,0,1
3023,-0.92,1644580732.765625,P02,D01,0,0,1
3024,-0.9,1644580732.78125,P02,D01,0,0,1
3025,-0.71,1644580732.796875,P02,D01,0,0,1
3026,-0.44,1644580732.8125,P02,D01,0,0,1
3027,-0.15,1644580732.828125,P02,D01,0,0,1
3028,0.06,1644580732.84375,P02,D01,0,0,1
3029,0.15,1644580732.859375,P02,D01,0,0,1
3030,0.1,1644580732.875,P02,D01,0,0,1
3031,-0.08,1644580732.890625,P02,D01,0,0,1
3032,-0.35,1644580732.90625,P02,D01,0,0,1
3033,-0.65,1644580732.921875,P02,D01,0,0,1
3034,-0.92,1644580732.9375,P02,D01,0,0,1
3035,-1.08,1644580732.953125,P02,D01,0,0,1
3036,-1.12,1644580732.96875,P02,D01,0,0,1
3037,-1.04,1644580732.984375,P02,D01,0,0,1
3038,-0.87,1644580733.0,P02,D01,0,0,1
3039,-0.65,1644580733.015625,P02,D01,0,0,1
3040,-0.36,1644580733.03125,P02,D01,0,0,1
3041,-0.01,1644580733.046875,P02,D01,0,0,1
3042,0.41,1644580733.0625,P02,D01,0,0,1
3043,0.85,1644580733.078125,P02,D01,0,0,1
3044,1.19,1644580733.09375,P02,D01,0,0,1
3045,1.29,1644580733.109375,P02,D01,0,0,1
3046,1.09,1644580733.125,P02,D01,0,0,1
3047,0.63,1644580733.140625,P02,D01,0,0,1
3048,0.09,1644580733.15625,P02,D01,0,0,1
3049,-0.31,1644580733.171875,P02,D01,0,0,1
3050,-0.43,1644580733.1875,P02,D01,0,0,1
3051,-0.26,1644580733.203125,P02,D01,0,0,1
3052,0.08,1644580733.21875,P02,D01,0,0,1
3053,0.44,1644580733.234375,P02,D01,0,0,1
3054,0.7,1644580733.25,P02,D01,0,0,1
3055,0.83,1644580733.265625,P02,D01,0,0,1
3056,0.87,1644580733.28125,P02,D01,0,0,1
3057,0.89,1644580733.296875,P02,D01,0,0,1
3058,0.9,1644580733.3125,P02,D01,0,0,1
3059,0.9,1644580733.328125,P02,D01,0,0,1
3060,0.85,1644580733.34375,P02,D01,0,0,1
3061,0.72,1644580733.359375,P02,D01,0,0,1
3062,0.54,1644580733.375,P02,D01,0,0,1
3063,0.32,1644580733.390625,P02,D01,0,0,1
3064,0.12,1644580733.40625,P02,D01,0,0,1
3065,-0.01,1644580733.421875,P02,D01,0,0,1
3066,-0.02,1644580733.4375,P02,D01,0,0,1
3067,0.1,1644580733.453125,P02,D01,0,0,1
3068,0.33,1644580733.46875,P02,D01,0,0,1
3069,0.58,1644580733.484375,P02,D01,0,0,1
3070,0.74,1644580733.5,P02,D01,0,0,1
3071,0.69,1644580733.515625,P02,D01,0,0,1
3072,0.42,1644580733.53125,P02,D01,0,0,1
3073,0.02,1644580733.546875,P02,D01,0,0,1
3074,-0.38,1644580733.5625,P02,D01,0,0,1
3075,-0.63,1644580733.578125,P02,D01,0,0,1
3076,-0.7,1644580733.59375,P02,D01,0,0,1
3077,-0.65,1644580733.609375,P02,D01,0,0,1
3078,-0.57,1644580733.625,P02,D01,0,0,1
3079,-0.55,1644580733.640625,P02,D01,0,0,1
3080,-0.57,1644580733.65625,P02,D01,0,0,1
3081,-0.56,1644580733.671875,P02,D01,0,0,1
3082,-0.45,1644580733.6875,P02,D01,0,0,1
3083,-0.22,1644580733.703125,P02,D01,0,0,1
3084,0.05,1644580733.71875,P02,D01,0,0,1
3085,0.26,1644580733.734375,P02,D01,0,0,1
3086,0.31,1644580733.75,P02,D01,0,0,1
3087,0.2,1644580733.765625,P02,D01,0,0,1
3088,0.02,1644580733.78125,P02,D01,0,0,1
3089,-0.1,1644580733.796875,P02,D01,0,0,1
3090,-0.07,1644580733.8125,P02,D01,0,0,1
3091,0.13,1644580733.828125,P02,D01,0,0,1
3092,0.42,1644580733.84375,P02,D01,0,0,1
3093,0.71,1644580733.859375,P02,D01,0,0,1
3094,0.9,1644580733.875,P02,D01,0,0,1
3095,0.97,1644580733.890625,P02,D01,0,0,1
3096,0.94,1644580733.90625,P02,D01,0,0,1
3097,0.87,1644580733.921875,P02,D01,0,0,1
3098,0.79,1644580733.9375,P02,D01,0,0,1
3099,0.71,1644580733.953125,P02,D01,0,0,1
3100,0.62,1644580733.96875,P02,D01,0,0,1
3101,0.51,1644580733.984375,P02,D01,0,0,1
3102,0.37,1644580734.0,P02,D01,0,0,1
3103,0.23,1644580734.015625,P02,D01,0,0,1
3104,0.07,1644580734.03125,P02,D01,0,0,1
3105,-0.1,1644580734.046875,P02,D01,0,0,1
3106,-0.31,1644580734.0625,P02,D01,0,0,1
3107,-0.55,1644580734.078125,P02,D01,0,0,1
3108,-0.75,1644580734.09375,P02,D01,0,0,1
3109,-0.86,1644580734.109375,P02,D01,0,0,1
3110,-0.81,1644580734.125,P02,D01,0,0,1
3111,-0.62,1644580734.140625,P02,D01,0,0,1
3112,-0.34,1644580734.15625,P02,D01,0,0,1
3113,-0.07,1644580734.171875,P02,D01,0,0,1
3114,0.13,1644580734.1875,P02,D01,0,0,1
3115,0.21,1644580734.203125,P02,D01,0,0,1
3116,0.18,1644580734.21875,P02,D01,0,0,1
3117,0.09,1644580734.234375,P02,D01,0,0,1
3118,-0.04,1644580734.25,P02,D01,0,0,1
3119,-0.18,1644580734.265625,P02,D01,0,0,1
3120,-0.32,1644580734.28125,P02,D01,0,0,1
3121,-0.41,1644580734.296875,P02,D01,0,0,1
3122,-0.44,1644580734.3125,P02,D01,0,0,1
3123,-0.37,1644580734.328125,P02,D01,0,0,1
3124,-0.23,1644580734.34375,P02,D01,0,0,1
3125,-0.09,1644580734.359375,P02,D01,0,0,1
3126,-0.03,1644580734.375,P02,D01,0,0,1
3127,-0.11,1644580734.390625,P02,D01,0,0,1
3128,-0.32,1644580734.40625,P02,D01,0,0,1
3129,-0.59,1644580734.421875,P02,D01,0,0,1
3130,-0.79,1644580734.4375,P02,D01,0,0,1
3131,-0.83,1644580734.453125,P02,D01,0,0,1
3132,-0.69,1644580734.46875,P02,D01,0,0,1
3133,-0.42,1644580734.484375,P02,D01,0,0,1
3134,-0.12,1644580734.5,P02,D01,0,0,1
3135,0.12,1644580734.515625,P02,D01,0,0,1
3136,0.28,1644580734.53125,P02,D01,0,0,1
3137,0.4,1644580734.546875,P02,D01,0,0,1
3138,0.56,1644580734.5625,P02,D01,0,0,1
3139,0.76,1644580734.578125,P02,D01,0,0,1
3140,0.96,1644580734.59375,P02,D01,0,0,1
3141,1.05,1644580734.609375,P02,D01,0,0,1
3142,0.97,1644580734.625,P02,D01,0,0,1
3143,0.68,1644580734.640625,P02,D01,0,0,1
3144,0.29,1644580734.65625,P02,D01,0,0,1
3145,-0.09,1644580734.671875,P02,D01,0,0,1
3146,-0.35,1644580734.6875,P02,D01,0,0,1
3147,-0.46,1644580734.703125,P02,D01,0,0,1
3148,-0.47,1644580734.71875,P02,D01,0,0,1
3149,-0.48,1644580734.734375,P02,D01,0,0,1
3150,-0.52,1644580734.75,P02,D01,0,0,1
3151,-0.57,1644580734.765625,P02,D01,0,0,1
3152,-0.57,1644580734.78125,P02,D01,0,0,1
3153,-0.49,1644580734.796875,P02,D01,0,0,1
3154,-0.34,1644580734.8125,P02,D01,0,0,1
3155,-0.16,1644580734.828125,P02,D01,0,0,1
3156,-0.04,1644580734.84375,P02,D01,0,0,1
3157,0.01,1644580734.859375,P02,D01,0,0,1
3158,0.01,1644580734.875,P02,D01,0,0,1
3159,-0.01,1644580734.890625,P02,D01,0,0,1
3160,-0.0,1644580734.90625,P02,D01,0,0,1
3161,0.06,1644580734.921875,P02,D01,0,0,1
3162,0.16,1644580734.9375,P02,D01,0,0,1
3163,0.27,1644580734.953125,P02,D01,0,0,1
3164,0.38,1644580734.96875,P02,D01,0,0,1
3165,0.46,1644580734.984375,P02,D01,0,0,1
3166,0.49,1644580735.0,P02,D01,0,0,1
3167,0.44,1644580735.015625,P02,D01,0,0,1
3168,0.32,1644580735.03125,P02,D01,0,0,1
3169,0.17,1644580735.046875,P02,D01,0,0,1
3170,0.03,1644580735.0625,P02,D01,0,0,1
3171,-0.04,1644580735.078125,P02,D01,0,0,1
3172,-0.02,1644580735.09375,P02,D01,0,0,1
3173,0.05,1644580735.109375,P02,D01,0,0,1
3174,0.11,1644580735.125,P02,D01,0,0,1
3175,0.09,1644580735.140625,P02,D01,0,0,1
3176,-0.04,1644580735.15625,P02,D01,0,0,1
3177,-0.25,1644580735.171875,P02,D01,0,0,1
3178,-0.46,1644580735.1875,P02,D01,0,0,1
3179,-0.56,1644580735.203125,P02,D01,0,0,1
3180,-0.51,1644580735.21875,P02,D01,0,0,1
3181,-0.32,1644580735.234375,P02,D01,0,0,1
3182,-0.08,1644580735.25,P02,D01,0,0,1
3183,0.1,1644580735.265625,P02,D01,0,0,1
3184,0.16,1644580735.28125,P02,D01,0,0,1
3185,0.13,1644580735.296875,P02,D01,0,0,1
3186,0.04,1644580735.3125,P02,D01,0,0,1
3187,-0.03,1644580735.328125,P02,D01,0,0,1
3188,-0.07,1644580735.34375,P02,D01,0,0,1
3189,-0.07,1644580735.359375,P02,D01,0,0,1
3190,-0.06,1644580735.375,P02,D01,0,0,1
3191,-0.02,1644580735.390625,P02,D01,0,0,1
3192,0.02,1644580735.40625,P02,D01,0,0,1
3193,0.05,1644580735.421875,P02,D01,0,0,1
3194,0.02,1644580735.4375,P02,D01,0,0,1
3195,-0.1,1644580735.453125,P02,D01,0,0,1
3196,-0.35,1644580735.46875,P02,D01,0,0,1
3197,-0.67,1644580735.484375,P02,D01,0,0,1
3198,-0.96,1644580735.5,P02,D01,0,0,1
3199,-1.09,1644580735.515625,P02,D01,0,0,1
3200,-0.99,1644580735.53125,P02,D01,0,0,1
3201,-0.67,1644580735.546875,P02,D01,0,0,1
3202,-0.2,1644580735.5625,P02,D01,0,0,1
3203,0.3,1644580735.578125,P02,D01,0,0,1
3204,0.72,1644580735.59375,P02,D01,0,0,1
3205,1.0,1644580735.609375,P02,D01,0,0,1
3206,1.1,1644580735.625,P02,D01,0,0,1
3207,1.02,1644580735.640625,P02,D01,0,0,1
3208,0.77,1644580735.65625,P02,D01,0,0,1
3209,0.41,1644580735.671875,P02,D01,0,0,1
3210,0.01,1644580735.6875,P02,D01,0,0,1
3211,-0.32,1644580735.703125,P02,D01,0,0,1
3212,-0.52,1644580735.71875,P02,D01,0,0,1
3213,-0.55,1644580735.734375,P02,D01,0,0,1
3214,-0.43,1644580735.75,P02,D01,0,0,1
3215,-0.22,1644580735.765625,P02,D01,0,0,1
3216,0.0,1644580735.78125,P02,D01,0,0,1
3217,0.19,1644580735.796875,P02,D01,0,0,1
3218,0.29,1644580735.8125,P02,D01,0,0,1
3219,0.32,1644580735.828125,P02,D01,0,0,1
3220,0.3,1644580735.84375,P02,D01,0,0,1
3221,0.27,1644580735.859375,P02,D01,0,0,1
3222,0.28,1644580735.875,P02,D01,0,0,1
3223,0.32,1644580735.890625,P02,D01,0,0,1
3224,0.4,1644580735.90625,P02,D01,0,0,1
3225,0.5,1644580735.921875,P02,D01,0,0,1
3226,0.57,1644580735.9375,P02,D01,0,0,1
3227,0.58,1644580735.953125,P02,D01,0,0,1
3228,0.53,1644580735.96875,P02,D01,0,0,1
3229,0.42,1644580735.984375,P02,D01,0,0,1
3230,0.27,1644580736.0,P02,D01,0,0,1
3231,0.09,1644580736.015625,P02,D01,0,0,1
3232,-0.13,1644580736.03125,P02,D01,0,0,1
3233,-0.36,1644580736.046875,P02,D01,0,0,1
3234,-0.54,1644580736.0625,P02,D01,0,0,1
3235,-0.61,1644580736.078125,P02,D01,0,0,1
3236,-0.5,1644580736.09375,P02,D01,0,0,1
3237,-0.22,1644580736.109375,P02,D01,0,0,1
3238,0.16,1644580736.125,P02,D01,0,0,1
3239,0.51,1644580736.140625,P02,D01,0,0,1
3240,0.68,1644580736.15625,P02,D01,0,0,1
3241,0.65,1644580736.171875,P02,D01,0,0,1
3242,0.44,1644580736.1875,P02,D01,0,0,1
3243,0.19,1644580736.203125,P02,D01,0,0,1
3244,0.01,1644580736.21875,P02,D01,0,0,1
3245,-0.04,1644580736.234375,P02,D01,0,0,1
3246,-0.0,1644580736.25,P02,D01,0,0,1
3247,0.03,1644580736.265625,P02,D01,0,0,1
3248,-0.03,1644580736.28125,P02,D01,0,0,1
3249,-0.19,1644580736.296875,P02,D01,0,0,1
3250,-0.38,1644580736.3125,P02,D01,0,0,1
3251,-0.48,1644580736.328125,P02,D01,0,0,1
3252,-0.41,1644580736.34375,P02,D01,0,0,1
3253,-0.16,1644580736.359375,P02,D01,0,0,1
3254,0.21,1644580736.375,P02,D01,0,0,1
3255,0.54,1644580736.390625,P02,D01,0,0,1
3256,0.73,1644580736.40625,P02,D01,0,0,1
3257,0.7,1644580736.421875,P02,D01,0,0,1
3258,0.48,1644580736.4375,P02,D01,0,0,1
3259,0.2,1644580736.453125,P02,D01,0,0,1
3260,-0.02,1644580736.46875,P02,D01,0,0,1
3261,-0.1,1644580736.484375,P02,D01,0,0,1
3262,-0.05,1644580736.5,P02,D01,0,0,1
3263,0.06,1644580736.515625,P02,D01,0,0,1
3264,0.08,1644580736.53125,P02,D01,0,0,1
3265,-0.07,1644580736.546875,P02,D01,0,0,1
3266,-0.4,1644580736.5625,P02,D01,0,0,1
3267,-0.81,1644580736.578125,P02,D01,0,0,1
3268,-1.15,1644580736.59375,P02,D01,0,0,1
3269,-1.28,1644580736.609375,P02,D01,0,0,1
3270,-1.15,1644580736.625,P02,D01,0,0,1
3271,-0.81,1644580736.640625,P02,D01,0,0,1
3272,-0.38,1644580736.65625,P02,D01,0,0,1
3273,0.02,1644580736.671875,P02,D01,0,0,1
3274,0.31,1644580736.6875,P02,D01,0,0,1
3275,0.45,1644580736.703125,P02,D01,0,0,1
3276,0.48,1644580736.71875,P02,D01,0,0,1
3277,0.4,1644580736.734375,P02,D01,0,0,1
3278,0.21,1644580736.75,P02,D01,0,0,1
3279,-0.11,1644580736.765625,P02,D01,0,0,1
3280,-0.57,1644580736.78125,P02,D01,0,0,1
3281,-1.1,1644580736.796875,P02,D01,0,0,1
3282,-1.58,1644580736.8125,P02,D01,0,0,1
3283,-1.85,1644580736.828125,P02,D01,0,0,1
3284,-1.82,1644580736.84375,P02,D01,0,0,1
3285,-1.49,1644580736.859375,P02,D01,0,0,1
3286,-0.98,1644580736.875,P02,D01,0,0,1
3287,-0.42,1644580736.890625,P02,D01,0,0,1
3288,0.02,1644580736.90625,P02,D01,0,0,1
3289,0.26,1644580736.921875,P02,D01,0,0,1
3290,0.33,1644580736.9375,P02,D01,0,0,1
3291,0.29,1644580736.953125,P02,D01,0,0,1
3292,0.23,1644580736.96875,P02,D01,0,0,1
3293,0.22,1644580736.984375,P02,D01,0,0,1
3294,0.27,1644580737.0,P02,D01,0,0,1
3295,0.37,1644580737.015625,P02,D01,0,0,1
3296,0.46,1644580737.03125,P02,D01,0,0,1
3297,0.51,1644580737.046875,P02,D01,0,0,1
3298,0.48,1644580737.0625,P02,D01,0,0,1
3299,0.36,1644580737.078125,P02,D01,0,0,1
3300,0.19,1644580737.09375,P02,D01,0,0,1
3301,0.03,1644580737.109375,P02,D01,0,0,1
3302,-0.05,1644580737.125,P02,D01,0,0,1
3303,0.01,1644580737.140625,P02,D01,0,0,1
3304,0.23,1644580737.15625,P02,D01,0,0,1
3305,0.56,1644580737.171875,P02,D01,0,0,1
3306,0.88,1644580737.1875,P02,D01,0,0,1
3307,1.08,1644580737.203125,P02,D01,0,0,1
3308,1.1,1644580737.21875,P02,D01,0,0,1
3309,0.92,1644580737.234375,P02,D01,0,0,1
3310,0.66,1644580737.25,P02,D01,0,0,1
3311,0.42,1644580737.265625,P02,D01,0,0,1
3312,0.31,1644580737.28125,P02,D01,0,0,1
3313,0.34,1644580737.296875,P02,D01,0,0,1
3314,0.44,1644580737.3125,P02,D01,0,0,1
3315,0.51,1644580737.328125,P02,D01,0,0,1
3316,0.48,1644580737.34375,P02,D01,0,0,1
3317,0.34,1644580737.359375,P02,D01,0,0,1
3318,0.15,1644580737.375,P02,D01,0,0,1
3319,-0.03,1644580737.390625,P02,D01,0,0,1
3320,-0.16,1644580737.40625,P02,D01,0,0,1
3321,-0.22,1644580737.421875,P02,D01,0,0,1
3322,-0.23,1644580737.4375,P02,D01,0,0,1
3323,-0.21,1644580737.453125,P02,D01,0,0,1
3324,-0.15,1644580737.46875,P02,D01,0,0,1
3325,-0.04,1644580737.484375,P02,D01,0,0,1
3326,0.11,1644580737.5,P02,D01,0,0,1
3327,0.27,1644580737.515625,P02,D01,0,0,1
3328,0.41,1644580737.53125,P02,D01,0,0,1
3329,0.49,1644580737.546875,P02,D01,0,0,1
3330,0.48,1644580737.5625,P02,D01,0,0,1
3331,0.35,1644580737.578125,P02,D01,0,0,1
3332,0.13,1644580737.59375,P02,D01,0,0,1
3333,-0.16,1644580737.609375,P02,D01,0,0,1
3334,-0.42,1644580737.625,P02,D01,0,0,1
3335,-0.57,1644580737.640625,P02,D01,0,0,1
3336,-0.55,1644580737.65625,P02,D01,0,0,1
3337,-0.38,1644580737.671875,P02,D01,0,0,1
3338,-0.13,1644580737.6875,P02,D01,0,0,1
3339,0.12,1644580737.703125,P02,D01,0,0,1
3340,0.3,1644580737.71875,P02,D01,0,0,1
3341,0.42,1644580737.734375,P02,D01,0,0,1
3342,0.49,1644580737.75,P02,D01,0,0,1
3343,0.53,1644580737.765625,P02,D01,0,0,1
3344,0.48,1644580737.78125,P02,D01,0,0,1
3345,0.29,1644580737.796875,P02,D01,0,0,1
3346,-0.06,1644580737.8125,P02,D01,0,0,1
3347,-0.54,1644580737.828125,P02,D01,0,0,1
3348,-1.0,1644580737.84375,P02,D01,0,0,1
3349,-1.3,1644580737.859375,P02,D01,0,0,1
3350,-1.34,1644580737.875,P02,D01,0,0,1
3351,-1.1,1644580737.890625,P02,D01,0,0,1
3352,-0.68,1644580737.90625,P02,D01,0,0,1
3353,-0.21,1644580737.921875,P02,D01,0,0,1
3354,0.21,1644580737.9375,P02,D01,0,0,1
3355,0.54,1644580737.953125,P02,D01,0,0,1
3356,0.77,1644580737.96875,P02,D01,0,0,1
3357,0.92,1644580737.984375,P02,D01,0,0,1
3358,0.98,1644580738.0,P02,D01,0,0,1
3359,0.95,1644580738.015625,P02,D01,0,0,1
3360,0.8,1644580738.03125,P02,D01,0,0,1
3361,0.55,1644580738.046875,P02,D01,0,0,1
3362,0.24,1644580738.0625,P02,D01,0,0,1
3363,-0.04,1644580738.078125,P02,D01,0,0,1
3364,-0.16,1644580738.09375,P02,D01,0,0,1
3365,-0.07,1644580738.109375,P02,D01,0,0,1
3366,0.21,1644580738.125,P02,D01,0,0,1
3367,0.52,1644580738.140625,P02,D01,0,0,1
3368,0.69,1644580738.15625,P02,D01,0,0,1
3369,0.57,1644580738.171875,P02,D01,0,0,1
3370,0.16,1644580738.1875,P02,D01,0,0,1
3371,-0.42,1644580738.203125,P02,D01,0,0,1
3372,-0.93,1644580738.21875,P02,D01,0,0,1
3373,-1.15,1644580738.234375,P02,D01,0,0,1
3374,-1.03,1644580738.25,P02,D01,0,0,1
3375,-0.62,1644580738.265625,P02,D01,0,0,1
3376,-0.11,1644580738.28125,P02,D01,0,0,1
3377,0.29,1644580738.296875,P02,D01,0,0,1
3378,0.5,1644580738.3125,P02,D01,0,0,1
3379,0.52,1644580738.328125,P02,D01,0,0,1
3380,0.42,1644580738.34375,P02,D01,0,0,1
3381,0.26,1644580738.359375,P02,D01,0,0,1
3382,0.07,1644580738.375,P02,D01,0,0,1
3383,-0.17,1644580738.390625,P02,D01,0,0,1
3384,-0.46,1644580738.40625,P02,D01,0,0,1
3385,-0.75,1644580738.421875,P02,D01,0,0,1
3386,-0.95,1644580738.4375,P02,D01,0,0,1
3387,-1.0,1644580738.453125,P02,D01,0,0,1
3388,-0.87,1644580738.46875,P02,D01,0,0,1
3389,-0.6,1644580738.484375,P02,D01,0,0,1
3390,-0.29,1644580738.5,P02,D01,0,0,1
3391,-0.06,1644580738.515625,P02,D01,0,0,1
3392,0.0,1644580738.53125,P02,D01,0,0,1
3393,-0.1,1644580738.546875,P02,D01,0,0,1
3394,-0.3,1644580738.5625,P02,D01,0,0,1
3395,-0.54,1644580738.578125,P02,D01,0,0,1
3396,-0.71,1644580738.59375,P02,D01,0,0,1
3397,-0.79,1644580738.609375,P02,D01,0,0,1
3398,-0.78,1644580738.625,P02,D01,0,0,1
3399,-0.71,1644580738.640625,P02,D01,0,0,1
3400,-0.63,1644580738.65625,P02,D01,0,0,1
3401,-0.55,1644580738.671875,P02,D01,0,0,1
3402,-0.47,1644580738.6875,P02,D01,0,0,1
3403,-0.41,1644580738.703125,P02,D01,0,0,1
3404,-0.33,1644580738.71875,P02,D01,0,0,1
3405,-0.25,1644580738.734375,P02,D01,0,0,1
3406,-0.14,1644580738.75,P02,D01,0,0,1
3407,-0.0,1644580738.765625,P02,D01,0,0,1
3408,0.16,1644580738.78125,P02,D01,0,0,1
3409,0.34,1644580738.796875,P02,D01,0,0,1
3410,0.51,1644580738.8125,P02,D01,0,0,1
3411,0.7,1644580738.828125,P02,D01,0,0,1
3412,0.91,1644580738.84375,P02,D01,0,0,1
3413,1.15,1644580738.859375,P02,D01,0,0,1
3414,1.41,1644580738.875,P02,D01,0,0,1
3415,1.62,1644580738.890625,P02,D01,0,0,1
3416,1.68,1644580738.90625,P02,D01,0,0,1
3417,1.52,1644580738.921875,P02,D01,0,0,1
3418,1.14,1644580738.9375,P02,D01,0,0,1
3419,0.65,1644580738.953125,P02,D01,0,0,1
3420,0.2,1644580738.96875,P02,D01,0,0,1
3421,-0.08,1644580738.984375,P02,D01,0,0,1
3422,-0.13,1644580739.0,P02,D01,0,0,1
3423,-0.03,1644580739.015625,P02,D01,0,0,1
3424,0.12,1644580739.03125,P02,D01,0,0,1
3425,0.21,1644580739.046875,P02,D01,0,0,1
3426,0.22,1644580739.0625,P02,D01,0,0,1
3427,0.16,1644580739.078125,P02,D01,0,0,1
3428,0.09,1644580739.09375,P02,D01,0,0,1
3429,0.01,1644580739.109375,P02,D01,0,0,1
3430,-0.08,1644580739.125,P02,D01,0,0,1
3431,-0.19,1644580739.140625,P02,D01,0,0,1
3432,-0.32,1644580739.15625,P02,D01,0,0,1
3433,-0.45,1644580739.171875,P02,D01,0,0,1
3434,-0.54,1644580739.1875,P02,D01,0,0,1
3435,-0.56,1644580739.203125,P02,D01,0,0,1
3436,-0.52,1644580739.21875,P02,D01,0,0,1
3437,-0.45,1644580739.234375,P02,D01,0,0,1
3438,-0.4,1644580739.25,P02,D01,0,0,1
3439,-0.42,1644580739.265625,P02,D01,0,0,1
3440,-0.52,1644580739.28125,P02,D01,0,0,1
3441,-0.66,1644580739.296875,P02,D01,0,0,1
3442,-0.75,1644580739.3125,P02,D01,0,0,1
3443,-0.73,1644580739.328125,P02,D01,0,0,1
3444,-0.56,1644580739.34375,P02,D01,0,0,1
3445,-0.28,1644580739.359375,P02,D01,0,0,1
3446,0.02,1644580739.375,P02,D01,0,0,1
3447,0.23,1644580739.390625,P02,D01,0,0,1
3448,0.28,1644580739.40625,P02,D01,0,0,1
3449,0.16,1644580739.421875,P02,D01,0,0,1
3450,-0.07,1644580739.4375,P02,D01,0,0,1
3451,-0.33,1644580739.453125,P02,D01,0,0,1
3452,-0.56,1644580739.46875,P02,D01,0,0,1
3453,-0.73,1644580739.484375,P02,D01,0,0,1
3454,-0.84,1644580739.5,P02,D01,0,0,1
3455,-0.87,1644580739.515625,P02,D01,0,0,1
3456,-0.79,1644580739.53125,P02,D01,0,0,1
3457,-0.6,1644580739.546875,P02,D01,0,0,1
3458,-0.29,1644580739.5625,P02,D01,0,0,1
3459,0.06,1644580739.578125,P02,D01,0,0,1
3460,0.38,1644580739.59375,P02,D01,0,0,1
3461,0.54,1644580739.609375,P02,D01,0,0,1
3462,0.49,1644580739.625,P02,D01,0,0,1
3463,0.29,1644580739.640625,P02,D01,0,0,1
3464,0.04,1644580739.65625,P02,D01,0,0,1
3465,-0.15,1644580739.671875,P02,D01,0,0,1
3466,-0.18,1644580739.6875,P02,D01,0,0,1
3467,-0.06,1644580739.703125,P02,D01,0,0,1
3468,0.13,1644580739.71875,P02,D01,0,0,1
3469,0.3,1644580739.734375,P02,D01,0,0,1
3470,0.4,1644580739.75,P02,D01,0,0,1
3471,0.44,1644580739.765625,P02,D01,0,0,1
3472,0.45,1644580739.78125,P02,D01,0,0,1
3473,0.46,1644580739.796875,P02,D01,0,0,1
3474,0.48,1644580739.8125,P02,D01,0,0,1
3475,0.46,1644580739.828125,P02,D01,0,0,1
3476,0.33,1644580739.84375,P02,D01,0,0,1
3477,0.11,1644580739.859375,P02,D01,0,0,1
3478,-0.14,1644580739.875,P02,D01,0,0,1
3479,-0.3,1644580739.890625,P02,D01,0,0,1
3480,-0.27,1644580739.90625,P02,D01,0,0,1
3481,-0.08,1644580739.921875,P02,D01,0,0,1
3482,0.16,1644580739.9375,P02,D01,0,0,1
3483,0.3,1644580739.953125,P02,D01,0,0,1
3484,0.22,1644580739.96875,P02,D01,0,0,1
3485,-0.01,1644580739.984375,P02,D01,0,0,1
3486,-0.25,1644580740.0,P02,D01,0,0,1
3487,-0.29,1644580740.015625,P02,D01,0,0,1
3488,-0.04,1644580740.03125,P02,D01,0,0,1
3489,0.42,1644580740.046875,P02,D01,0,0,1
3490,0.88,1644580740.0625,P02,D01,0,0,1
3491,1.13,1644580740.078125,P02,D01,0,0,1
3492,1.07,1644580740.09375,P02,D01,0,0,1
3493,0.73,1644580740.109375,P02,D01,0,0,1
3494,0.29,1644580740.125,P02,D01,0,0,1
3495,-0.1,1644580740.140625,P02,D01,0,0,1
3496,-0.34,1644580740.15625,P02,D01,0,0,1
3497,-0.47,1644580740.171875,P02,D01,0,0,1
3498,-0.53,1644580740.1875,P02,D01,0,0,1
3499,-0.58,1644580740.203125,P02,D01,0,0,1
3500,-0.57,1644580740.21875,P02,D01,0,0,1
3501,-0.46,1644580740.234375,P02,D01,0,0,1
3502,-0.22,1644580740.25,P02,D01,0,0,1
3503,0.13,1644580740.265625,P02,D01,0,0,1
3504,0.46,1644580740.28125,P02,D01,0,0,1
3505,0.67,1644580740.296875,P02,D01,0,0,1
3506,0.65,1644580740.3125,P02,D01,0,0,1
3507,0.39,1644580740.328125,P02,D01,0,0,1
3508,-0.03,1644580740.34375,P02,D01,0,0,1
3509,-0.45,1644580740.359375,P02,D01,0,0,1
3510,-0.72,1644580740.375,P02,D01,0,0,1
3511,-0.7,1644580740.390625,P02,D01,0,0,1
3512,-0.39,1644580740.40625,P02,D01,0,0,1
3513,0.12,1644580740.421875,P02,D01,0,0,1
3514,0.65,1644580740.4375,P02,D01,0,0,1
3515,1.05,1644580740.453125,P02,D01,0,0,1
3516,1.19,1644580740.46875,P02,D01,0,0,1
3517,1.09,1644580740.484375,P02,D01,0,0,1
3518,0.81,1644580740.5,P02,D01,0,0,1
3519,0.5,1644580740.515625,P02,D01,0,0,1
3520,0.26,1644580740.53125,P02,D01,0,0,1
3521,0.17,1644580740.546875,P02,D01,0,0,1
3522,0.21,1644580740.5625,P02,D01,0,0,1
3523,0.36,1644580740.578125,P02,D01,0,0,1
3524,0.53,1644580740.59375,P02,D01,0,0,1
3525,0.68,1644580740.609375,P02,D01,0,0,1
3526,0.77,1644580740.625,P02,D01,0,0,1
3527,0.78,1644580740.640625,P02,D01,0,0,1
3528,0.72,1644580740.65625,P02,D01,0,0,1
3529,0.58,1644580740.671875,P02,D01,0,0,1
3530,0.4,1644580740.6875,P02,D01,0,0,1
3531,0.18,1644580740.703125,P02,D01,0,0,1
3532,-0.03,1644580740.71875,P02,D01,0,0,1
3533,-0.23,1644580740.734375,P02,D01,0,0,1
3534,-0.39,1644580740.75,P02,D01,0,0,1
3535,-0.49,1644580740.765625,P02,D01,0,0,1
3536,-0.56,1644580740.78125,P02,D01,0,0,1
3537,-0.59,1644580740.796875,P02,D01,0,0,1
3538,-0.59,1644580740.8125,P02,D01,0,0,1
3539,-0.55,1644580740.828125,P02,D01,0,0,1
3540,-0.43,1644580740.84375,P02,D01,0,0,1
3541,-0.27,1644580740.859375,P02,D01,0,0,1
3542,-0.11,1644580740.875,P02,D01,0,0,1
3543,-0.04,1644580740.890625,P02,D01,0,0,1
3544,-0.11,1644580740.90625,P02,D01,0,0,1
3545,-0.3,1644580740.921875,P02,D01,0,0,1
3546,-0.5,1644580740.9375,P02,D01,0,0,1
3547,-0.59,1644580740.953125,P02,D01,0,0,1
3548,-0.48,1644580740.96875,P02,D01,0,0,1
3549,-0.17,1644580740.984375,P02,D01,0,0,1
3550,0.2,1644580741.0,P02,D01,0,0,1
3551,0.48,1644580741.015625,P02,D01,0,0,1
3552,0.55,1644580741.03125,P02,D01,0,0,1
3553,0.39,1644580741.046875,P02,D01,0,0,1
3554,0.09,1644580741.0625,P02,D01,0,0,1
3555,-0.23,1644580741.078125,P02,D01,0,0,1
3556,-0.48,1644580741.09375,P02,D01,0,0,1
3557,-0.58,1644580741.109375,P02,D01,0,0,1
3558,-0.54,1644580741.125,P02,D01,0,0,1
3559,-0.38,1644580741.140625,P02,D01,0,0,1
3560,-0.16,1644580741.15625,P02,D01,0,0,1
3561,0.06,1644580741.171875,P02,D01,0,0,1
3562,0.18,1644580741.1875,P02,D01,0,0,1
3563,0.15,1644580741.203125,P02,D01,0,0,1
3564,-0.04,1644580741.21875,P02,D01,0,0,1
3565,-0.33,1644580741.234375,P02,D01,0,0,1
3566,-0.59,1644580741.25,P02,D01,0,0,1
3567,-0.7,1644580741.265625,P02,D01,0,0,1
3568,-0.61,1644580741.28125,P02,D01,0,0,1
3569,-0.34,1644580741.296875,P02,D01,0,0,1
3570,0.0,1644580741.3125,P02,D01,0,0,1
3571,0.3,1644580741.328125,P02,D01,0,0,1
3572,0.45,1644580741.34375,P02,D01,0,0,1
3573,0.41,1644580741.359375,P02,D01,0,0,1
3574,0.23,1644580741.375,P02,D01,0,0,1
3575,-0.02,1644580741.390625,P02,D01,0,0,1
3576,-0.22,1644580741.40625,P02,D01,0,0,1
3577,-0.27,1644580741.421875,P02,D01,0,0,1
3578,-0.12,1644580741.4375,P02,D01,0,0,1
3579,0.21,1644580741.453125,P02,D01,0,0,1
3580,0.61,1644580741.46875,P02,D01,0,0,1
3581,0.92,1644580741.484375,P02,D01,0,0,1
3582,1.06,1644580741.5,P02,D01,0,0,1
3583,1.0,1644580741.515625,P02,D01,0,0,1
3584,0.79,1644580741.53125,P02,D01,0,0,1
3585,0.5,1644580741.546875,P02,D01,0,0,1
3586,0.15,1644580741.5625,P02,D01,0,0,1
3587,-0.23,1644580741.578125,P02,D01,0,0,1
3588,-0.65,1644580741.59375,P02,D01,0,0,1
3589,-1.02,1644580741.609375,P02,D01,0,0,1
3590,-1.24,1644580741.625,P02,D01,0,0,1
3591,-1.18,1644580741.640625,P02,D01,0,0,1
3592,-0.83,1644580741.65625,P02,D01,0,0,1
3593,-0.32,1644580741.671875,P02,D01,0,0,1
3594,0.12,1644580741.6875,P02,D01,0,0,1
3595,0.27,1644580741.703125,P02,D01,0,0,1
3596,0.05,1644580741.71875,P02,D01,0,0,1
3597,-0.45,1644580741.734375,P02,D01,0,0,1
3598,-1.01,1644580741.75,P02,D01,0,0,1
3599,-1.42,1644580741.765625,P02,D01,0,0,1
3600,-1.53,1644580741.78125,P02,D01,0,0,1
3601,-1.37,1644580741.796875,P02,D01,0,0,1
3602,-1.06,1644580741.8125,P02,D01,0,0,1
3603,-0.74,1644580741.828125,P02,D01,0,0,1
3604,-0.53,1644580741.84375,P02,D01,0,0,1
3605,-0.48,1644580741.859375,P02,D01,0,0,1
3606,-0.53,1644580741.875,P02,D01,0,0,1
3607,-0.62,1644580741.890625,P02,D01,0,0,1
3608,-0.66,1644580741.90625,P02,D01,0,0,1
3609,-0.62,1644580741.921875,P02,D01,0,0,1
3610,-0.51,1644580741.9375,P02,D01,0,0,1
3611,-0.37,1644580741.953125,P02,D01,0,0,1
3612,-0.26,1644580741.96875,P02,D01,0,0,1
3613,-0.23,1644580741.984375,P02,D01,0,0,1
3614,-0.29,1644580742.0,P02,D01,0,0,1
3615,-0.41,1644580742.015625,P02,D01,0,0,1
3616,-0.56,1644580742.03125,P02,D01,0,0,1
3617,-0.72,1644580742.046875,P02,D01,0,0,1
3618,-0.89,1644580742.0625,P02,D01,0,0,1
3619,-1.05,1644580742.078125,P02,D01,0,0,1
3620,-1.17,1644580742.09375,P02,D01,0,0,1
3621,-1.2,1644580742.109375,P02,D01,0,0,1
3622,-1.11,1644580742.125,P02,D01,0,0,1
3623,-0.89,1644580742.140625,P02,D01,0,0,1
3624,-0.62,1644580742.15625,P02,D01,0,0,1
3625,-0.38,1644580742.171875,P02,D01,0,0,1
3626,-0.27,1644580742.1875,P02,D01,0,0,1
3627,-0.27,1644580742.203125,P02,D01,0,0,1
3628,-0.33,1644580742.21875,P02,D01,0,0,1
3629,-0.4,1644580742.234375,P02,D01,0,0,1
3630,-0.42,1644580742.25,P02,D01,0,0,1
3631,-0.43,1644580742.265625,P02,D01,0,0,1
3632,-0.47,1644580742.28125,P02,D01,0,0,1
3633,-0.55,1644580742.296875,P02,D01,0,0,1
3634,-0.61,1644580742.3125,P02,D01,0,0,1
3635,-0.58,1644580742.328125,P02,D01,0,0,1
3636,-0.41,1644580742.34375,P02,D01,0,0,1
3637,-0.13,1644580742.359375,P02,D01,0,0,1
3638,0.14,1644580742.375,P02,D01,0,0,1
3639,0.32,1644580742.390625,P02,D01,0,0,1
3640,0.33,1644580742.40625,P02,D01,0,0,1
3641,0.25,1644580742.421875,P02,D01,0,0,1
3642,0.15,1644580742.4375,P02,D01,0,0,1
3643,0.11,1644580742.453125,P02,D01,0,0,1
3644,0.15,1644580742.46875,P02,D01,0,0,1
3645,0.16,1644580742.484375,P02,D01,0,0,1
3646,0.08,1644580742.5,P02,D01,0,0,1
3647,-0.11,1644580742.515625,P02,D01,0,0,1
3648,-0.31,1644580742.53125,P02,D01,0,0,1
3649,-0.35,1644580742.546875,P02,D01,0,0,1
3650,-0.1,1644580742.5625,P02,D01,0,0,1
3651,0.45,1644580742.578125,P02,D01,0,0,1
3652,1.14,1644580742.59375,P02,D01,0,0,1
3653,1.74,1644580742.609375,P02,D01,0,0,1
3654,2.04,1644580742.625,P02,D01,0,0,1
3655,1.95,1644580742.640625,P02,D01,0,0,1
3656,1.53,1644580742.65625,P02,D01,0,0,1
3657,0.93,1644580742.671875,P02,D01,0,0,1
3658,0.32,1644580742.6875,P02,D01,0,0,1
3659,-0.16,1644580742.703125,P02,D01,0,0,1
3660,-0.41,1644580742.71875,P02,D01,0,0,1
3661,-0.38,1644580742.734375,P02,D01,0,0,1
3662,-0.08,1644580742.75,P02,D01,0,0,1
3663,0.46,1644580742.765625,P02,D01,0,0,1
3664,1.08,1644580742.78125,P02,D01,0,0,1
3665,1.59,1644580742.796875,P02,D01,0,0,1
3666,1.8,1644580742.8125,P02,D01,0,0,1
3667,1.63,1644580742.828125,P02,D01,0,0,1
3668,1.15,1644580742.84375,P02,D01,0,0,1
3669,0.54,1644580742.859375,P02,D01,0,0,1
3670,0.03,1644580742.875,P02,D01,0,0,1
3671,-0.26,1644580742.890625,P02,D01,0,0,1
3672,-0.34,1644580742.90625,P02,D01,0,0,1
3673,-0.34,1644580742.921875,P02,D01,0,0,1
3674,-0.38,1644580742.9375,P02,D01,0,0,1
3675,-0.51,1644580742.953125,P02,D01,0,0,1
3676,-0.68,1644580742.96875,P02,D01,0,0,1
3677,-0.74,1644580742.984375,P02,D01,0,0,1
3678,-0.62,1644580743.0,P02,D01,0,0,1
3679,-0.35,1644580743.015625,P02,D01,0,0,1
3680,-0.01,1644580743.03125,P02,D01,0,0,1
3681,0.24,1644580743.046875,P02,D01,0,0,1
3682,0.33,1644580743.0625,P02,D01,0,0,1
3683,0.29,1644580743.078125,P02,D01,0,0,1
3684,0.21,1644580743.09375,P02,D01,0,0,1
3685,0.2,1644580743.109375,P02,D01,0,0,1
3686,0.31,1644580743.125,P02,D01,0,0,1
3687,0.53,1644580743.140625,P02,D01,0,0,1
3688,0.8,1644580743.15625,P02,D01,0,0,1
3689,1.08,1644580743.171875,P02,D01,0,0,1
3690,1.35,1644580743.1875,P02,D01,0,0,1
3691,1.59,1644580743.203125,P02,D01,0,0,1
3692,1.78,1644580743.21875,P02,D01,0,0,1
3693,1.88,1644580743.234375,P02,D01,0,0,1
3694,1.84,1644580743.25,P02,D01,0,0,1
3695,1.66,1644580743.265625,P02,D01,0,0,1
3696,1.41,1644580743.28125,P02,D01,0,0,1
3697,1.22,1644580743.296875,P02,D01,0,0,1
3698,1.21,1644580743.3125,P02,D01,0,0,1
3699,1.42,1644580743.328125,P02,D01,0,0,1
3700,1.8,1644580743.34375,P02,D01,0,0,1
3701,2.25,1644580743.359375,P02,D01,0,0,1
3702,2.66,1644580743.375,P02,D01,0,0,1
3703,2.98,1644580743.390625,P02,D01,0,0,1
3704,3.17,1644580743.40625,P02,D01,0,0,1
3705,3.23,1644580743.421875,P02,D01,0,0,1
3706,3.15,1644580743.4375,P02,D01,0,0,1
3707,2.92,1644580743.453125,P02,D01,0,0,1
3708,2.57,1644580743.46875,P02,D01,0,0,1
3709,2.14,1644580743.484375,P02,D01,0,0,1
3710,1.71,1644580743.5,P02,D01,0,0,1
3711,1.31,1644580743.515625,P02,D01,0,0,1
3712,0.95,1644580743.53125,P02,D01,0,0,1
3713,0.57,1644580743.546875,P02,D01,0,0,1
3714,0.14,1644580743.5625,P02,D01,0,0,1
3715,-0.37,1644580743.578125,P02,D01,0,0,1
3716,-0.91,1644580743.59375,P02,D01,0,0,1
3717,-1.41,1644580743.609375,P02,D01,0,0,1
3718,-1.83,1644580743.625,P02,D01,0,0,1
3719,-2.11,1644580743.640625,P02,D01,0,0,1
3720,-2.25,1644580743.65625,P02,D01,0,0,1
3721,-2.23,1644580743.671875,P02,D01,0,0,1
3722,-2.09,1644580743.6875,P02,D01,0,0,1
3723,-1.86,1644580743.703125,P02,D01,0,0,1
3724,-1.64,1644580743.71875,P02,D01,0,0,1
3725,-1.48,1644580743.734375,P02,D01,0,0,1
3726,-1.42,1644580743.75,P02,D01,0,0,1
3727,-1.43,1644580743.765625,P02,D01,0,0,1
3728,-1.41,1644580743.78125,P02,D01,0,0,1
3729,-1.27,1644580743.796875,P02,D01,0,0,1
3730,-0.97,1644580743.8125,P02,D01,0,0,1
3731,-0.56,1644580743.828125,P02,D01,0,0,1
3732,-0.16,1644580743.84375,P02,D01,0,0,1
3733,0.08,1644580743.859375,P02,D01,0,0,1
3734,0.09,1644580743.875,P02,D01,0,0,1
3735,-0.09,1644580743.890625,P02,D01,0,0,1
3736,-0.37,1644580743.90625,P02,D01,0,0,1
3737,-0.61,1644580743.921875,P02,D01,0,0,1
3738,-0.73,1644580743.9375,P02,D01,0,0,1
3739,-0.72,1644580743.953125,P02,D01,0,0,1
3740,-0.64,1644580743.96875,P02,D01,0,0,1
3741,-0.58,1644580743.984375,P02,D01,0,0,1
3742,-0.58,1644580744.0,P02,D01,0,0,1
3743,-0.64,1644580744.015625,P02,D01,0,0,1
3744,-0.69,1644580744.03125,P02,D01,0,0,1
3745,-0.69,1644580744.046875,P02,D01,0,0,1
3746,-0.58,1644580744.0625,P02,D01,0,0,1
3747,-0.37,1644580744.078125,P02,D01,0,0,1
3748,-0.13,1644580744.09375,P02,D01,0,0,1
3749,0.09,1644580744.109375,P02,D01,0,0,1
3750,0.2,1644580744.125,P02,D01,0,0,1
3751,0.15,1644580744.140625,P02,D01,0,0,1
3752,-0.09,1644580744.15625,P02,D01,0,0,1
3753,-0.5,1644580744.171875,P02,D01,0,0,1
3754,-0.98,1644580744.1875,P02,D01,0,0,1
3755,-1.39,1644580744.203125,P02,D01,0,0,1
3756,-1.59,1644580744.21875,P02,D01,0,0,1
3757,-1.45,1644580744.234375,P02,D01,0,0,1
3758,-0.97,1644580744.25,P02,D01,0,0,1
3759,-0.24,1644580744.265625,P02,D01,0,0,1
3760,0.57,1644580744.28125,P02,D01,0,0,1
3761,1.24,1644580744.296875,P02,D01,0,0,1
3762,1.63,1644580744.3125,P02,D01,0,0,1
3763,1.7,1644580744.328125,P02,D01,0,0,1
3764,1.51,1644580744.34375,P02,D01,0,0,1
3765,1.2,1644580744.359375,P02,D01,0,0,1
3766,0.89,1644580744.375,P02,D01,0,0,1
3767,0.65,1644580744.390625,P02,D01,0,0,1
3768,0.45,1644580744.40625,P02,D01,0,0,1
3769,0.23,1644580744.421875,P02,D01,0,0,1
3770,-0.03,1644580744.4375,P02,D01,0,0,1
3771,-0.32,1644580744.453125,P02,D01,0,0,1
3772,-0.55,1644580744.46875,P02,D01,0,0,1
3773,-0.64,1644580744.484375,P02,D01,0,0,1
3774,-0.56,1644580744.5,P02,D01,0,0,1
3775,-0.34,1644580744.515625,P02,D01,0,0,1
3776,-0.08,1644580744.53125,P02,D01,0,0,1
3777,0.12,1644580744.546875,P02,D01,0,0,1
3778,0.21,1644580744.5625,P02,D01,0,0,1
3779,0.19,1644580744.578125,P02,D01,0,0,1
3780,0.11,1644580744.59375,P02,D01,0,0,1
3781,0.05,1644580744.609375,P02,D01,0,0,1
3782,0.04,1644580744.625,P02,D01,0,0,1
3783,0.08,1644580744.640625,P02,D01,0,0,1
3784,0.14,1644580744.65625,P02,D01,0,0,1
3785,0.13,1644580744.671875,P02,D01,0,0,1
3786,0.03,1644580744.6875,P02,D01,0,0,1
3787,-0.19,1644580744.703125,P02,D01,0,0,1
3788,-0.47,1644580744.71875,P02,D01,0,0,1
3789,-0.71,1644580744.734375,P02,D01,0,0,1
3790,-0.85,1644580744.75,P02,D01,0,0,1
3791,-0.84,1644580744.765625,P02,D01,0,0,1
3792,-0.72,1644580744.78125,P02,D01,0,0,1
3793,-0.54,1644580744.796875,P02,D01,0,0,1
3794,-0.38,1644580744.8125,P02,D01,0,0,1
3795,-0.29,1644580744.828125,P02,D01,0,0,1
3796,-0.26,1644580744.84375,P02,D01,0,0,1
3797,-0.26,1644580744.859375,P02,D01,0,0,1
3798,-0.22,1644580744.875,P02,D01,0,0,1
3799,-0.14,1644580744.890625,P02,D01,0,0,1
3800,-0.01,1644580744.90625,P02,D01,0,0,1
3801,0.12,1644580744.921875,P02,D01,0,0,1
3802,0.2,1644580744.9375,P02,D01,0,0,1
3803,0.22,1644580744.953125,P02,D01,0,0,1
3804,0.2,1644580744.96875,P02,D01,0,0,1
3805,0.17,1644580744.984375,P02,D01,0,0,1
3806,0.12,1644580745.0,P02,D01,0,0,1
3807,0.04,1644580745.015625,P02,D01,0,0,1
3808,-0.08,1644580745.03125,P02,D01,0,0,1
3809,-0.26,1644580745.046875,P02,D01,0,0,1
3810,-0.49,1644580745.0625,P02,D01,0,0,1
3811,-0.72,1644580745.078125,P02,D01,0,0,1
3812,-0.92,1644580745.09375,P02,D01,0,0,1
3813,-1.05,1644580745.109375,P02,D01,0,0,1
3814,-1.11,1644580745.125,P02,D01,0,0,1
3815,-1.11,1644580745.140625,P02,D01,0,0,1
3816,-1.03,1644580745.15625,P02,D01,0,0,1
3817,-0.81,1644580745.171875,P02,D01,0,0,1
3818,-0.44,1644580745.1875,P02,D01,0,0,1
3819,0.1,1644580745.203125,P02,D01,0,0,1
3820,0.72,1644580745.21875,P02,D01,0,0,1
3821,1.29,1644580745.234375,P02,D01,0,0,1
3822,1.68,1644580745.25,P02,D01,0,0,1
3823,1.84,1644580745.265625,P02,D01,0,0,1
3824,1.76,1644580745.28125,P02,D01,0,0,1
3825,1.54,1644580745.296875,P02,D01,0,0,1
3826,1.26,1644580745.3125,P02,D01,0,0,1
3827,0.99,1644580745.328125,P02,D01,0,0,1
3828,0.78,1644580745.34375,P02,D01,0,0,1
3829,0.64,1644580745.359375,P02,D01,0,0,1
3830,0.57,1644580745.375,P02,D01,0,0,1
3831,0.54,1644580745.390625,P02,D01,0,0,1
3832,0.53,1644580745.40625,P02,D01,0,0,1
3833,0.5,1644580745.421875,P02,D01,0,0,1
3834,0.42,1644580745.4375,P02,D01,0,0,1
3835,0.3,1644580745.453125,P02,D01,0,0,1
3836,0.18,1644580745.46875,P02,D01,0,0,1
3837,0.09,1644580745.484375,P02,D01,0,0,1
3838,0.05,1644580745.5,P02,D01,0,0,1
3839,0.02,1644580745.515625,P02,D01,0,0,1
3840,-0.06,1644580745.53125,P02,D01,0,0,1
3841,-0.23,1644580745.546875,P02,D01,0,0,1
3842,-0.48,1644580745.5625,P02,D01,0,0,1
3843,-0.72,1644580745.578125,P02,D01,0,0,1
3844,-0.85,1644580745.59375,P02,D01,0,0,1
3845,-0.78,1644580745.609375,P02,D01,0,0,1
3846,-0.54,1644580745.625,P02,D01,0,0,1
3847,-0.22,1644580745.640625,P02,D01,0,0,1
3848,0.02,1644580745.65625,P02,D01,0,0,1
3849,0.1,1644580745.671875,P02,D01,0,0,1
3850,-0.0,1644580745.6875,P02,D01,0,0,1
3851,-0.22,1644580745.703125,P02,D01,0,0,1
3852,-0.44,1644580745.71875,P02,D01,0,0,1
3853,-0.59,1644580745.734375,P02,D01,0,0,1
3854,-0.68,1644580745.75,P02,D01,0,0,1
3855,-0.75,1644580745.765625,P02,D01,0,0,1
3856,-0.84,1644580745.78125,P02,D01,0,0,1
3857,-0.94,1644580745.796875,P02,D01,0,0,1
3858,-1.02,1644580745.8125,P02,D01,0,0,1
3859,-0.97,1644580745.828125,P02,D01,0,0,1
3860,-0.78,1644580745.84375,P02,D01,0,0,1
3861,-0.47,1644580745.859375,P02,D01,0,0,1
3862,-0.12,1644580745.875,P02,D01,0,0,1
3863,0.15,1644580745.890625,P02,D01,0,0,1
3864,0.3,1644580745.90625,P02,D01,0,0,1
3865,0.34,1644580745.921875,P02,D01,0,0,1
3866,0.32,1644580745.9375,P02,D01,0,0,1
3867,0.28,1644580745.953125,P02,D01,0,0,1
3868,0.26,1644580745.96875,P02,D01,0,0,1
3869,0.27,1644580745.984375,P02,D01,0,0,1
3870,0.31,1644580746.0,P02,D01,0,0,1
3871,0.41,1644580746.015625,P02,D01,0,0,1
3872,0.58,1644580746.03125,P02,D01,0,0,1
3873,0.8,1644580746.046875,P02,D01,0,0,1
3874,1.02,1644580746.0625,P02,D01,0,0,1
3875,1.14,1644580746.078125,P02,D01,0,0,1
3876,1.09,1644580746.09375,P02,D01,0,0,1
3877,0.86,1644580746.109375,P02,D01,0,0,1
3878,0.51,1644580746.125,P02,D01,0,0,1
3879,0.15,1644580746.140625,P02,D01,0,0,1
3880,-0.14,1644580746.15625,P02,D01,0,0,1
3881,-0.33,1644580746.171875,P02,D01,0,0,1
3882,-0.42,1644580746.1875,P02,D01,0,0,1
3883,-0.48,1644580746.203125,P02,D01,0,0,1
3884,-0.54,1644580746.21875,P02,D01,0,0,1
3885,-0.62,1644580746.234375,P02,D01,0,0,1
3886,-0.71,1644580746.25,P02,D01,0,0,1
3887,-0.78,1644580746.265625,P02,D01,0,0,1
3888,-0.8,1644580746.28125,P02,D01,0,0,1
3889,-0.73,1644580746.296875,P02,D01,0,0,1
3890,-0.52,1644580746.3125,P02,D01,0,0,1
3891,-0.18,1644580746.328125,P02,D01,0,0,1
3892,0.22,1644580746.34375,P02,D01,0,0,1
3893,0.54,1644580746.359375,P02,D01,0,0,1
3894,0.62,1644580746.375,P02,D01,0,0,1
3895,0.39,1644580746.390625,P02,D01,0,0,1
3896,-0.08,1644580746.40625,P02,D01,0,0,1
3897,-0.6,1644580746.421875,P02,D01,0,0,1
3898,-0.94,1644580746.4375,P02,D01,0,0,1
3899,-0.95,1644580746.453125,P02,D01,0,0,1
3900,-0.66,1644580746.46875,P02,D01,0,0,1
3901,-0.26,1644580746.484375,P02,D01,0,0,1
3902,0.03,1644580746.5,P02,D01,0,0,1
3903,0.07,1644580746.515625,P02,D01,0,0,1
3904,-0.1,1644580746.53125,P02,D01,0,0,1
3905,-0.37,1644580746.546875,P02,D01,0,0,1
3906,-0.57,1644580746.5625,P02,D01,0,0,1
3907,-0.63,1644580746.578125,P02,D01,0,0,1
3908,-0.55,1644580746.59375,P02,D01,0,0,1
3909,-0.4,1644580746.609375,P02,D01,0,0,1
3910,-0.2,1644580746.625,P02,D01,0,0,1
3911,0.07,1644580746.640625,P02,D01,0,0,1
3912,0.4,1644580746.65625,P02,D01,0,0,1
3913,0.77,1644580746.671875,P02,D01,0,0,1
3914,1.07,1644580746.6875,P02,D01,0,0,1
3915,1.18,1644580746.703125,P02,D01,0,0,1
3916,1.02,1644580746.71875,P02,D01,0,0,1
3917,0.61,1644580746.734375,P02,D01,0,0,1
3918,0.11,1644580746.75,P02,D01,0,0,1
3919,-0.33,1644580746.765625,P02,D01,0,0,1
3920,-0.54,1644580746.78125,P02,D01,0,0,1
3921,-0.47,1644580746.796875,P02,D01,0,0,1
3922,-0.17,1644580746.8125,P02,D01,0,0,1
3923,0.23,1644580746.828125,P02,D01,0,0,1
3924,0.63,1644580746.84375,P02,D01,0,0,1
3925,0.88,1644580746.859375,P02,D01,0,0,1
3926,0.93,1644580746.875,P02,D01,0,0,1
3927,0.77,1644580746.890625,P02,D01,0,0,1
3928,0.44,1644580746.90625,P02,D01,0,0,1
3929,0.06,1644580746.921875,P02,D01,0,0,1
3930,-0.23,1644580746.9375,P02,D01,0,0,1
3931,-0.31,1644580746.953125,P02,D01,0,0,1
3932,-0.16,1644580746.96875,P02,D01,0,0,1
3933,0.18,1644580746.984375,P02,D01,0,0,1
3934,0.55,1644580747.0,P02,D01,0,0,1
3935,0.79,1644580747.015625,P02,D01,0,0,1
3936,0.8,1644580747.03125,P02,D01,0,0,1
3937,0.57,1644580747.046875,P02,D01,0,0,1
3938,0.2,1644580747.0625,P02,D01,0,0,1
3939,-0.2,1644580747.078125,P02,D01,0,0,1
3940,-0.51,1644580747.09375,P02,D01,0,0,1
3941,-0.69,1644580747.109375,P02,D01,0,0,1
3942,-0.73,1644580747.125,P02,D01,0,0,1
3943,-0.69,1644580747.140625,P02,D01,0,0,1
3944,-0.58,1644580747.15625,P02,D01,0,0,1
3945,-0.41,1644580747.171875,P02,D01,0,0,1
3946,-0.16,1644580747.1875,P02,D01,0,0,1
3947,0.18,1644580747.203125,P02,D01,0,0,1
3948,0.58,1644580747.21875,P02,D01,0,0,1
3949,0.92,1644580747.234375,P02,D01,0,0,1
3950,1.09,1644580747.25,P02,D01,0,0,1
3951,0.99,1644580747.265625,P02,D01,0,0,1
3952,0.62,1644580747.28125,P02,D01,0,0,1
3953,0.11,1644580747.296875,P02,D01,0,0,1
3954,-0.35,1644580747.3125,P02,D01,0,0,1
3955,-0.61,1644580747.328125,P02,D01,0,0,1
3956,-0.58,1644580747.34375,P02,D01,0,0,1
3957,-0.36,1644580747.359375,P02,D01,0,0,1
3958,-0.09,1644580747.375,P02,D01,0,0,1
3959,0.09,1644580747.390625,P02,D01,0,0,1
3960,0.1,1644580747.40625,P02,D01,0,0,1
3961,-0.01,1644580747.421875,P02,D01,0,0,1
3962,-0.19,1644580747.4375,P02,D01,0,0,1
3963,-0.35,1644580747.453125,P02,D01,0,0,1
3964,-0.49,1644580747.46875,P02,D01,0,0,1
3965,-0.6,1644580747.484375,P02,D01,0,0,1
3966,-0.7,1644580747.5,P02,D01,0,0,1
3967,-0.75,1644580747.515625,P02,D01,0,0,1
3968,-0.71,1644580747.53125,P02,D01,0,0,1
3969,-0.53,1644580747.546875,P02,D01,0,0,1
3970,-0.23,1644580747.5625,P02,D01,0,0,1
3971,0.13,1644580747.578125,P02,D01,0,0,1
3972,0.46,1644580747.59375,P02,D01,0,0,1
3973,0.69,1644580747.609375,P02,D01,0,0,1
3974,0.78,1644580747.625,P02,D01,0,0,1
3975,0.77,1644580747.640625,P02,D01,0,0,1
3976,0.7,1644580747.65625,P02,D01,0,0,1
3977,0.6,1644580747.671875,P02,D01,0,0,1
3978,0.48,1644580747.6875,P02,D01,0,0,1
3979,0.32,1644580747.703125,P02,D01,0,0,1
3980,0.12,1644580747.71875,P02,D01,0,0,1
3981,-0.1,1644580747.734375,P02,D01,0,0,1
3982,-0.32,1644580747.75,P02,D01,0,0,1
3983,-0.47,1644580747.765625,P02,D01,0,0,1
3984,-0.51,1644580747.78125,P02,D01,0,0,1
3985,-0.46,1644580747.796875,P02,D01,0,0,1
3986,-0.35,1644580747.8125,P02,D01,0,0,1
3987,-0.25,1644580747.828125,P02,D01,0,0,1
3988,-0.22,1644580747.84375,P02,D01,0,0,1
3989,-0.29,1644580747.859375,P02,D01,0,0,1
3990,-0.45,1644580747.875,P02,D01,0,0,1
3991,-0.63,1644580747.890625,P02,D01,0,0,1
3992,-0.77,1644580747.90625,P02,D01,0,0,1
3993,-0.79,1644580747.921875,P02,D01,0,0,1
3994,-0.64,1644580747.9375,P02,D01,0,0,1
3995,-0.4,1644580747.953125,P02,D01,0,0,1
3996,-0.14,1644580747.96875,P02,D01,0,0,1
3997,0.04,1644580747.984375,P02,D01,0,0,1
3998,0.09,1644580748.0,P02,D01,0,0,1
3999,0.07,1644580748.015625,P02,D01,0,0,1
4000,0.06,1644580748.03125,P02,D01,0,0,1
4001,0.12,1644580748.046875,P02,D01,0,0,1
4002,0.24,1644580748.0625,P02,D01,0,0,1
4003,0.35,1644580748.078125,P02,D01,0,0,1
4004,0.37,1644580748.09375,P02,D01,0,0,1
4005,0.29,1644580748.109375,P02,D01,0,0,1
4006,0.15,1644580748.125,P02,D01,0,0,1
4007,0.05,1644580748.140625,P02,D01,0,0,1
4008,0.05,1644580748.15625,P02,D01,0,0,1
4009,0.14,1644580748.171875,P02,D01,0,0,1
4010,0.26,1644580748.1875,P02,D01,0,0,1
4011,0.31,1644580748.203125,P02,D01,0,0,1
4012,0.27,1644580748.21875,P02,D01,0,0,1
4013,0.15,1644580748.234375,P02,D01,0,0,1
4014,0.01,1644580748.25,P02,D01,0,0,1
4015,-0.12,1644580748.265625,P02,D01,0,0,1
4016,-0.23,1644580748.28125,P02,D01,0,0,1
4017,-0.32,1644580748.296875,P02,D01,0,0,1
4018,-0.42,1644580748.3125,P02,D01,0,0,1
4019,-0.49,1644580748.328125,P02,D01,0,0,1
4020,-0.49,1644580748.34375,P02,D01,0,0,1
4021,-0.35,1644580748.359375,P02,D01,0,0,1
4022,-0.08,1644580748.375,P02,D01,0,0,1
4023,0.3,1644580748.390625,P02,D01,0,0,1
4024,0.69,1644580748.40625,P02,D01,0,0,1
4025,1.0,1644580748.421875,P02,D01,0,0,1
4026,1.15,1644580748.4375,P02,D01,0,0,1
4027,1.15,1644580748.453125,P02,D01,0,0,1
4028,1.03,1644580748.46875,P02,D01,0,0,1
4029,0.9,1644580748.484375,P02,D01,0,0,1
4030,0.82,1644580748.5,P02,D01,0,0,1
4031,0.81,1644580748.515625,P02,D01,0,0,1
4032,0.81,1644580748.53125,P02,D01,0,0,1
4033,0.74,1644580748.546875,P02,D01,0,0,1
4034,0.52,1644580748.5625,P02,D01,0,0,1
4035,0.12,1644580748.578125,P02,D01,0,0,1
4036,-0.37,1644580748.59375,P02,D01,0,0,1
4037,-0.83,1644580748.609375,P02,D01,0,0,1
4038,-1.13,1644580748.625,P02,D01,0,0,1
4039,-1.18,1644580748.640625,P02,D01,0,0,1
4040,-1.01,1644580748.65625,P02,D01,0,0,1
4041,-0.7,1644580748.671875,P02,D01,0,0,1
4042,-0.38,1644580748.6875,P02,D01,0,0,1
4043,-0.12,1644580748.703125,P02,D01,0,0,1
4044,0.04,1644580748.71875,P02,D01,0,0,1
4045,0.17,1644580748.734375,P02,D01,0,0,1
4046,0.3,1644580748.75,P02,D01,0,0,1
4047,0.44,1644580748.765625,P02,D01,0,0,1
4048,0.54,1644580748.78125,P02,D01,0,0,1
4049,0.54,1644580748.796875,P02,D01,0,0,1
4050,0.44,1644580748.8125,P02,D01,0,0,1
4051,0.26,1644580748.828125,P02,D01,0,0,1
4052,0.09,1644580748.84375,P02,D01,0,0,1
4053,0.02,1644580748.859375,P02,D01,0,0,1
4054,0.09,1644580748.875,P02,D01,0,0,1
4055,0.28,1644580748.890625,P02,D01,0,0,1
4056,0.5,1644580748.90625,P02,D01,0,0,1
4057,0.63,1644580748.921875,P02,D01,0,0,1
4058,0.59,1644580748.9375,P02,D01,0,0,1
4059,0.33,1644580748.953125,P02,D01,0,0,1
4060,-0.14,1644580748.96875,P02,D01,0,0,1
4061,-0.7,1644580748.984375,P02,D01,0,0,1
4062,-1.22,1644580749.0,P02,D01,0,0,1
4063,-1.53,1644580749.015625,P02,D01,0,0,1
4064,-1.5,1644580749.03125,P02,D01,0,0,1
4065,-1.13,1644580749.046875,P02,D01,0,0,1
4066,-0.5,1644580749.0625,P02,D01,0,0,1
4067,0.2,1644580749.078125,P02,D01,0,0,1
4068,0.77,1644580749.09375,P02,D01,0,0,1
4069,1.08,1644580749.109375,P02,D01,0,0,1
4070,1.13,1644580749.125,P02,D01,0,0,1
4071,1.01,1644580749.140625,P02,D01,0,0,1
4072,0.86,1644580749.15625,P02,D01,0,0,1
4073,0.78,1644580749.171875,P02,D01,0,0,1
4074,0.79,1644580749.1875,P02,D01,0,0,1
4075,0.83,1644580749.203125,P02,D01,0,0,1
4076,0.84,1644580749.21875,P02,D01,0,0,1
4077,0.8,1644580749.234375,P02,D01,0,0,1
4078,0.7,1644580749.25,P02,D01,0,0,1
4079,0.6,1644580749.265625,P02,D01,0,0,1
4080,0.56,1644580749.28125,P02,D01,0,0,1
4081,0.6,1644580749.296875,P02,D01,0,0,1
4082,0.7,1644580749.3125,P02,D01,0,0,1
4083,0.85,1644580749.328125,P02,D01,0,0,1
4084,1.0,1644580749.34375,P02,D01,0,0,1
4085,1.12,1644580749.359375,P02,D01,0,0,1
4086,1.19,1644580749.375,P02,D01,0,0,1
4087,1.19,1644580749.390625,P02,D01,0,0,1
4088,1.16,1644580749.40625,P02,D01,0,0,1
4089,1.11,1644580749.421875,P02,D01,0,0,1
4090,1.07,1644580749.4375,P02,D01,0,0,1
4091,1.01,1644580749.453125,P02,D01,0,0,1
4092,0.92,1644580749.46875,P02,D01,0,0,1
4093,0.79,1644580749.484375,P02,D01,0,0,1
4094,0.65,1644580749.5,P02,D01,0,0,1
4095,0.58,1644580749.515625,P02,D01,0,0,1
4096,0.64,1644580749.53125,P02,D01,0,0,1
4097,0.85,1644580749.546875,P02,D01,0,0,1
4098,1.17,1644580749.5625,P02,D01,0,0,1
4099,1.48,1644580749.578125,P02,D01,0,0,1
4100,1.69,1644580749.59375,P02,D01,0,0,1
4101,1.77,1644580749.609375,P02,D01,0,0,1
4102,1.73,1644580749.625,P02,D01,0,0,1
4103,1.65,1644580749.640625,P02,D01,0,0,1
4104,1.56,1644580749.65625,P02,D01,0,0,1
4105,1.48,1644580749.671875,P02,D01,0,0,1
4106,1.36,1644580749.6875,P02,D01,0,0,1
4107,1.19,1644580749.703125,P02,D01,0,0,1
4108,0.97,1644580749.71875,P02,D01,0,0,1
4109,0.74,1644580749.734375,P02,D01,0,0,1
4110,0.52,1644580749.75,P02,D01,0,0,1
4111,0.31,1644580749.765625,P02,D01,0,0,1
4112,0.09,1644580749.78125,P02,D01,0,0,1
4113,-0.17,1644580749.796875,P02,D01,0,0,1
4114,-0.47,1644580749.8125,P02,D01,0,0,1
4115,-0.77,1644580749.828125,P02,D01,0,0,1
4116,-1.02,1644580749.84375,P02,D01,0,0,1
4117,-1.18,1644580749.859375,P02,D01,0,0,1
4118,-1.23,1644580749.875,P02,D01,0,0,1
4119,-1.21,1644580749.890625,P02,D01,0,0,1
4120,-1.18,1644580749.90625,P02,D01,0,0,1
4121,-1.19,1644580749.921875,P02,D01,0,0,1
4122,-1.28,1644580749.9375,P02,D01,0,0,1
4123,-1.47,1644580749.953125,P02,D01,0,0,1
4124,-1.74,1644580749.96875,P02,D01,0,0,1
4125,-2.06,1644580749.984375,P02,D01,0,0,1
4126,-2.36,1644580750.0,P02,D01,0,0,1
4127,-2.6,1644580750.015625,P02,D01,0,0,1
4128,-2.72,1644580750.03125,P02,D01,0,0,1
4129,-2.7,1644580750.046875,P02,D01,0,0,1
4130,-2.58,1644580750.0625,P02,D01,0,0,1
4131,-2.4,1644580750.078125,P02,D01,0,0,1
4132,-2.22,1644580750.09375,P02,D01,0,0,1
4133,-2.09,1644580750.109375,P02,D01,0,0,1
4134,-2.01,1644580750.125,P02,D01,0,0,1
4135,-1.95,1644580750.140625,P02,D01,0,0,1
4136,-1.87,1644580750.15625,P02,D01,0,0,1
4137,-1.76,1644580750.171875,P02,D01,0,0,1
4138,-1.64,1644580750.1875,P02,D01,0,0,1
4139,-1.56,1644580750.203125,P02,D01,0,0,1
4140,-1.54,1644580750.21875,P02,D01,0,0,1
4141,-1.56,1644580750.234375,P02,D01,0,0,1
4142,-1.58,1644580750.25,P02,D01,0,0,1
4143,-1.54,1644580750.265625,P02,D01,0,0,1
4144,-1.42,1644580750.28125,P02,D01,0,0,1
4145,-1.23,1644580750.296875,P02,D01,0,0,1
4146,-0.99,1644580750.3125,P02,D01,0,0,1
4147,-0.76,1644580750.328125,P02,D01,0,0,1
4148,-0.54,1644580750.34375,P02,D01,0,0,1
4149,-0.34,1644580750.359375,P02,D01,0,0,1
4150,-0.16,1644580750.375,P02,D01,0,0,1
4151,-0.03,1644580750.390625,P02,D01,0,0,1
4152,0.04,1644580750.40625,P02,D01,0,0,1
4153,0.05,1644580750.421875,P02,D01,0,0,1
4154,0.01,1644580750.4375,P02,D01,0,0,1
4155,-0.02,1644580750.453125,P02,D01,0,0,1
4156,-0.01,1644580750.46875,P02,D01,0,0,1
4157,0.06,1644580750.484375,P02,D01,0,0,1
4158,0.16,1644580750.5,P02,D01,0,0,1
4159,0.25,1644580750.515625,P02,D01,0,0,1
4160,0.29,1644580750.53125,P02,D01,0,0,1
4161,0.3,1644580750.546875,P02,D01,0,0,1
4162,0.3,1644580750.5625,P02,D01,0,0,1
4163,0.3,1644580750.578125,P02,D01,0,0,1
4164,0.31,1644580750.59375,P02,D01,0,0,1
4165,0.34,1644580750.609375,P02,D01,0,0,1
4166,0.39,1644580750.625,P02,D01,0,0,1
4167,0.47,1644580750.640625,P02,D01,0,0,1
4168,0.54,1644580750.65625,P02,D01,0,0,1
4169,0.55,1644580750.671875,P02,D01,0,0,1
4170,0.45,1644580750.6875,P02,D01,0,0,1
4171,0.17,1644580750.703125,P02,D01,0,0,1
4172,-0.23,1644580750.71875,P02,D01,0,0,1
4173,-0.66,1644580750.734375,P02,D01,0,0,1
4174,-0.95,1644580750.75,P02,D01,0,0,1
4175,-1.0,1644580750.765625,P02,D01,0,0,1
4176,-0.77,1644580750.78125,P02,D01,0,0,1
4177,-0.34,1644580750.796875,P02,D01,0,0,1
4178,0.16,1644580750.8125,P02,D01,0,0,1
4179,0.58,1644580750.828125,P02,D01,0,0,1
4180,0.83,1644580750.84375,P02,D01,0,0,1
4181,0.88,1644580750.859375,P02,D01,0,0,1
4182,0.76,1644580750.875,P02,D01,0,0,1
4183,0.56,1644580750.890625,P02,D01,0,0,1
4184,0.36,1644580750.90625,P02,D01,0,0,1
4185,0.23,1644580750.921875,P02,D01,0,0,1
4186,0.19,1644580750.9375,P02,D01,0,0,1
4187,0.24,1644580750.953125,P02,D01,0,0,1
4188,0.31,1644580750.96875,P02,D01,0,0,1
4189,0.31,1644580750.984375,P02,D01,0,0,1
4190,0.21,1644580751.0,P02,D01,0,0,1
4191,0.0,1644580751.015625,P02,D01,0,0,1
4192,-0.27,1644580751.03125,P02,D01,0,0,1
4193,-0.57,1644580751.046875,P02,D01,0,0,1
4194,-0.87,1644580751.0625,P02,D01,0,0,1
4195,-1.18,1644580751.078125,P02,D01,0,0,1
4196,-1.48,1644580751.09375,P02,D01,0,0,1
4197,-1.72,1644580751.109375,P02,D01,0,0,1
4198,-1.81,1644580751.125,P02,D01,0,0,1
4199,-1.62,1644580751.140625,P02,D01,0,0,1
4200,-1.12,1644580751.15625,P02,D01,0,0,1
4201,-0.41,1644580751.171875,P02,D01,0,0,1
4202,0.31,1644580751.1875,P02,D01,0,0,1
4203,0.82,1644580751.203125,P02,D01,0,0,1
4204,0.97,1644580751.21875,P02,D01,0,0,1
4205,0.77,1644580751.234375,P02,D01,0,0,1
4206,0.38,1644580751.25,P02,D01,0,0,1
4207,-0.02,1644580751.265625,P02,D01,0,0,1
4208,-0.27,1644580751.28125,P02,D01,0,0,1
4209,-0.35,1644580751.296875,P02,D01,0,0,1
4210,-0.31,1644580751.3125,P02,D01,0,0,1
4211,-0.25,1644580751.328125,P02,D01,0,0,1
4212,-0.17,1644580751.34375,P02,D01,0,0,1
4213,-0.08,1644580751.359375,P02,D01,0,0,1
4214,0.06,1644580751.375,P02,D01,0,0,1
4215,0.25,1644580751.390625,P02,D01,0,0,1
4216,0.44,1644580751.40625,P02,D01,0,0,1
4217,0.57,1644580751.421875,P02,D01,0,0,1
4218,0.63,1644580751.4375,P02,D01,0,0,1
4219,0.66,1644580751.453125,P02,D01,0,0,1
4220,0.73,1644580751.46875,P02,D01,0,0,1
4221,0.85,1644580751.484375,P02,D01,0,0,1
4222,1.0,1644580751.5,P02,D01,0,0,1
4223,1.11,1644580751.515625,P02,D01,0,0,1
4224,1.13,1644580751.53125,P02,D01,0,0,1
4225,1.08,1644580751.546875,P02,D01,0,0,1
4226,1.04,1644580751.5625,P02,D01,0,0,1
4227,1.1,1644580751.578125,P02,D01,0,0,1
4228,1.26,1644580751.59375,P02,D01,0,0,1
4229,1.47,1644580751.609375,P02,D01,0,0,1
4230,1.59,1644580751.625,P02,D01,0,0,1
4231,1.53,1644580751.640625,P02,D01,0,0,1
4232,1.3,1644580751.65625,P02,D01,0,0,1
4233,0.96,1644580751.671875,P02,D01,0,0,1
4234,0.59,1644580751.6875,P02,D01,0,0,1
4235,0.25,1644580751.703125,P02,D01,0,0,1
4236,-0.07,1644580751.71875,P02,D01,0,0,1
4237,-0.37,1644580751.734375,P02,D01,0,0,1
4238,-0.62,1644580751.75,P02,D01,0,0,1
4239,-0.75,1644580751.765625,P02,D01,0,0,1
4240,-0.7,1644580751.78125,P02,D01,0,0,1
4241,-0.49,1644580751.796875,P02,D01,0,0,1
4242,-0.21,1644580751.8125,P02,D01,0,0,1
4243,-0.01,1644580751.828125,P02,D01,0,0,1
4244,0.03,1644580751.84375,P02,D01,0,0,1
4245,-0.1,1644580751.859375,P02,D01,0,0,1
4246,-0.31,1644580751.875,P02,D01,0,0,1
4247,-0.5,1644580751.890625,P02,D01,0,0,1
4248,-0.56,1644580751.90625,P02,D01,0,0,1
4249,-0.47,1644580751.921875,P02,D01,0,0,1
4250,-0.3,1644580751.9375,P02,D01,0,0,1
4251,-0.11,1644580751.953125,P02,D01,0,0,1
4252,0.03,1644580751.96875,P02,D01,0,0,1
4253,0.06,1644580751.984375,P02,D01,0,0,1
4254,-0.03,1644580752.0,P02,D01,0,0,1
4255,-0.24,1644580752.015625,P02,D01,0,0,1
4256,-0.54,1644580752.03125,P02,D01,0,0,1
4257,-0.85,1644580752.046875,P02,D01,0,0,1
4258,-1.09,1644580752.0625,P02,D01,0,0,1
4259,-1.18,1644580752.078125,P02,D01,0,0,1
4260,-1.12,1644580752.09375,P02,D01,0,0,1
4261,-0.93,1644580752.109375,P02,D01,0,0,1
4262,-0.69,1644580752.125,P02,D01,0,0,1
4263,-0.46,1644580752.140625,P02,D01,0,0,1
4264,-0.25,1644580752.15625,P02,D01,0,0,1
4265,-0.06,1644580752.171875,P02,D01,0,0,1
4266,0.13,1644580752.1875,P02,D01,0,0,1
4267,0.31,1644580752.203125,P02,D01,0,0,1
4268,0.44,1644580752.21875,P02,D01,0,0,1
4269,0.47,1644580752.234375,P02,D01,0,0,1
4270,0.39,1644580752.25,P02,D01,0,0,1
4271,0.21,1644580752.265625,P02,D01,0,0,1
4272,0.01,1644580752.28125,P02,D01,0,0,1
4273,-0.16,1644580752.296875,P02,D01,0,0,1
4274,-0.24,1644580752.3125,P02,D01,0,0,1
4275,-0.23,1644580752.328125,P02,D01,0,0,1
4276,-0.15,1644580752.34375,P02,D01,0,0,1
4277,-0.01,1644580752.359375,P02,D01,0,0,1
4278,0.2,1644580752.375,P02,D01,0,0,1
4279,0.45,1644580752.390625,P02,D01,0,0,1
4280,0.71,1644580752.40625,P02,D01,0,0,1
4281,0.91,1644580752.421875,P02,D01,0,0,1
4282,0.99,1644580752.4375,P02,D01,0,0,1
4283,0.95,1644580752.453125,P02,D01,0,0,1
4284,0.82,1644580752.46875,P02,D01,0,0,1
4285,0.69,1644580752.484375,P02,D01,0,0,1
4286,0.63,1644580752.5,P02,D01,0,0,1
4287,0.67,1644580752.515625,P02,D01,0,0,1
4288,0.72,1644580752.53125,P02,D01,0,0,1
4289,0.7,1644580752.546875,P02,D01,0,0,1
4290,0.52,1644580752.5625,P02,D01,0,0,1
4291,0.18,1644580752.578125,P02,D01,0,0,1
4292,-0.25,1644580752.59375,P02,D01,0,0,1
4293,-0.62,1644580752.609375,P02,D01,0,0,1
4294,-0.81,1644580752.625,P02,D01,0,0,1
4295,-0.77,1644580752.640625,P02,D01,0,0,1
4296,-0.54,1644580752.65625,P02,D01,0,0,1
4297,-0.22,1644580752.671875,P02,D01,0,0,1
4298,0.11,1644580752.6875,P02,D01,0,0,1
4299,0.38,1644580752.703125,P02,D01,0,0,1
4300,0.59,1644580752.71875,P02,D01,0,0,1
4301,0.75,1644580752.734375,P02,D01,0,0,1
4302,0.87,1644580752.75,P02,D01,0,0,1
4303,0.92,1644580752.765625,P02,D01,0,0,1
4304,0.85,1644580752.78125,P02,D01,0,0,1
4305,0.62,1644580752.796875,P02,D01,0,0,1
4306,0.23,1644580752.8125,P02,D01,0,0,1
4307,-0.25,1644580752.828125,P02,D01,0,0,1
4308,-0.72,1644580752.84375,P02,D01,0,0,1
4309,-1.07,1644580752.859375,P02,D01,0,0,1
4310,-1.22,1644580752.875,P02,D01,0,0,1
4311,-1.19,1644580752.890625,P02,D01,0,0,1
4312,-1.01,1644580752.90625,P02,D01,0,0,1
4313,-0.77,1644580752.921875,P02,D01,0,0,1
4314,-0.54,1644580752.9375,P02,D01,0,0,1
4315,-0.37,1644580752.953125,P02,D01,0,0,1
4316,-0.28,1644580752.96875,P02,D01,0,0,1
4317,-0.25,1644580752.984375,P02,D01,0,0,1
4318,-0.26,1644580753.0,P02,D01,0,0,1
4319,-0.32,1644580753.015625,P02,D01,0,0,1
4320,-0.46,1644580753.03125,P02,D01,0,0,1
4321,-0.69,1644580753.046875,P02,D01,0,0,1
4322,-1.01,1644580753.0625,P02,D01,0,0,1
4323,-1.33,1644580753.078125,P02,D01,0,0,1
4324,-1.55,1644580753.09375,P02,D01,0,0,1
4325,-1.57,1644580753.109375,P02,D01,0,0,1
4326,-1.33,1644580753.125,P02,D01,0,0,1
4327,-0.88,1644580753.140625,P02,D01,0,0,1
4328,-0.33,1644580753.15625,P02,D01,0,0,1
4329,0.19,1644580753.171875,P02,D01,0,0,1
4330,0.56,1644580753.1875,P02,D01,0,0,1
4331,0.77,1644580753.203125,P02,D01,0,0,1
4332,0.85,1644580753.21875,P02,D01,0,0,1
4333,0.88,1644580753.234375,P02,D01,0,0,1
4334,0.89,1644580753.25,P02,D01,0,0,1
4335,0.91,1644580753.265625,P02,D01,0,0,1
4336,0.91,1644580753.28125,P02,D01,0,0,1
4337,0.88,1644580753.296875,P02,D01,0,0,1
4338,0.82,1644580753.3125,P02,D01,0,0,1
4339,0.77,1644580753.328125,P02,D01,0,0,1
4340,0.79,1644580753.34375,P02,D01,0,0,1
4341,0.91,1644580753.359375,P02,D01,0,0,1
4342,1.11,1644580753.375,P02,D01,0,0,1
4343,1.36,1644580753.390625,P02,D01,0,0,1
4344,1.55,1644580753.40625,P02,D01,0,0,1
4345,1.61,1644580753.421875,P02,D01,0,0,1
4346,1.51,1644580753.4375,P02,D01,0,0,1
4347,1.26,1644580753.453125,P02,D01,0,0,1
4348,0.95,1644580753.46875,P02,D01,0,0,1
4349,0.67,1644580753.484375,P02,D01,0,0,1
4350,0.53,1644580753.5,P02,D01,0,0,1
4351,0.53,1644580753.515625,P02,D01,0,0,1
4352,0.63,1644580753.53125,P02,D01,0,0,1
4353,0.73,1644580753.546875,P02,D01,0,0,1
4354,0.75,1644580753.5625,P02,D01,0,0,1
4355,0.64,1644580753.578125,P02,D01,0,0,1
4356,0.41,1644580753.59375,P02,D01,0,0,1
4357,0.14,1644580753.609375,P02,D01,0,0,1
4358,-0.12,1644580753.625,P02,D01,0,0,1
4359,-0.32,1644580753.640625,P02,D01,0,0,1
4360,-0.48,1644580753.65625,P02,D01,0,0,1
4361,-0.63,1644580753.671875,P02,D01,0,0,1
4362,-0.76,1644580753.6875,P02,D01,0,0,1
4363,-0.83,1644580753.703125,P02,D01,0,0,1
4364,-0.79,1644580753.71875,P02,D01,0,0,1
4365,-0.61,1644580753.734375,P02,D01,0,0,1
4366,-0.35,1644580753.75,P02,D01,0,0,1
4367,-0.08,1644580753.765625,P02,D01,0,0,1
4368,0.08,1644580753.78125,P02,D01,0,0,1
4369,0.07,1644580753.796875,P02,D01,0,0,1
4370,-0.08,1644580753.8125,P02,D01,0,0,1
4371,-0.26,1644580753.828125,P02,D01,0,0,1
4372,-0.4,1644580753.84375,P02,D01,0,0,1
4373,-0.45,1644580753.859375,P02,D01,0,0,1
4374,-0.43,1644580753.875,P02,D01,0,0,1
4375,-0.4,1644580753.890625,P02,D01,0,0,1
4376,-0.41,1644580753.90625,P02,D01,0,0,1
4377,-0.48,1644580753.921875,P02,D01,0,0,1
4378,-0.52,1644580753.9375,P02,D01,0,0,1
4379,-0.48,1644580753.953125,P02,D01,0,0,1
4380,-0.34,1644580753.96875,P02,D01,0,0,1
4381,-0.11,1644580753.984375,P02,D01,0,0,1
4382,0.13,1644580754.0,P02,D01,0,0,1
4383,0.29,1644580754.015625,P02,D01,0,0,1
4384,0.36,1644580754.03125,P02,D01,0,0,1
4385,0.34,1644580754.046875,P02,D01,0,0,1
4386,0.3,1644580754.0625,P02,D01,0,0,1
4387,0.31,1644580754.078125,P02,D01,0,0,1
4388,0.37,1644580754.09375,P02,D01,0,0,1
4389,0.45,1644580754.109375,P02,D01,0,0,1
4390,0.49,1644580754.125,P02,D01,0,0,1
4391,0.46,1644580754.140625,P02,D01,0,0,1
4392,0.37,1644580754.15625,P02,D01,0,0,1
4393,0.23,1644580754.171875,P02,D01,0,0,1
4394,0.11,1644580754.1875,P02,D01,0,0,1
4395,0.0,1644580754.203125,P02,D01,0,0,1
4396,-0.1,1644580754.21875,P02,D01,0,0,1
4397,-0.22,1644580754.234375,P02,D01,0,0,1
4398,-0.38,1644580754.25,P02,D01,0,0,1
4399,-0.58,1644580754.265625,P02,D01,0,0,1
4400,-0.74,1644580754.28125,P02,D01,0,0,1
4401,-0.83,1644580754.296875,P02,D01,0,0,1
4402,-0.81,1644580754.3125,P02,D01,0,0,1
4403,-0.7,1644580754.328125,P02,D01,0,0,1
4404,-0.55,1644580754.34375,P02,D01,0,0,1
4405,-0.42,1644580754.359375,P02,D01,0,0,1
4406,-0.36,1644580754.375,P02,D01,0,0,1
4407,-0.34,1644580754.390625,P02,D01,0,0,1
4408,-0.36,1644580754.40625,P02,D01,0,0,1
4409,-0.36,1644580754.421875,P02,D01,0,0,1
4410,-0.32,1644580754.4375,P02,D01,0,0,1
4411,-0.24,1644580754.453125,P02,D01,0,0,1
4412,-0.12,1644580754.46875,P02,D01,0,0,1
4413,0.01,1644580754.484375,P02,D01,0,0,1
4414,0.13,1644580754.5,P02,D01,0,0,1
4415,0.22,1644580754.515625,P02,D01,0,0,1
4416,0.25,1644580754.53125,P02,D01,0,0,1
4417,0.21,1644580754.546875,P02,D01,0,0,1
4418,0.07,1644580754.5625,P02,D01,0,0,1
4419,-0.16,1644580754.578125,P02,D01,0,0,1
4420,-0.41,1644580754.59375,P02,D01,0,0,1
4421,-0.62,1644580754.609375,P02,D01,0,0,1
4422,-0.7,1644580754.625,P02,D01,0,0,1
4423,-0.62,1644580754.640625,P02,D01,0,0,1
4424,-0.39,1644580754.65625,P02,D01,0,0,1
4425,-0.11,1644580754.671875,P02,D01,0,0,1
4426,0.13,1644580754.6875,P02,D01,0,0,1
4427,0.26,1644580754.703125,P02,D01,0,0,1
4428,0.27,1644580754.71875,P02,D01,0,0,1
4429,0.22,1644580754.734375,P02,D01,0,0,1
4430,0.16,1644580754.75,P02,D01,0,0,1
4431,0.16,1644580754.765625,P02,D01,0,0,1
4432,0.18,1644580754.78125,P02,D01,0,0,1
4433,0.19,1644580754.796875,P02,D01,0,0,1
4434,0.12,1644580754.8125,P02,D01,0,0,1
4435,-0.04,1644580754.828125,P02,D01,0,0,1
4436,-0.25,1644580754.84375,P02,D01,0,0,1
4437,-0.43,1644580754.859375,P02,D01,0,0,1
4438,-0.51,1644580754.875,P02,D01,0,0,1
4439,-0.42,1644580754.890625,P02,D01,0,0,1
4440,-0.19,1644580754.90625,P02,D01,0,0,1
4441,0.13,1644580754.921875,P02,D01,0,0,1
4442,0.45,1644580754.9375,P02,D01,0,0,1
4443,0.71,1644580754.953125,P02,D01,0,0,1
4444,0.87,1644580754.96875,P02,D01,0,0,1
4445,0.93,1644580754.984375,P02,D01,0,0,1
4446,0.95,1644580755.0,P02,D01,0,0,1
4447,0.94,1644580755.015625,P02,D01,0,0,1
4448,0.92,1644580755.03125,P02,D01,0,0,1
4449,0.89,1644580755.046875,P02,D01,0,0,1
4450,0.81,1644580755.0625,P02,D01,0,0,1
4451,0.66,1644580755.078125,P02,D01,0,0,1
4452,0.44,1644580755.09375,P02,D01,0,0,1
4453,0.19,1644580755.109375,P02,D01,0,0,1
4454,-0.01,1644580755.125,P02,D01,0,0,1
4455,-0.08,1644580755.140625,P02,D01,0,0,1
4456,-0.02,1644580755.15625,P02,D01,0,0,1
4457,0.13,1644580755.171875,P02,D01,0,0,1
4458,0.25,1644580755.1875,P02,D01,0,0,1
4459,0.25,1644580755.203125,P02,D01,0,0,1
4460,0.09,1644580755.21875,P02,D01,0,0,1
4461,-0.2,1644580755.234375,P02,D01,0,0,1
4462,-0.51,1644580755.25,P02,D01,0,0,1
4463,-0.76,1644580755.265625,P02,D01,0,0,1
4464,-0.91,1644580755.28125,P02,D01,0,0,1
4465,-0.93,1644580755.296875,P02,D01,0,0,1
4466,-0.87,1644580755.3125,P02,D01,0,0,1
4467,-0.73,1644580755.328125,P02,D01,0,0,1
4468,-0.55,1644580755.34375,P02,D01,0,0,1
4469,-0.34,1644580755.359375,P02,D01,0,0,1
4470,-0.15,1644580755.375,P02,D01,0,0,1
4471,-0.03,1644580755.390625,P02,D01,0,0,1
4472,0.01,1644580755.40625,P02,D01,0,0,1
4473,-0.03,1644580755.421875,P02,D01,0,0,1
4474,-0.1,1644580755.4375,P02,D01,0,0,1
4475,-0.16,1644580755.453125,P02,D01,0,0,1
4476,-0.18,1644580755.46875,P02,D01,0,0,1
4477,-0.17,1644580755.484375,P02,D01,0,0,1
4478,-0.16,1644580755.5,P02,D01,0,0,1
4479,-0.16,1644580755.515625,P02,D01,0,0,1
4480,-0.17,1644580755.53125,P02,D01,0,0,1
4481,-0.15,1644580755.546875,P02,D01,0,0,1
4482,-0.1,1644580755.5625,P02,D01,0,0,1
4483,-0.06,1644580755.578125,P02,D01,0,0,1
4484,-0.07,1644580755.59375,P02,D01,0,0,1
4485,-0.13,1644580755.609375,P02,D01,0,0,1
4486,-0.25,1644580755.625,P02,D01,0,0,1
4487,-0.36,1644580755.640625,P02,D01,0,0,1
4488,-0.45,1644580755.65625,P02,D01,0,0,1
4489,-0.49,1644580755.671875,P02,D01,0,0,1
4490,-0.51,1644580755.6875,P02,D01,0,0,1
4491,-0.54,1644580755.703125,P02,D01,0,0,1
4492,-0.59,1644580755.71875,P02,D01,0,0,1
4493,-0.66,1644580755.734375,P02,D01,0,0,1
4494,-0.74,1644580755.75,P02,D01,0,0,1
4495,-0.81,1644580755.765625,P02,D01,0,0,1
4496,-0.83,1644580755.78125,P02,D01,0,0,1
4497,-0.79,1644580755.796875,P02,D01,0,0,1
4498,-0.64,1644580755.8125,P02,D01,0,0,1
4499,-0.41,1644580755.828125,P02,D01,0,0,1
4500,-0.12,1644580755.84375,P02,D01,0,0,1
4501,0.15,1644580755.859375,P02,D01,0,0,1
4502,0.29,1644580755.875,P02,D01,0,0,1
4503,0.26,1644580755.890625,P02,D01,0,0,1
4504,0.04,1644580755.90625,P02,D01,0,0,1
4505,-0.3,1644580755.921875,P02,D01,0,0,1
4506,-0.65,1644580755.9375,P02,D01,0,0,1
4507,-0.9,1644580755.953125,P02,D01,0,0,1
4508,-0.96,1644580755.96875,P02,D01,0,0,1
4509,-0.8,1644580755.984375,P02,D01,0,0,1
4510,-0.48,1644580756.0,P02,D01,0,0,1
4511,-0.07,1644580756.015625,P02,D01,0,0,1
4512,0.28,1644580756.03125,P02,D01,0,0,1
4513,0.48,1644580756.046875,P02,D01,0,0,1
4514,0.48,1644580756.0625,P02,D01,0,0,1
4515,0.33,1644580756.078125,P02,D01,0,0,1
4516,0.16,1644580756.09375,P02,D01,0,0,1
4517,0.1,1644580756.109375,P02,D01,0,0,1
4518,0.22,1644580756.125,P02,D01,0,0,1
4519,0.5,1644580756.140625,P02,D01,0,0,1
4520,0.81,1644580756.15625,P02,D01,0,0,1
4521,1.0,1644580756.171875,P02,D01,0,0,1
4522,1.0,1644580756.1875,P02,D01,0,0,1
4523,0.85,1644580756.203125,P02,D01,0,0,1
4524,0.63,1644580756.21875,P02,D01,0,0,1
4525,0.45,1644580756.234375,P02,D01,0,0,1
4526,0.36,1644580756.25,P02,D01,0,0,1
4527,0.33,1644580756.265625,P02,D01,0,0,1
4528,0.32,1644580756.28125,P02,D01,0,0,1
4529,0.3,1644580756.296875,P02,D01,0,0,1
4530,0.28,1644580756.3125,P02,D01,0,0,1
4531,0.28,1644580756.328125,P02,D01,0,0,1
4532,0.3,1644580756.34375,P02,D01,0,0,1
4533,0.29,1644580756.359375,P02,D01,0,0,1
4534,0.22,1644580756.375,P02,D01,0,0,1
4535,0.07,1644580756.390625,P02,D01,0,0,1
4536,-0.12,1644580756.40625,P02,D01,0,0,1
4537,-0.29,1644580756.421875,P02,D01,0,0,1
4538,-0.34,1644580756.4375,P02,D01,0,0,1
4539,-0.26,1644580756.453125,P02,D01,0,0,1
4540,-0.07,1644580756.46875,P02,D01,0,0,1
4541,0.18,1644580756.484375,P02,D01,0,0,1
4542,0.4,1644580756.5,P02,D01,0,0,1
4543,0.52,1644580756.515625,P02,D01,0,0,1
4544,0.51,1644580756.53125,P02,D01,0,0,1
4545,0.36,1644580756.546875,P02,D01,0,0,1
4546,0.11,1644580756.5625,P02,D01,0,0,1
4547,-0.17,1644580756.578125,P02,D01,0,0,1
4548,-0.39,1644580756.59375,P02,D01,0,0,1
4549,-0.47,1644580756.609375,P02,D01,0,0,1
4550,-0.39,1644580756.625,P02,D01,0,0,1
4551,-0.15,1644580756.640625,P02,D01,0,0,1
4552,0.18,1644580756.65625,P02,D01,0,0,1
4553,0.51,1644580756.671875,P02,D01,0,0,1
4554,0.8,1644580756.6875,P02,D01,0,0,1
4555,1.01,1644580756.703125,P02,D01,0,0,1
4556,1.13,1644580756.71875,P02,D01,0,0,1
4557,1.18,1644580756.734375,P02,D01,0,0,1
4558,1.18,1644580756.75,P02,D01,0,0,1
4559,1.14,1644580756.765625,P02,D01,0,0,1
4560,1.08,1644580756.78125,P02,D01,0,0,1
4561,1.02,1644580756.796875,P02,D01,0,0,1
4562,0.95,1644580756.8125,P02,D01,0,0,1
4563,0.9,1644580756.828125,P02,D01,0,0,1
4564,0.86,1644580756.84375,P02,D01,0,0,1
4565,0.83,1644580756.859375,P02,D01,0,0,1
4566,0.78,1644580756.875,P02,D01,0,0,1
4567,0.67,1644580756.890625,P02,D01,0,0,1
4568,0.48,1644580756.90625,P02,D01,0,0,1
4569,0.17,1644580756.921875,P02,D01,0,0,1
4570,-0.24,1644580756.9375,P02,D01,0,0,1
4571,-0.71,1644580756.953125,P02,D01,0,0,1
4572,-1.15,1644580756.96875,P02,D01,0,0,1
4573,-1.51,1644580756.984375,P02,D01,0,0,1
4574,-1.7,1644580757.0,P02,D01,0,0,1
4575,-1.71,1644580757.015625,P02,D01,0,0,1
4576,-1.53,1644580757.03125,P02,D01,0,0,1
4577,-1.22,1644580757.046875,P02,D01,0,0,1
4578,-0.87,1644580757.0625,P02,D01,0,0,1
4579,-0.57,1644580757.078125,P02,D01,0,0,1
4580,-0.36,1644580757.09375,P02,D01,0,0,1
4581,-0.27,1644580757.109375,P02,D01,0,0,1
4582,-0.26,1644580757.125,P02,D01,0,0,1
4583,-0.29,1644580757.140625,P02,D01,0,0,1
4584,-0.32,1644580757.15625,P02,D01,0,0,1
4585,-0.36,1644580757.171875,P02,D01,0,0,1
4586,-0.41,1644580757.1875,P02,D01,0,0,1
4587,-0.49,1644580757.203125,P02,D01,0,0,1
4588,-0.56,1644580757.21875,P02,D01,0,0,1
4589,-0.58,1644580757.234375,P02,D01,0,0,1
4590,-0.49,1644580757.25,P02,D01,0,0,1
4591,-0.28,1644580757.265625,P02,D01,0,0,1
4592,-0.01,1644580757.28125,P02,D01,0,0,1
4593,0.21,1644580757.296875,P02,D01,0,0,1
4594,0.28,1644580757.3125,P02,D01,0,0,1
4595,0.2,1644580757.328125,P02,D01,0,0,1
4596,0.05,1644580757.34375,P02,D01,0,0,1
4597,-0.05,1644580757.359375,P02,D01,0,0,1
4598,0.01,1644580757.375,P02,D01,0,0,1
4599,0.22,1644580757.390625,P02,D01,0,0,1
4600,0.49,1644580757.40625,P02,D01,0,0,1
4601,0.69,1644580757.421875,P02,D01,0,0,1
4602,0.74,1644580757.4375,P02,D01,0,0,1
4603,0.65,1644580757.453125,P02,D01,0,0,1
4604,0.5,1644580757.46875,P02,D01,0,0,1
4605,0.36,1644580757.484375,P02,D01,0,0,1
4606,0.28,1644580757.5,P02,D01,0,0,1
4607,0.21,1644580757.515625,P02,D01,0,0,1
4608,0.1,1644580757.53125,P02,D01,0,0,1
4609,-0.07,1644580757.546875,P02,D01,0,0,1
4610,-0.24,1644580757.5625,P02,D01,0,0,1
4611,-0.31,1644580757.578125,P02,D01,0,0,1
4612,-0.24,1644580757.59375,P02,D01,0,0,1
4613,-0.05,1644580757.609375,P02,D01,0,0,1
4614,0.14,1644580757.625,P02,D01,0,0,1
4615,0.2,1644580757.640625,P02,D01,0,0,1
4616,0.08,1644580757.65625,P02,D01,0,0,1
4617,-0.18,1644580757.671875,P02,D01,0,0,1
4618,-0.43,1644580757.6875,P02,D01,0,0,1
4619,-0.48,1644580757.703125,P02,D01,0,0,1
4620,-0.26,1644580757.71875,P02,D01,0,0,1
4621,0.17,1644580757.734375,P02,D01,0,0,1
4622,0.66,1644580757.75,P02,D01,0,0,1
4623,0.98,1644580757.765625,P02,D01,0,0,1
4624,1.01,1644580757.78125,P02,D01,0,0,1
4625,0.74,1644580757.796875,P02,D01,0,0,1
4626,0.33,1644580757.8125,P02,D01,0,0,1
4627,-0.02,1644580757.828125,P02,D01,0,0,1
4628,-0.14,1644580757.84375,P02,D01,0,0,1
4629,0.04,1644580757.859375,P02,D01,0,0,1
4630,0.45,1644580757.875,P02,D01,0,0,1
4631,0.94,1644580757.890625,P02,D01,0,0,1
4632,1.35,1644580757.90625,P02,D01,0,0,1
4633,1.55,1644580757.921875,P02,D01,0,0,1
4634,1.5,1644580757.9375,P02,D01,0,0,1
4635,1.23,1644580757.953125,P02,D01,0,0,1
4636,0.81,1644580757.96875,P02,D01,0,0,1
4637,0.34,1644580757.984375,P02,D01,0,0,1
4638,-0.11,1644580758.0,P02,D01,0,0,1
4639,-0.46,1644580758.015625,P02,D01,0,0,1
4640,-0.68,1644580758.03125,P02,D01,0,0,1
4641,-0.81,1644580758.046875,P02,D01,0,0,1
4642,-0.87,1644580758.0625,P02,D01,0,0,1
4643,-0.9,1644580758.078125,P02,D01,0,0,1
4644,-0.9,1644580758.09375,P02,D01,0,0,1
4645,-0.87,1644580758.109375,P02,D01,0,0,1
4646,-0.76,1644580758.125,P02,D01,0,0,1
4647,-0.56,1644580758.140625,P02,D01,0,0,1
4648,-0.31,1644580758.15625,P02,D01,0,0,1
4649,-0.08,1644580758.171875,P02,D01,0,0,1
4650,0.03,1644580758.1875,P02,D01,0,0,1
4651,0.02,1644580758.203125,P02,D01,0,0,1
4652,-0.1,1644580758.21875,P02,D01,0,0,1
4653,-0.23,1644580758.234375,P02,D01,0,0,1
4654,-0.3,1644580758.25,P02,D01,0,0,1
4655,-0.31,1644580758.265625,P02,D01,0,0,1
4656,-0.3,1644580758.28125,P02,D01,0,0,1
4657,-0.33,1644580758.296875,P02,D01,0,0,1
4658,-0.44,1644580758.3125,P02,D01,0,0,1
4659,-0.55,1644580758.328125,P02,D01,0,0,1
4660,-0.55,1644580758.34375,P02,D01,0,0,1
4661,-0.36,1644580758.359375,P02,D01,0,0,1
4662,0.02,1644580758.375,P02,D01,0,0,1
4663,0.42,1644580758.390625,P02,D01,0,0,1
4664,0.68,1644580758.40625,P02,D01,0,0,1
4665,0.66,1644580758.421875,P02,D01,0,0,1
4666,0.37,1644580758.4375,P02,D01,0,0,1
4667,-0.04,1644580758.453125,P02,D01,0,0,1
4668,-0.33,1644580758.46875,P02,D01,0,0,1
4669,-0.34,1644580758.484375,P02,D01,0,0,1
4670,-0.07,1644580758.5,P02,D01,0,0,1
4671,0.34,1644580758.515625,P02,D01,0,0,1
4672,0.67,1644580758.53125,P02,D01,0,0,1
4673,0.75,1644580758.546875,P02,D01,0,0,1
4674,0.57,1644580758.5625,P02,D01,0,0,1
4675,0.24,1644580758.578125,P02,D01,0,0,1
4676,-0.06,1644580758.59375,P02,D01,0,0,1
4677,-0.18,1644580758.609375,P02,D01,0,0,1
4678,-0.11,1644580758.625,P02,D01,0,0,1
4679,0.04,1644580758.640625,P02,D01,0,0,1
4680,0.12,1644580758.65625,P02,D01,0,0,1
4681,0.04,1644580758.671875,P02,D01,0,0,1
4682,-0.18,1644580758.6875,P02,D01,0,0,1
4683,-0.43,1644580758.703125,P02,D01,0,0,1
4684,-0.55,1644580758.71875,P02,D01,0,0,1
4685,-0.49,1644580758.734375,P02,D01,0,0,1
4686,-0.28,1644580758.75,P02,D01,0,0,1
4687,-0.03,1644580758.765625,P02,D01,0,0,1
4688,0.15,1644580758.78125,P02,D01,0,0,1
4689,0.24,1644580758.796875,P02,D01,0,0,1
4690,0.29,1644580758.8125,P02,D01,0,0,1
4691,0.38,1644580758.828125,P02,D01,0,0,1
4692,0.56,1644580758.84375,P02,D01,0,0,1
4693,0.78,1644580758.859375,P02,D01,0,0,1
4694,0.95,1644580758.875,P02,D01,0,0,1
4695,0.95,1644580758.890625,P02,D01,0,0,1
4696,0.77,1644580758.90625,P02,D01,0,0,1
4697,0.46,1644580758.921875,P02,D01,0,0,1
4698,0.14,1644580758.9375,P02,D01,0,0,1
4699,-0.12,1644580758.953125,P02,D01,0,0,1
4700,-0.29,1644580758.96875,P02,D01,0,0,1
4701,-0.41,1644580758.984375,P02,D01,0,0,1
4702,-0.52,1644580759.0,P02,D01,0,0,1
4703,-0.64,1644580759.015625,P02,D01,0,0,1
4704,-0.72,1644580759.03125,P02,D01,0,0,1
4705,-0.66,1644580759.046875,P02,D01,0,0,1
4706,-0.42,1644580759.0625,P02,D01,0,0,1
4707,-0.04,1644580759.078125,P02,D01,0,0,1
4708,0.36,1644580759.09375,P02,D01,0,0,1
4709,0.62,1644580759.109375,P02,D01,0,0,1
4710,0.65,1644580759.125,P02,D01,0,0,1
4711,0.43,1644580759.140625,P02,D01,0,0,1
4712,0.05,1644580759.15625,P02,D01,0,0,1
4713,-0.35,1644580759.171875,P02,D01,0,0,1
4714,-0.62,1644580759.1875,P02,D01,0,0,1
4715,-0.7,1644580759.203125,P02,D01,0,0,1
4716,-0.6,1644580759.21875,P02,D01,0,0,1
4717,-0.39,1644580759.234375,P02,D01,0,0,1
4718,-0.15,1644580759.25,P02,D01,0,0,1
4719,0.07,1644580759.265625,P02,D01,0,0,1
4720,0.26,1644580759.28125,P02,D01,0,0,1
4721,0.46,1644580759.296875,P02,D01,0,0,1
4722,0.69,1644580759.3125,P02,D01,0,0,1
4723,0.92,1644580759.328125,P02,D01,0,0,1
4724,1.08,1644580759.34375,P02,D01,0,0,1
4725,1.05,1644580759.359375,P02,D01,0,0,1
4726,0.77,1644580759.375,P02,D01,0,0,1
4727,0.27,1644580759.390625,P02,D01,0,0,1
4728,-0.28,1644580759.40625,P02,D01,0,0,1
4729,-0.69,1644580759.421875,P02,D01,0,0,1
4730,-0.82,1644580759.4375,P02,D01,0,0,1
4731,-0.64,1644580759.453125,P02,D01,0,0,1
4732,-0.29,1644580759.46875,P02,D01,0,0,1
4733,0.02,1644580759.484375,P02,D01,0,0,1
4734,0.15,1644580759.5,P02,D01,0,0,1
4735,0.06,1644580759.515625,P02,D01,0,0,1
4736,-0.17,1644580759.53125,P02,D01,0,0,1
4737,-0.4,1644580759.546875,P02,D01,0,0,1
4738,-0.54,1644580759.5625,P02,D01,0,0,1
4739,-0.55,1644580759.578125,P02,D01,0,0,1
4740,-0.49,1644580759.59375,P02,D01,0,0,1
4741,-0.39,1644580759.609375,P02,D01,0,0,1
4742,-0.31,1644580759.625,P02,D01,0,0,1
4743,-0.26,1644580759.640625,P02,D01,0,0,1
4744,-0.26,1644580759.65625,P02,D01,0,0,1
4745,-0.32,1644580759.671875,P02,D01,0,0,1
4746,-0.46,1644580759.6875,P02,D01,0,0,1
4747,-0.64,1644580759.703125,P02,D01,0,0,1
4748,-0.82,1644580759.71875,P02,D01,0,0,1
4749,-0.91,1644580759.734375,P02,D01,0,0,1
4750,-0.85,1644580759.75,P02,D01,0,0,1
4751,-0.62,1644580759.765625,P02,D01,0,0,1
4752,-0.27,1644580759.78125,P02,D01,0,0,1
4753,0.12,1644580759.796875,P02,D01,0,0,1
4754,0.43,1644580759.8125,P02,D01,0,0,1
4755,0.58,1644580759.828125,P02,D01,0,0,1
4756,0.51,1644580759.84375,P02,D01,0,0,1
4757,0.25,1644580759.859375,P02,D01,0,0,1
4758,-0.11,1644580759.875,P02,D01,0,0,1
4759,-0.42,1644580759.890625,P02,D01,0,0,1
4760,-0.59,1644580759.90625,P02,D01,0,0,1
4761,-0.53,1644580759.921875,P02,D01,0,0,1
4762,-0.27,1644580759.9375,P02,D01,0,0,1
4763,0.1,1644580759.953125,P02,D01,0,0,1
4764,0.44,1644580759.96875,P02,D01,0,0,1
4765,0.66,1644580759.984375,P02,D01,0,0,1
4766,0.73,1644580760.0,P02,D01,0,0,1
4767,0.63,1644580760.015625,P02,D01,0,0,1
4768,0.42,1644580760.03125,P02,D01,0,0,1
4769,0.13,1644580760.046875,P02,D01,0,0,1
4770,-0.19,1644580760.0625,P02,D01,0,0,1
4771,-0.5,1644580760.078125,P02,D01,0,0,1
4772,-0.71,1644580760.09375,P02,D01,0,0,1
4773,-0.77,1644580760.109375,P02,D01,0,0,1
4774,-0.63,1644580760.125,P02,D01,0,0,1
4775,-0.34,1644580760.140625,P02,D01,0,0,1
4776,0.02,1644580760.15625,P02,D01,0,0,1
4777,0.29,1644580760.171875,P02,D01,0,0,1
4778,0.35,1644580760.1875,P02,D01,0,0,1
4779,0.16,1644580760.203125,P02,D01,0,0,1
4780,-0.2,1644580760.21875,P02,D01,0,0,1
4781,-0.57,1644580760.234375,P02,D01,0,0,1
4782,-0.78,1644580760.25,P02,D01,0,0,1
4783,-0.76,1644580760.265625,P02,D01,0,0,1
4784,-0.53,1644580760.28125,P02,D01,0,0,1
4785,-0.23,1644580760.296875,P02,D01,0,0,1
4786,-0.0,1644580760.3125,P02,D01,0,0,1
4787,0.08,1644580760.328125,P02,D01,0,0,1
4788,0.02,1644580760.34375,P02,D01,0,0,1
4789,-0.11,1644580760.359375,P02,D01,0,0,1
4790,-0.2,1644580760.375,P02,D01,0,0,1
4791,-0.2,1644580760.390625,P02,D01,0,0,1
4792,-0.15,1644580760.40625,P02,D01,0,0,1
4793,-0.07,1644580760.421875,P02,D01,0,0,1
4794,-0.02,1644580760.4375,P02,D01,0,0,1
4795,0.02,1644580760.453125,P02,D01,0,0,1
4796,0.06,1644580760.46875,P02,D01,0,0,1
4797,0.16,1644580760.484375,P02,D01,0,0,1
4798,0.36,1644580760.5,P02,D01,0,0,1
4799,0.63,1644580760.515625,P02,D01,0,0,1
4800,0.91,1644580760.53125,P02,D01,0,0,1
4801,1.11,1644580760.546875,P02,D01,0,0,1
4802,1.19,1644580760.5625,P02,D01,0,0,1
4803,1.12,1644580760.578125,P02,D01,0,0,1
4804,0.95,1644580760.59375,P02,D01,0,0,1
4805,0.75,1644580760.609375,P02,D01,0,0,1
4806,0.56,1644580760.625,P02,D01,0,0,1
4807,0.41,1644580760.640625,P02,D01,0,0,1
4808,0.27,1644580760.65625,P02,D01,0,0,1
4809,0.11,1644580760.671875,P02,D01,0,0,1
4810,-0.08,1644580760.6875,P02,D01,0,0,1
4811,-0.29,1644580760.703125,P02,D01,0,0,1
4812,-0.47,1644580760.71875,P02,D01,0,0,1
4813,-0.63,1644580760.734375,P02,D01,0,0,1
4814,-0.77,1644580760.75,P02,D01,0,0,1
4815,-0.86,1644580760.765625,P02,D01,0,0,1
4816,-0.89,1644580760.78125,P02,D01,0,0,1
4817,-0.77,1644580760.796875,P02,D01,0,0,1
4818,-0.46,1644580760.8125,P02,D01,0,0,1
4819,0.04,1644580760.828125,P02,D01,0,0,1
4820,0.62,1644580760.84375,P02,D01,0,0,1
4821,1.12,1644580760.859375,P02,D01,0,0,1
4822,1.39,1644580760.875,P02,D01,0,0,1
4823,1.37,1644580760.890625,P02,D01,0,0,1
4824,1.1,1644580760.90625,P02,D01,0,0,1
4825,0.74,1644580760.921875,P02,D01,0,0,1
4826,0.42,1644580760.9375,P02,D01,0,0,1
4827,0.21,1644580760.953125,P02,D01,0,0,1
4828,0.11,1644580760.96875,P02,D01,0,0,1
4829,0.06,1644580760.984375,P02,D01,0,0,1
4830,0.01,1644580761.0,P02,D01,0,0,1
4831,-0.04,1644580761.015625,P02,D01,0,0,1
4832,-0.04,1644580761.03125,P02,D01,0,0,1
4833,0.03,1644580761.046875,P02,D01,0,0,1
4834,0.18,1644580761.0625,P02,D01,0,0,1
4835,0.35,1644580761.078125,P02,D01,0,0,1
4836,0.45,1644580761.09375,P02,D01,0,0,1
4837,0.45,1644580761.109375,P02,D01,0,0,1
4838,0.36,1644580761.125,P02,D01,0,0,1
4839,0.22,1644580761.140625,P02,D01,0,0,1
4840,0.1,1644580761.15625,P02,D01,0,0,1
4841,0.02,1644580761.171875,P02,D01,0,0,1
4842,-0.06,1644580761.1875,P02,D01,0,0,1
4843,-0.17,1644580761.203125,P02,D01,0,0,1
4844,-0.31,1644580761.21875,P02,D01,0,0,1
4845,-0.48,1644580761.234375,P02,D01,0,0,1
4846,-0.61,1644580761.25,P02,D01,0,0,1
4847,-0.64,1644580761.265625,P02,D01,0,0,1
4848,-0.55,1644580761.28125,P02,D01,0,0,1
4849,-0.36,1644580761.296875,P02,D01,0,0,1
4850,-0.15,1644580761.3125,P02,D01,0,0,1
4851,-0.02,1644580761.328125,P02,D01,0,0,1
4852,-0.03,1644580761.34375,P02,D01,0,0,1
4853,-0.21,1644580761.359375,P02,D01,0,0,1
4854,-0.48,1644580761.375,P02,D01,0,0,1
4855,-0.73,1644580761.390625,P02,D01,0,0,1
4856,-0.86,1644580761.40625,P02,D01,0,0,1
4857,-0.81,1644580761.421875,P02,D01,0,0,1
4858,-0.62,1644580761.4375,P02,D01,0,0,1
4859,-0.36,1644580761.453125,P02,D01,0,0,1
4860,-0.1,1644580761.46875,P02,D01,0,0,1
4861,0.11,1644580761.484375,P02,D01,0,0,1
4862,0.27,1644580761.5,P02,D01,0,0,1
4863,0.41,1644580761.515625,P02,D01,0,0,1
4864,0.51,1644580761.53125,P02,D01,0,0,1
4865,0.53,1644580761.546875,P02,D01,0,0,1
4866,0.43,1644580761.5625,P02,D01,0,0,1
4867,0.18,1644580761.578125,P02,D01,0,0,1
4868,-0.17,1644580761.59375,P02,D01,0,0,1
4869,-0.54,1644580761.609375,P02,D01,0,0,1
4870,-0.82,1644580761.625,P02,D01,0,0,1
4871,-0.94,1644580761.640625,P02,D01,0,0,1
4872,-0.89,1644580761.65625,P02,D01,0,0,1
4873,-0.74,1644580761.671875,P02,D01,0,0,1
4874,-0.6,1644580761.6875,P02,D01,0,0,1
4875,-0.57,1644580761.703125,P02,D01,0,0,1
4876,-0.69,1644580761.71875,P02,D01,0,0,1
4877,-0.89,1644580761.734375,P02,D01,0,0,1
4878,-1.04,1644580761.75,P02,D01,0,0,1
4879,-1.04,1644580761.765625,P02,D01,0,0,1
4880,-0.86,1644580761.78125,P02,D01,0,0,1
4881,-0.54,1644580761.796875,P02,D01,0,0,1
4882,-0.2,1644580761.8125,P02,D01,0,0,1
4883,0.08,1644580761.828125,P02,D01,0,0,1
4884,0.28,1644580761.84375,P02,D01,0,0,1
4885,0.4,1644580761.859375,P02,D01,0,0,1
4886,0.46,1644580761.875,P02,D01,0,0,1
4887,0.47,1644580761.890625,P02,D01,0,0,1
4888,0.4,1644580761.90625,P02,D01,0,0,1
4889,0.25,1644580761.921875,P02,D01,0,0,1
4890,0.02,1644580761.9375,P02,D01,0,0,1
4891,-0.2,1644580761.953125,P02,D01,0,0,1
4892,-0.33,1644580761.96875,P02,D01,0,0,1
4893,-0.32,1644580761.984375,P02,D01,0,0,1
4894,-0.17,1644580762.0,P02,D01,0,0,1
4895,0.07,1644580762.015625,P02,D01,0,0,1
4896,0.36,1644580762.03125,P02,D01,0,0,1
4897,0.61,1644580762.046875,P02,D01,0,0,1
4898,0.79,1644580762.0625,P02,D01,0,0,1
4899,0.86,1644580762.078125,P02,D01,0,0,1
4900,0.79,1644580762.09375,P02,D01,0,0,1
4901,0.61,1644580762.109375,P02,D01,0,0,1
4902,0.35,1644580762.125,P02,D01,0,0,1
4903,0.1,1644580762.140625,P02,D01,0,0,1
4904,-0.11,1644580762.15625,P02,D01,0,0,1
4905,-0.22,1644580762.171875,P02,D01,0,0,1
4906,-0.26,1644580762.1875,P02,D01,0,0,1
4907,-0.22,1644580762.203125,P02,D01,0,0,1
4908,-0.11,1644580762.21875,P02,D01,0,0,1
4909,0.06,1644580762.234375,P02,D01,0,0,1
4910,0.27,1644580762.25,P02,D01,0,0,1
4911,0.47,1644580762.265625,P02,D01,0,0,1
4912,0.58,1644580762.28125,P02,D01,0,0,1
4913,0.51,1644580762.296875,P02,D01,0,0,1
4914,0.26,1644580762.3125,P02,D01,0,0,1
4915,-0.13,1644580762.328125,P02,D01,0,0,1
4916,-0.53,1644580762.34375,P02,D01,0,0,1
4917,-0.82,1644580762.359375,P02,D01,0,0,1
4918,-0.89,1644580762.375,P02,D01,0,0,1
4919,-0.72,1644580762.390625,P02,D01,0,0,1
4920,-0.4,1644580762.40625,P02,D01,0,0,1
4921,-0.03,1644580762.421875,P02,D01,0,0,1
4922,0.24,1644580762.4375,P02,D01,0,0,1
4923,0.32,1644580762.453125,P02,D01,0,0,1
4924,0.2,1644580762.46875,P02,D01,0,0,1
4925,-0.08,1644580762.484375,P02,D01,0,0,1
4926,-0.39,1644580762.5,P02,D01,0,0,1
4927,-0.57,1644580762.515625,P02,D01,0,0,1
4928,-0.53,1644580762.53125,P02,D01,0,0,1
4929,-0.24,1644580762.546875,P02,D01,0,0,1
4930,0.21,1644580762.5625,P02,D01,0,0,1
4931,0.66,1644580762.578125,P02,D01,0,0,1
4932,0.98,1644580762.59375,P02,D01,0,0,1
4933,1.11,1644580762.609375,P02,D01,0,0,1
4934,1.07,1644580762.625,P02,D01,0,0,1
4935,0.94,1644580762.640625,P02,D01,0,0,1
4936,0.79,1644580762.65625,P02,D01,0,0,1
4937,0.63,1644580762.671875,P02,D01,0,0,1
4938,0.43,1644580762.6875,P02,D01,0,0,1
4939,0.2,1644580762.703125,P02,D01,0,0,1
4940,0.01,1644580762.71875,P02,D01,0,0,1
4941,-0.03,1644580762.734375,P02,D01,0,0,1
4942,0.16,1644580762.75,P02,D01,0,0,1
4943,0.53,1644580762.765625,P02,D01,0,0,1
4944,0.91,1644580762.78125,P02,D01,0,0,1
4945,1.06,1644580762.796875,P02,D01,0,0,1
4946,0.85,1644580762.8125,P02,D01,0,0,1
4947,0.32,1644580762.828125,P02,D01,0,0,1
4948,-0.3,1644580762.84375,P02,D01,0,0,1
4949,-0.71,1644580762.859375,P02,D01,0,0,1
4950,-0.73,1644580762.875,P02,D01,0,0,1
4951,-0.36,1644580762.890625,P02,D01,0,0,1
4952,0.19,1644580762.90625,P02,D01,0,0,1
4953,0.65,1644580762.921875,P02,D01,0,0,1
4954,0.83,1644580762.9375,P02,D01,0,0,1
4955,0.72,1644580762.953125,P02,D01,0,0,1
4956,0.45,1644580762.96875,P02,D01,0,0,1
4957,0.2,1644580762.984375,P02,D01,0,0,1
4958,0.06,1644580763.0,P02,D01,0,0,1
4959,-0.01,1644580763.015625,P02,D01,0,0,1
4960,-0.09,1644580763.03125,P02,D01,0,0,1
4961,-0.21,1644580763.046875,P02,D01,0,0,1
4962,-0.34,1644580763.0625,P02,D01,0,0,1
4963,-0.37,1644580763.078125,P02,D01,0,0,1
4964,-0.24,1644580763.09375,P02,D01,0,0,1
4965,0.03,1644580763.109375,P02,D01,0,0,1
4966,0.29,1644580763.125,P02,D01,0,0,1
4967,0.39,1644580763.140625,P02,D01,0,0,1
4968,0.26,1644580763.15625,P02,D01,0,0,1
4969,-0.05,1644580763.171875,P02,D01,0,0,1
4970,-0.4,1644580763.1875,P02,D01,0,0,1
4971,-0.65,1644580763.203125,P02,D01,0,0,1
4972,-0.74,1644580763.21875,P02,D01,0,0,1
4973,-0.71,1644580763.234375,P02,D01,0,0,1
4974,-0.64,1644580763.25,P02,D01,0,0,1
4975,-0.58,1644580763.265625,P02,D01,0,0,1
4976,-0.55,1644580763.28125,P02,D01,0,0,1
4977,-0.51,1644580763.296875,P02,D01,0,0,1
4978,-0.43,1644580763.3125,P02,D01,0,0,1
4979,-0.32,1644580763.328125,P02,D01,0,0,1
4980,-0.23,1644580763.34375,P02,D01,0,0,1
4981,-0.18,1644580763.359375,P02,D01,0,0,1
4982,-0.15,1644580763.375,P02,D01,0,0,1
4983,-0.1,1644580763.390625,P02,D01,0,0,1
4984,0.04,1644580763.40625,P02,D01,0,0,1
4985,0.28,1644580763.421875,P02,D01,0,0,1
4986,0.57,1644580763.4375,P02,D01,0,0,1
4987,0.78,1644580763.453125,P02,D01,0,0,1
4988,0.82,1644580763.46875,P02,D01,0,0,1
4989,0.63,1644580763.484375,P02,D01,0,0,1
4990,0.26,1644580763.5,P02,D01,0,0,1
4991,-0.16,1644580763.515625,P02,D01,0,0,1
4992,-0.52,1644580763.53125,P02,D01,0,0,1
4993,-0.71,1644580763.546875,P02,D01,0,0,1
4994,-0.72,1644580763.5625,P02,D01,0,0,1
4995,-0.58,1644580763.578125,P02,D01,0,0,1
4996,-0.37,1644580763.59375,P02,D01,0,0,1
4997,-0.13,1644580763.609375,P02,D01,0,0,1
4998,0.08,1644580763.625,P02,D01,0,0,1
4999,0.25,1644580763.640625,P02,D01,0,0,1
5000,0.38,1644580763.65625,P02,D01,0,0,1
5001,0.46,1644580763.671875,P02,D01,0,0,1
5002,0.49,1644580763.6875,P02,D01,0,0,1
5003,0.46,1644580763.703125,P02,D01,0,0,1
5004,0.4,1644580763.71875,P02,D01,0,0,1
5005,0.31,1644580763.734375,P02,D01,0,0,1
5006,0.21,1644580763.75,P02,D01,0,0,1
5007,0.13,1644580763.765625,P02,D01,0,0,1
5008,0.08,1644580763.78125,P02,D01,0,0,1
5009,0.08,1644580763.796875,P02,D01,0,0,1
5010,0.13,1644580763.8125,P02,D01,0,0,1
5011,0.21,1644580763.828125,P02,D01,0,0,1
5012,0.28,1644580763.84375,P02,D01,0,0,1
5013,0.32,1644580763.859375,P02,D01,0,0,1
5014,0.29,1644580763.875,P02,D01,0,0,1
5015,0.24,1644580763.890625,P02,D01,0,0,1
5016,0.2,1644580763.90625,P02,D01,0,0,1
5017,0.22,1644580763.921875,P02,D01,0,0,1
5018,0.32,1644580763.9375,P02,D01,0,0,1
5019,0.44,1644580763.953125,P02,D01,0,0,1
5020,0.51,1644580763.96875,P02,D01,0,0,1
5021,0.49,1644580763.984375,P02,D01,0,0,1
5022,0.4,1644580764.0,P02,D01,0,0,1
5023,0.31,1644580764.015625,P02,D01,0,0,1
5024,0.27,1644580764.03125,P02,D01,0,0,1
5025,0.3,1644580764.046875,P02,D01,0,0,1
5026,0.33,1644580764.0625,P02,D01,0,0,1
5027,0.24,1644580764.078125,P02,D01,0,0,1
5028,-0.04,1644580764.09375,P02,D01,0,0,1
5029,-0.46,1644580764.109375,P02,D01,0,0,1
5030,-0.91,1644580764.125,P02,D01,0,0,1
5031,-1.19,1644580764.140625,P02,D01,0,0,1
5032,-1.17,1644580764.15625,P02,D01,0,0,1
5033,-0.88,1644580764.171875,P02,D01,0,0,1
5034,-0.46,1644580764.1875,P02,D01,0,0,1
5035,-0.12,1644580764.203125,P02,D01,0,0,1
5036,-0.01,1644580764.21875,P02,D01,0,0,1
5037,-0.17,1644580764.234375,P02,D01,0,0,1
5038,-0.48,1644580764.25,P02,D01,0,0,1
5039,-0.78,1644580764.265625,P02,D01,0,0,1
5040,-0.89,1644580764.28125,P02,D01,0,0,1
5041,-0.77,1644580764.296875,P02,D01,0,0,1
5042,-0.47,1644580764.3125,P02,D01,0,0,1
5043,-0.11,1644580764.328125,P02,D01,0,0,1
5044,0.18,1644580764.34375,P02,D01,0,0,1
5045,0.35,1644580764.359375,P02,D01,0,0,1
5046,0.41,1644580764.375,P02,D01,0,0,1
5047,0.41,1644580764.390625,P02,D01,0,0,1
5048,0.38,1644580764.40625,P02,D01,0,0,1
5049,0.35,1644580764.421875,P02,D01,0,0,1
5050,0.28,1644580764.4375,P02,D01,0,0,1
5051,0.16,1644580764.453125,P02,D01,0,0,1
5052,0.02,1644580764.46875,P02,D01,0,0,1
5053,-0.09,1644580764.484375,P02,D01,0,0,1
5054,-0.1,1644580764.5,P02,D01,0,0,1
5055,0.03,1644580764.515625,P02,D01,0,0,1
5056,0.31,1644580764.53125,P02,D01,0,0,1
5057,0.68,1644580764.546875,P02,D01,0,0,1
5058,1.02,1644580764.5625,P02,D01,0,0,1
5059,1.23,1644580764.578125,P02,D01,0,0,1
5060,1.25,1644580764.59375,P02,D01,0,0,1
5061,1.09,1644580764.609375,P02,D01,0,0,1
5062,0.83,1644580764.625,P02,D01,0,0,1
5063,0.59,1644580764.640625,P02,D01,0,0,1
5064,0.42,1644580764.65625,P02,D01,0,0,1
5065,0.3,1644580764.671875,P02,D01,0,0,1
5066,0.16,1644580764.6875,P02,D01,0,0,1
5067,-0.07,1644580764.703125,P02,D01,0,0,1
5068,-0.41,1644580764.71875,P02,D01,0,0,1
5069,-0.74,1644580764.734375,P02,D01,0,0,1
5070,-0.94,1644580764.75,P02,D01,0,0,1
5071,-0.88,1644580764.765625,P02,D01,0,0,1
5072,-0.58,1644580764.78125,P02,D01,0,0,1
5073,-0.15,1644580764.796875,P02,D01,0,0,1
5074,0.23,1644580764.8125,P02,D01,0,0,1
5075,0.43,1644580764.828125,P02,D01,0,0,1
5076,0.42,1644580764.84375,P02,D01,0,0,1
5077,0.29,1644580764.859375,P02,D01,0,0,1
5078,0.18,1644580764.875,P02,D01,0,0,1
5079,0.14,1644580764.890625,P02,D01,0,0,1
5080,0.17,1644580764.90625,P02,D01,0,0,1
5081,0.2,1644580764.921875,P02,D01,0,0,1
5082,0.11,1644580764.9375,P02,D01,0,0,1
5083,-0.14,1644580764.953125,P02,D01,0,0,1
5084,-0.52,1644580764.96875,P02,D01,0,0,1
5085,-0.89,1644580764.984375,P02,D01,0,0,1
5086,-1.11,1644580765.0,P02,D01,0,0,1
5087,-1.07,1644580765.015625,P02,D01,0,0,1
5088,-0.78,1644580765.03125,P02,D01,0,0,1
5089,-0.36,1644580765.046875,P02,D01,0,0,1
5090,0.01,1644580765.0625,P02,D01,0,0,1
5091,0.16,1644580765.078125,P02,D01,0,0,1
5092,0.06,1644580765.09375,P02,D01,0,0,1
5093,-0.23,1644580765.109375,P02,D01,0,0,1
5094,-0.54,1644580765.125,P02,D01,0,0,1
5095,-0.73,1644580765.140625,P02,D01,0,0,1
5096,-0.74,1644580765.15625,P02,D01,0,0,1
5097,-0.64,1644580765.171875,P02,D01,0,0,1
5098,-0.51,1644580765.1875,P02,D01,0,0,1
5099,-0.46,1644580765.203125,P02,D01,0,0,1
5100,-0.53,1644580765.21875,P02,D01,0,0,1
5101,-0.68,1644580765.234375,P02,D01,0,0,1
5102,-0.85,1644580765.25,P02,D01,0,0,1
5103,-0.97,1644580765.265625,P02,D01,0,0,1
5104,-1.03,1644580765.28125,P02,D01,0,0,1
5105,-1.0,1644580765.296875,P02,D01,0,0,1
5106,-0.88,1644580765.3125,P02,D01,0,0,1
5107,-0.68,1644580765.328125,P02,D01,0,0,1
5108,-0.43,1644580765.34375,P02,D01,0,0,1
5109,-0.16,1644580765.359375,P02,D01,0,0,1
5110,0.05,1644580765.375,P02,D01,0,0,1
5111,0.17,1644580765.390625,P02,D01,0,0,1
5112,0.18,1644580765.40625,P02,D01,0,0,1
5113,0.11,1644580765.421875,P02,D01,0,0,1
5114,0.05,1644580765.4375,P02,D01,0,0,1
5115,0.07,1644580765.453125,P02,D01,0,0,1
5116,0.2,1644580765.46875,P02,D01,0,0,1
5117,0.4,1644580765.484375,P02,D01,0,0,1
5118,0.58,1644580765.5,P02,D01,0,0,1
5119,0.64,1644580765.515625,P02,D01,0,0,1
5120,0.56,1644580765.53125,P02,D01,0,0,1
5121,0.4,1644580765.546875,P02,D01,0,0,1
5122,0.27,1644580765.5625,P02,D01,0,0,1
5123,0.29,1644580765.578125,P02,D01,0,0,1
5124,0.49,1644580765.59375,P02,D01,0,0,1
5125,0.77,1644580765.609375,P02,D01,0,0,1
5126,1.0,1644580765.625,P02,D01,0,0,1
5127,1.06,1644580765.640625,P02,D01,0,0,1
5128,0.93,1644580765.65625,P02,D01,0,0,1
5129,0.7,1644580765.671875,P02,D01,0,0,1
5130,0.46,1644580765.6875,P02,D01,0,0,1
5131,0.28,1644580765.703125,P02,D01,0,0,1
5132,0.17,1644580765.71875,P02,D01,0,0,1
5133,0.05,1644580765.734375,P02,D01,0,0,1
5134,-0.09,1644580765.75,P02,D01,0,0,1
5135,-0.25,1644580765.765625,P02,D01,0,0,1
5136,-0.4,1644580765.78125,P02,D01,0,0,1
5137,-0.46,1644580765.796875,P02,D01,0,0,1
5138,-0.44,1644580765.8125,P02,D01,0,0,1
5139,-0.33,1644580765.828125,P02,D01,0,0,1
5140,-0.18,1644580765.84375,P02,D01,0,0,1
5141,-0.04,1644580765.859375,P02,D01,0,0,1
5142,0.1,1644580765.875,P02,D01,0,0,1
5143,0.24,1644580765.890625,P02,D01,0,0,1
5144,0.42,1644580765.90625,P02,D01,0,0,1
5145,0.61,1644580765.921875,P02,D01,0,0,1
5146,0.74,1644580765.9375,P02,D01,0,0,1
5147,0.74,1644580765.953125,P02,D01,0,0,1
5148,0.57,1644580765.96875,P02,D01,0,0,1
5149,0.26,1644580765.984375,P02,D01,0,0,1
5150,-0.08,1644580766.0,P02,D01,0,0,1
5151,-0.33,1644580766.015625,P02,D01,0,0,1
5152,-0.4,1644580766.03125,P02,D01,0,0,1
5153,-0.28,1644580766.046875,P02,D01,0,0,1
5154,-0.09,1644580766.0625,P02,D01,0,0,1
5155,0.06,1644580766.078125,P02,D01,0,0,1
5156,0.09,1644580766.09375,P02,D01,0,0,1
5157,0.01,1644580766.109375,P02,D01,0,0,1
5158,-0.11,1644580766.125,P02,D01,0,0,1
5159,-0.18,1644580766.140625,P02,D01,0,0,1
5160,-0.16,1644580766.15625,P02,D01,0,0,1
5161,-0.11,1644580766.171875,P02,D01,0,0,1
5162,-0.1,1644580766.1875,P02,D01,0,0,1
5163,-0.16,1644580766.203125,P02,D01,0,0,1
5164,-0.29,1644580766.21875,P02,D01,0,0,1
5165,-0.42,1644580766.234375,P02,D01,0,0,1
5166,-0.52,1644580766.25,P02,D01,0,0,1
5167,-0.56,1644580766.265625,P02,D01,0,0,1
5168,-0.55,1644580766.28125,P02,D01,0,0,1
5169,-0.48,1644580766.296875,P02,D01,0,0,1
5170,-0.34,1644580766.3125,P02,D01,0,0,1
5171,-0.1,1644580766.328125,P02,D01,0,0,1
5172,0.22,1644580766.34375,P02,D01,0,0,1
5173,0.56,1644580766.359375,P02,D01,0,0,1
5174,0.83,1644580766.375,P02,D01,0,0,1
5175,0.93,1644580766.390625,P02,D01,0,0,1
5176,0.84,1644580766.40625,P02,D01,0,0,1
5177,0.55,1644580766.421875,P02,D01,0,0,1
5178,0.16,1644580766.4375,P02,D01,0,0,1
5179,-0.27,1644580766.453125,P02,D01,0,0,1
5180,-0.65,1644580766.46875,P02,D01,0,0,1
5181,-0.91,1644580766.484375,P02,D01,0,0,1
5182,-1.0,1644580766.5,P02,D01,0,0,1
5183,-0.9,1644580766.515625,P02,D01,0,0,1
5184,-0.59,1644580766.53125,P02,D01,0,0,1
5185,-0.14,1644580766.546875,P02,D01,0,0,1
5186,0.36,1644580766.5625,P02,D01,0,0,1
5187,0.8,1644580766.578125,P02,D01,0,0,1
5188,1.06,1644580766.59375,P02,D01,0,0,1
5189,1.07,1644580766.609375,P02,D01,0,0,1
5190,0.85,1644580766.625,P02,D01,0,0,1
5191,0.48,1644580766.640625,P02,D01,0,0,1
5192,0.07,1644580766.65625,P02,D01,0,0,1
5193,-0.29,1644580766.671875,P02,D01,0,0,1
5194,-0.52,1644580766.6875,P02,D01,0,0,1
5195,-0.64,1644580766.703125,P02,D01,0,0,1
5196,-0.7,1644580766.71875,P02,D01,0,0,1
5197,-0.71,1644580766.734375,P02,D01,0,0,1
5198,-0.67,1644580766.75,P02,D01,0,0,1
5199,-0.55,1644580766.765625,P02,D01,0,0,1
5200,-0.31,1644580766.78125,P02,D01,0,0,1
5201,0.01,1644580766.796875,P02,D01,0,0,1
5202,0.32,1644580766.8125,P02,D01,0,0,1
5203,0.51,1644580766.828125,P02,D01,0,0,1
5204,0.52,1644580766.84375,P02,D01,0,0,1
5205,0.37,1644580766.859375,P02,D01,0,0,1
5206,0.12,1644580766.875,P02,D01,0,0,1
5207,-0.12,1644580766.890625,P02,D01,0,0,1
5208,-0.28,1644580766.90625,P02,D01,0,0,1
5209,-0.35,1644580766.921875,P02,D01,0,0,1
5210,-0.35,1644580766.9375,P02,D01,0,0,1
5211,-0.34,1644580766.953125,P02,D01,0,0,1
5212,-0.31,1644580766.96875,P02,D01,0,0,1
5213,-0.29,1644580766.984375,P02,D01,0,0,1
5214,-0.29,1644580767.0,P02,D01,0,0,1
5215,-0.34,1644580767.015625,P02,D01,0,0,1
5216,-0.45,1644580767.03125,P02,D01,0,0,1
5217,-0.59,1644580767.046875,P02,D01,0,0,1
5218,-0.71,1644580767.0625,P02,D01,0,0,1
5219,-0.72,1644580767.078125,P02,D01,0,0,1
5220,-0.63,1644580767.09375,P02,D01,0,0,1
5221,-0.47,1644580767.109375,P02,D01,0,0,1
5222,-0.33,1644580767.125,P02,D01,0,0,1
5223,-0.27,1644580767.140625,P02,D01,0,0,1
5224,-0.29,1644580767.15625,P02,D01,0,0,1
5225,-0.34,1644580767.171875,P02,D01,0,0,1
5226,-0.3,1644580767.1875,P02,D01,0,0,1
5227,-0.13,1644580767.203125,P02,D01,0,0,1
5228,0.15,1644580767.21875,P02,D01,0,0,1
5229,0.49,1644580767.234375,P02,D01,0,0,1
5230,0.78,1644580767.25,P02,D01,0,0,1
5231,0.97,1644580767.265625,P02,D01,0,0,1
5232,1.03,1644580767.28125,P02,D01,0,0,1
5233,0.95,1644580767.296875,P02,D01,0,0,1
5234,0.77,1644580767.3125,P02,D01,0,0,1
5235,0.53,1644580767.328125,P02,D01,0,0,1
5236,0.29,1644580767.34375,P02,D01,0,0,1
5237,0.15,1644580767.359375,P02,D01,0,0,1
5238,0.14,1644580767.375,P02,D01,0,0,1
5239,0.26,1644580767.390625,P02,D01,0,0,1
5240,0.42,1644580767.40625,P02,D01,0,0,1
5241,0.49,1644580767.421875,P02,D01,0,0,1
5242,0.4,1644580767.4375,P02,D01,0,0,1
5243,0.14,1644580767.453125,P02,D01,0,0,1
5244,-0.16,1644580767.46875,P02,D01,0,0,1
5245,-0.37,1644580767.484375,P02,D01,0,0,1
5246,-0.38,1644580767.5,P02,D01,0,0,1
5247,-0.17,1644580767.515625,P02,D01,0,0,1
5248,0.15,1644580767.53125,P02,D01,0,0,1
5249,0.45,1644580767.546875,P02,D01,0,0,1
5250,0.65,1644580767.5625,P02,D01,0,0,1
5251,0.73,1644580767.578125,P02,D01,0,0,1
5252,0.73,1644580767.59375,P02,D01,0,0,1
5253,0.68,1644580767.609375,P02,D01,0,0,1
5254,0.54,1644580767.625,P02,D01,0,0,1
5255,0.26,1644580767.640625,P02,D01,0,0,1
5256,-0.18,1644580767.65625,P02,D01,0,0,1
5257,-0.73,1644580767.671875,P02,D01,0,0,1
5258,-1.25,1644580767.6875,P02,D01,0,0,1
5259,-1.62,1644580767.703125,P02,D01,0,0,1
5260,-1.74,1644580767.71875,P02,D01,0,0,1
5261,-1.64,1644580767.734375,P02,D01,0,0,1
5262,-1.43,1644580767.75,P02,D01,0,0,1
5263,-1.21,1644580767.765625,P02,D01,0,0,1
5264,-1.02,1644580767.78125,P02,D01,0,0,1
5265,-0.84,1644580767.796875,P02,D01,0,0,1
5266,-0.62,1644580767.8125,P02,D01,0,0,1
5267,-0.32,1644580767.828125,P02,D01,0,0,1
5268,0.01,1644580767.84375,P02,D01,0,0,1
5269,0.3,1644580767.859375,P02,D01,0,0,1
5270,0.49,1644580767.875,P02,D01,0,0,1
5271,0.56,1644580767.890625,P02,D01,0,0,1
5272,0.54,1644580767.90625,P02,D01,0,0,1
5273,0.46,1644580767.921875,P02,D01,0,0,1
5274,0.38,1644580767.9375,P02,D01,0,0,1
5275,0.3,1644580767.953125,P02,D01,0,0,1
5276,0.23,1644580767.96875,P02,D01,0,0,1
5277,0.2,1644580767.984375,P02,D01,0,0,1
5278,0.23,1644580768.0,P02,D01,0,0,1
5279,0.34,1644580768.015625,P02,D01,0,0,1
5280,0.51,1644580768.03125,P02,D01,0,0,1
5281,0.67,1644580768.046875,P02,D01,0,0,1
5282,0.72,1644580768.0625,P02,D01,0,0,1
5283,0.6,1644580768.078125,P02,D01,0,0,1
5284,0.33,1644580768.09375,P02,D01,0,0,1
5285,-0.01,1644580768.109375,P02,D01,0,0,1
5286,-0.3,1644580768.125,P02,D01,0,0,1
5287,-0.43,1644580768.140625,P02,D01,0,0,1
5288,-0.35,1644580768.15625,P02,D01,0,0,1
5289,-0.14,1644580768.171875,P02,D01,0,0,1
5290,0.14,1644580768.1875,P02,D01,0,0,1
5291,0.37,1644580768.203125,P02,D01,0,0,1
5292,0.53,1644580768.21875,P02,D01,0,0,1
5293,0.61,1644580768.234375,P02,D01,0,0,1
5294,0.66,1644580768.25,P02,D01,0,0,1
5295,0.71,1644580768.265625,P02,D01,0,0,1
5296,0.77,1644580768.28125,P02,D01,0,0,1
5297,0.83,1644580768.296875,P02,D01,0,0,1
5298,0.84,1644580768.3125,P02,D01,0,0,1
5299,0.78,1644580768.328125,P02,D01,0,0,1
5300,0.66,1644580768.34375,P02,D01,0,0,1
5301,0.52,1644580768.359375,P02,D01,0,0,1
5302,0.45,1644580768.375,P02,D01,0,0,1
5303,0.5,1644580768.390625,P02,D01,0,0,1
5304,0.65,1644580768.40625,P02,D01,0,0,1
5305,0.81,1644580768.421875,P02,D01,0,0,1
5306,0.87,1644580768.4375,P02,D01,0,0,1
5307,0.73,1644580768.453125,P02,D01,0,0,1
5308,0.42,1644580768.46875,P02,D01,0,0,1
5309,0.07,1644580768.484375,P02,D01,0,0,1
5310,-0.15,1644580768.5,P02,D01,0,0,1
5311,-0.13,1644580768.515625,P02,D01,0,0,1
5312,0.12,1644580768.53125,P02,D01,0,0,1
5313,0.46,1644580768.546875,P02,D01,0,0,1
5314,0.72,1644580768.5625,P02,D01,0,0,1
5315,0.82,1644580768.578125,P02,D01,0,0,1
5316,0.74,1644580768.59375,P02,D01,0,0,1
5317,0.56,1644580768.609375,P02,D01,0,0,1
5318,0.36,1644580768.625,P02,D01,0,0,1
5319,0.17,1644580768.640625,P02,D01,0,0,1
5320,-0.01,1644580768.65625,P02,D01,0,0,1
5321,-0.18,1644580768.671875,P02,D01,0,0,1
5322,-0.29,1644580768.6875,P02,D01,0,0,1
5323,-0.29,1644580768.703125,P02,D01,0,0,1
5324,-0.13,1644580768.71875,P02,D01,0,0,1
5325,0.13,1644580768.734375,P02,D01,0,0,1
5326,0.34,1644580768.75,P02,D01,0,0,1
5327,0.33,1644580768.765625,P02,D01,0,0,1
5328,0.02,1644580768.78125,P02,D01,0,0,1
5329,-0.52,1644580768.796875,P02,D01,0,0,1
5330,-1.09,1644580768.8125,P02,D01,0,0,1
5331,-1.5,1644580768.828125,P02,D01,0,0,1
5332,-1.63,1644580768.84375,P02,D01,0,0,1
5333,-1.49,1644580768.859375,P02,D01,0,0,1
5334,-1.22,1644580768.875,P02,D01,0,0,1
5335,-0.94,1644580768.890625,P02,D01,0,0,1
5336,-0.74,1644580768.90625,P02,D01,0,0,1
5337,-0.6,1644580768.921875,P02,D01,0,0,1
5338,-0.49,1644580768.9375,P02,D01,0,0,1
5339,-0.38,1644580768.953125,P02,D01,0,0,1
5340,-0.31,1644580768.96875,P02,D01,0,0,1
5341,-0.31,1644580768.984375,P02,D01,0,0,1
5342,-0.38,1644580769.0,P02,D01,0,0,1
5343,-0.44,1644580769.015625,P02,D01,0,0,1
5344,-0.4,1644580769.03125,P02,D01,0,0,1
5345,-0.15,1644580769.046875,P02,D01,0,0,1
5346,0.31,1644580769.0625,P02,D01,0,0,1
5347,0.89,1644580769.078125,P02,D01,0,0,1
5348,1.46,1644580769.09375,P02,D01,0,0,1
5349,1.88,1644580769.109375,P02,D01,0,0,1
5350,2.1,1644580769.125,P02,D01,0,0,1
5351,2.11,1644580769.140625,P02,D01,0,0,1
5352,1.96,1644580769.15625,P02,D01,0,0,1
5353,1.7,1644580769.171875,P02,D01,0,0,1
5354,1.42,1644580769.1875,P02,D01,0,0,1
5355,1.18,1644580769.203125,P02,D01,0,0,1
5356,1.04,1644580769.21875,P02,D01,0,0,1
5357,1.02,1644580769.234375,P02,D01,0,0,1
5358,1.09,1644580769.25,P02,D01,0,0,1
5359,1.2,1644580769.265625,P02,D01,0,0,1
5360,1.3,1644580769.28125,P02,D01,0,0,1
5361,1.34,1644580769.296875,P02,D01,0,0,1
5362,1.33,1644580769.3125,P02,D01,0,0,1
5363,1.29,1644580769.328125,P02,D01,0,0,1
5364,1.23,1644580769.34375,P02,D01,0,0,1
5365,1.14,1644580769.359375,P02,D01,0,0,1
5366,1.0,1644580769.375,P02,D01,0,0,1
5367,0.78,1644580769.390625,P02,D01,0,0,1
5368,0.51,1644580769.40625,P02,D01,0,0,1
5369,0.23,1644580769.421875,P02,D01,0,0,1
5370,0.02,1644580769.4375,P02,D01,0,0,1
5371,-0.12,1644580769.453125,P02,D01,0,0,1
5372,-0.24,1644580769.46875,P02,D01,0,0,1
5373,-0.41,1644580769.484375,P02,D01,0,0,1
5374,-0.69,1644580769.5,P02,D01,0,0,1
5375,-1.07,1644580769.515625,P02,D01,0,0,1
5376,-1.49,1644580769.53125,P02,D01,0,0,1
5377,-1.86,1644580769.546875,P02,D01,0,0,1
5378,-2.16,1644580769.5625,P02,D01,0,0,1
5379,-2.4,1644580769.578125,P02,D01,0,0,1
5380,-2.63,1644580769.59375,P02,D01,0,0,1
5381,-2.89,1644580769.609375,P02,D01,0,0,1
5382,-3.12,1644580769.625,P02,D01,0,0,1
5383,-3.24,1644580769.640625,P02,D01,0,0,1
5384,-3.16,1644580769.65625,P02,D01,0,0,1
5385,-2.85,1644580769.671875,P02,D01,0,0,1
5386,-2.4,1644580769.6875,P02,D01,0,0,1
5387,-1.94,1644580769.703125,P02,D01,0,0,1
5388,-1.59,1644580769.71875,P02,D01,0,0,1
5389,-1.39,1644580769.734375,P02,D01,0,0,1
5390,-1.33,1644580769.75,P02,D01,0,0,1
5391,-1.36,1644580769.765625,P02,D01,0,0,1
5392,-1.39,1644580769.78125,P02,D01,0,0,1
5393,-1.39,1644580769.796875,P02,D01,0,0,1
5394,-1.36,1644580769.8125,P02,D01,0,0,1
5395,-1.27,1644580769.828125,P02,D01,0,0,1
5396,-1.14,1644580769.84375,P02,D01,0,0,1
5397,-0.96,1644580769.859375,P02,D01,0,0,1
5398,-0.73,1644580769.875,P02,D01,0,0,1
5399,-0.45,1644580769.890625,P02,D01,0,0,1
5400,-0.15,1644580769.90625,P02,D01,0,0,1
5401,0.12,1644580769.921875,P02,D01,0,0,1
5402,0.33,1644580769.9375,P02,D01,0,0,1
5403,0.42,1644580769.953125,P02,D01,0,0,1
5404,0.38,1644580769.96875,P02,D01,0,0,1
5405,0.22,1644580769.984375,P02,D01,0,0,1
5406,-0.0,1644580770.0,P02,D01,0,0,1
5407,-0.19,1644580770.015625,P02,D01,0,0,1
5408,-0.26,1644580770.03125,P02,D01,0,0,1
5409,-0.19,1644580770.046875,P02,D01,0,0,1
5410,0.02,1644580770.0625,P02,D01,0,0,1
5411,0.28,1644580770.078125,P02,D01,0,0,1
5412,0.5,1644580770.09375,P02,D01,0,0,1
5413,0.63,1644580770.109375,P02,D01,0,0,1
5414,0.66,1644580770.125,P02,D01,0,0,1
5415,0.62,1644580770.140625,P02,D01,0,0,1
5416,0.56,1644580770.15625,P02,D01,0,0,1
5417,0.54,1644580770.171875,P02,D01,0,0,1
5418,0.6,1644580770.1875,P02,D01,0,0,1
5419,0.77,1644580770.203125,P02,D01,0,0,1
5420,1.05,1644580770.21875,P02,D01,0,0,1
5421,1.44,1644580770.234375,P02,D01,0,0,1
5422,1.9,1644580770.25,P02,D01,0,0,1
5423,2.36,1644580770.265625,P02,D01,0,0,1
5424,2.71,1644580770.28125,P02,D01,0,0,1
5425,2.87,1644580770.296875,P02,D01,0,0,1
5426,2.77,1644580770.3125,P02,D01,0,0,1
5427,2.45,1644580770.328125,P02,D01,0,0,1
5428,2.0,1644580770.34375,P02,D01,0,0,1
5429,1.54,1644580770.359375,P02,D01,0,0,1
5430,1.17,1644580770.375,P02,D01,0,0,1
5431,0.95,1644580770.390625,P02,D01,0,0,1
5432,0.9,1644580770.40625,P02,D01,0,0,1
5433,0.98,1644580770.421875,P02,D01,0,0,1
5434,1.15,1644580770.4375,P02,D01,0,0,1
5435,1.37,1644580770.453125,P02,D01,0,0,1
5436,1.55,1644580770.46875,P02,D01,0,0,1
5437,1.6,1644580770.484375,P02,D01,0,0,1
5438,1.47,1644580770.5,P02,D01,0,0,1
5439,1.14,1644580770.515625,P02,D01,0,0,1
5440,0.65,1644580770.53125,P02,D01,0,0,1
5441,0.12,1644580770.546875,P02,D01,0,0,1
5442,-0.33,1644580770.5625,P02,D01,0,0,1
5443,-0.62,1644580770.578125,P02,D01,0,0,1
5444,-0.76,1644580770.59375,P02,D01,0,0,1
5445,-0.8,1644580770.609375,P02,D01,0,0,1
5446,-0.81,1644580770.625,P02,D01,0,0,1
5447,-0.84,1644580770.640625,P02,D01,0,0,1
5448,-0.9,1644580770.65625,P02,D01,0,0,1
5449,-0.94,1644580770.671875,P02,D01,0,0,1
5450,-0.95,1644580770.6875,P02,D01,0,0,1
5451,-0.92,1644580770.703125,P02,D01,0,0,1
5452,-0.9,1644580770.71875,P02,D01,0,0,1
5453,-0.92,1644580770.734375,P02,D01,0,0,1
5454,-1.03,1644580770.75,P02,D01,0,0,1
5455,-1.17,1644580770.765625,P02,D01,0,0,1
5456,-1.28,1644580770.78125,P02,D01,0,0,1
5457,-1.29,1644580770.796875,P02,D01,0,0,1
5458,-1.15,1644580770.8125,P02,D01,0,0,1
5459,-0.89,1644580770.828125,P02,D01,0,0,1
5460,-0.6,1644580770.84375,P02,D01,0,0,1
5461,-0.38,1644580770.859375,P02,D01,0,0,1
5462,-0.29,1644580770.875,P02,D01,0,0,1
5463,-0.33,1644580770.890625,P02,D01,0,0,1
5464,-0.4,1644580770.90625,P02,D01,0,0,1
5465,-0.4,1644580770.921875,P02,D01,0,0,1
5466,-0.24,1644580770.9375,P02,D01,0,0,1
5467,0.09,1644580770.953125,P02,D01,0,0,1
5468,0.53,1644580770.96875,P02,D01,0,0,1
5469,0.96,1644580770.984375,P02,D01,0,0,1
5470,1.26,1644580771.0,P02,D01,0,0,1
5471,1.38,1644580771.015625,P02,D01,0,0,1
5472,1.33,1644580771.03125,P02,D01,0,0,1
5473,1.14,1644580771.046875,P02,D01,0,0,1
5474,0.88,1644580771.0625,P02,D01,0,0,1
5475,0.61,1644580771.078125,P02,D01,0,0,1
5476,0.33,1644580771.09375,P02,D01,0,0,1
5477,0.06,1644580771.109375,P02,D01,0,0,1
5478,-0.2,1644580771.125,P02,D01,0,0,1
5479,-0.42,1644580771.140625,P02,D01,0,0,1
5480,-0.59,1644580771.15625,P02,D01,0,0,1
5481,-0.68,1644580771.171875,P02,D01,0,0,1
5482,-0.68,1644580771.1875,P02,D01,0,0,1
5483,-0.62,1644580771.203125,P02,D01,0,0,1
5484,-0.51,1644580771.21875,P02,D01,0,0,1
5485,-0.38,1644580771.234375,P02,D01,0,0,1
5486,-0.26,1644580771.25,P02,D01,0,0,1
5487,-0.19,1644580771.265625,P02,D01,0,0,1
5488,-0.19,1644580771.28125,P02,D01,0,0,1
5489,-0.26,1644580771.296875,P02,D01,0,0,1
5490,-0.36,1644580771.3125,P02,D01,0,0,1
5491,-0.46,1644580771.328125,P02,D01,0,0,1
5492,-0.5,1644580771.34375,P02,D01,0,0,1
5493,-0.48,1644580771.359375,P02,D01,0,0,1
5494,-0.42,1644580771.375,P02,D01,0,0,1
5495,-0.35,1644580771.390625,P02,D01,0,0,1
5496,-0.32,1644580771.40625,P02,D01,0,0,1
5497,-0.34,1644580771.421875,P02,D01,0,0,1
5498,-0.41,1644580771.4375,P02,D01,0,0,1
5499,-0.51,1644580771.453125,P02,D01,0,0,1
5500,-0.6,1644580771.46875,P02,D01,0,0,1
5501,-0.67,1644580771.484375,P02,D01,0,0,1
5502,-0.69,1644580771.5,P02,D01,0,0,1
5503,-0.66,1644580771.515625,P02,D01,0,0,1
5504,-0.57,1644580771.53125,P02,D01,0,0,1
5505,-0.42,1644580771.546875,P02,D01,0,0,1
5506,-0.25,1644580771.5625,P02,D01,0,0,1
5507,-0.1,1644580771.578125,P02,D01,0,0,1
5508,0.0,1644580771.59375,P02,D01,0,0,1
5509,0.06,1644580771.609375,P02,D01,0,0,1
5510,0.11,1644580771.625,P02,D01,0,0,1
5511,0.19,1644580771.640625,P02,D01,0,0,1
5512,0.3,1644580771.65625,P02,D01,0,0,1
5513,0.42,1644580771.671875,P02,D01,0,0,1
5514,0.49,1644580771.6875,P02,D01,0,0,1
5515,0.43,1644580771.703125,P02,D01,0,0,1
5516,0.24,1644580771.71875,P02,D01,0,0,1
5517,-0.06,1644580771.734375,P02,D01,0,0,1
5518,-0.39,1644580771.75,P02,D01,0,0,1
5519,-0.67,1644580771.765625,P02,D01,0,0,1
5520,-0.82,1644580771.78125,P02,D01,0,0,1
5521,-0.81,1644580771.796875,P02,D01,0,0,1
5522,-0.68,1644580771.8125,P02,D01,0,0,1
5523,-0.46,1644580771.828125,P02,D01,0,0,1
5524,-0.25,1644580771.84375,P02,D01,0,0,1
5525,-0.11,1644580771.859375,P02,D01,0,0,1
5526,-0.06,1644580771.875,P02,D01,0,0,1
5527,-0.08,1644580771.890625,P02,D01,0,0,1
5528,-0.13,1644580771.90625,P02,D01,0,0,1
5529,-0.16,1644580771.921875,P02,D01,0,0,1
5530,-0.18,1644580771.9375,P02,D01,0,0,1
5531,-0.21,1644580771.953125,P02,D01,0,0,1
5532,-0.28,1644580771.96875,P02,D01,0,0,1
5533,-0.39,1644580771.984375,P02,D01,0,0,1
5534,-0.5,1644580772.0,P02,D01,0,0,1
5535,-0.53,1644580772.015625,P02,D01,0,0,1
5536,-0.48,1644580772.03125,P02,D01,0,0,1
5537,-0.35,1644580772.046875,P02,D01,0,0,1
5538,-0.19,1644580772.0625,P02,D01,0,0,1
5539,-0.04,1644580772.078125,P02,D01,0,0,1
5540,0.11,1644580772.09375,P02,D01,0,0,1
5541,0.31,1644580772.109375,P02,D01,0,0,1
5542,0.56,1644580772.125,P02,D01,0,0,1
5543,0.85,1644580772.140625,P02,D01,0,0,1
5544,1.1,1644580772.15625,P02,D01,0,0,1
5545,1.21,1644580772.171875,P02,D01,0,0,1
5546,1.18,1644580772.1875,P02,D01,0,0,1
5547,1.02,1644580772.203125,P02,D01,0,0,1
5548,0.84,1644580772.21875,P02,D01,0,0,1
5549,0.7,1644580772.234375,P02,D01,0,0,1
5550,0.63,1644580772.25,P02,D01,0,0,1
5551,0.59,1644580772.265625,P02,D01,0,0,1
5552,0.57,1644580772.28125,P02,D01,0,0,1
5553,0.52,1644580772.296875,P02,D01,0,0,1
5554,0.47,1644580772.3125,P02,D01,0,0,1
5555,0.47,1644580772.328125,P02,D01,0,0,1
5556,0.56,1644580772.34375,P02,D01,0,0,1
5557,0.7,1644580772.359375,P02,D01,0,0,1
5558,0.83,1644580772.375,P02,D01,0,0,1
5559,0.86,1644580772.390625,P02,D01,0,0,1
5560,0.73,1644580772.40625,P02,D01,0,0,1
5561,0.45,1644580772.421875,P02,D01,0,0,1
5562,0.09,1644580772.4375,P02,D01,0,0,1
5563,-0.24,1644580772.453125,P02,D01,0,0,1
5564,-0.46,1644580772.46875,P02,D01,0,0,1
5565,-0.52,1644580772.484375,P02,D01,0,0,1
5566,-0.46,1644580772.5,P02,D01,0,0,1
5567,-0.34,1644580772.515625,P02,D01,0,0,1
5568,-0.22,1644580772.53125,P02,D01,0,0,1
5569,-0.16,1644580772.546875,P02,D01,0,0,1
5570,-0.19,1644580772.5625,P02,D01,0,0,1
5571,-0.31,1644580772.578125,P02,D01,0,0,1
5572,-0.5,1644580772.59375,P02,D01,0,0,1
5573,-0.69,1644580772.609375,P02,D01,0,0,1
5574,-0.81,1644580772.625,P02,D01,0,0,1
5575,-0.81,1644580772.640625,P02,D01,0,0,1
5576,-0.68,1644580772.65625,P02,D01,0,0,1
5577,-0.5,1644580772.671875,P02,D01,0,0,1
5578,-0.35,1644580772.6875,P02,D01,0,0,1
5579,-0.3,1644580772.703125,P02,D01,0,0,1
5580,-0.36,1644580772.71875,P02,D01,0,0,1
5581,-0.48,1644580772.734375,P02,D01,0,0,1
5582,-0.56,1644580772.75,P02,D01,0,0,1
5583,-0.52,1644580772.765625,P02,D01,0,0,1
5584,-0.36,1644580772.78125,P02,D01,0,0,1
5585,-0.12,1644580772.796875,P02,D01,0,0,1
5586,0.1,1644580772.8125,P02,D01,0,0,1
5587,0.25,1644580772.828125,P02,D01,0,0,1
5588,0.29,1644580772.84375,P02,D01,0,0,1
5589,0.25,1644580772.859375,P02,D01,0,0,1
5590,0.19,1644580772.875,P02,D01,0,0,1
5591,0.15,1644580772.890625,P02,D01,0,0,1
5592,0.18,1644580772.90625,P02,D01,0,0,1
5593,0.27,1644580772.921875,P02,D01,0,0,1
5594,0.37,1644580772.9375,P02,D01,0,0,1
5595,0.45,1644580772.953125,P02,D01,0,0,1
5596,0.44,1644580772.96875,P02,D01,0,0,1
5597,0.35,1644580772.984375,P02,D01,0,0,1
5598,0.18,1644580773.0,P02,D01,0,0,1
5599,-0.03,1644580773.015625,P02,D01,0,0,1
5600,-0.24,1644580773.03125,P02,D01,0,0,1
5601,-0.43,1644580773.046875,P02,D01,0,0,1
5602,-0.6,1644580773.0625,P02,D01,0,0,1
5603,-0.74,1644580773.078125,P02,D01,0,0,1
5604,-0.82,1644580773.09375,P02,D01,0,0,1
5605,-0.82,1644580773.109375,P02,D01,0,0,1
5606,-0.74,1644580773.125,P02,D01,0,0,1
5607,-0.59,1644580773.140625,P02,D01,0,0,1
5608,-0.44,1644580773.15625,P02,D01,0,0,1
5609,-0.34,1644580773.171875,P02,D01,0,0,1
5610,-0.32,1644580773.1875,P02,D01,0,0,1
5611,-0.38,1644580773.203125,P02,D01,0,0,1
5612,-0.47,1644580773.21875,P02,D01,0,0,1
5613,-0.51,1644580773.234375,P02,D01,0,0,1
5614,-0.45,1644580773.25,P02,D01,0,0,1
5615,-0.26,1644580773.265625,P02,D01,0,0,1
5616,0.07,1644580773.28125,P02,D01,0,0,1
5617,0.5,1644580773.296875,P02,D01,0,0,1
5618,0.95,1644580773.3125,P02,D01,0,0,1
5619,1.32,1644580773.328125,P02,D01,0,0,1
5620,1.51,1644580773.34375,P02,D01,0,0,1
5621,1.44,1644580773.359375,P02,D01,0,0,1
5622,1.1,1644580773.375,P02,D01,0,0,1
5623,0.56,1644580773.390625,P02,D01,0,0,1
5624,-0.05,1644580773.40625,P02,D01,0,0,1
5625,-0.55,1644580773.421875,P02,D01,0,0,1
5626,-0.82,1644580773.4375,P02,D01,0,0,1
5627,-0.8,1644580773.453125,P02,D01,0,0,1
5628,-0.53,1644580773.46875,P02,D01,0,0,1
5629,-0.15,1644580773.484375,P02,D01,0,0,1
5630,0.18,1644580773.5,P02,D01,0,0,1
5631,0.34,1644580773.515625,P02,D01,0,0,1
5632,0.32,1644580773.53125,P02,D01,0,0,1
5633,0.14,1644580773.546875,P02,D01,0,0,1
5634,-0.08,1644580773.5625,P02,D01,0,0,1
5635,-0.24,1644580773.578125,P02,D01,0,0,1
5636,-0.28,1644580773.59375,P02,D01,0,0,1
5637,-0.21,1644580773.609375,P02,D01,0,0,1
5638,-0.08,1644580773.625,P02,D01,0,0,1
5639,0.01,1644580773.640625,P02,D01,0,0,1
5640,0.03,1644580773.65625,P02,D01,0,0,1
5641,-0.04,1644580773.671875,P02,D01,0,0,1
5642,-0.18,1644580773.6875,P02,D01,0,0,1
5643,-0.31,1644580773.703125,P02,D01,0,0,1
5644,-0.39,1644580773.71875,P02,D01,0,0,1
5645,-0.39,1644580773.734375,P02,D01,0,0,1
5646,-0.27,1644580773.75,P02,D01,0,0,1
5647,-0.06,1644580773.765625,P02,D01,0,0,1
5648,0.22,1644580773.78125,P02,D01,0,0,1
5649,0.51,1644580773.796875,P02,D01,0,0,1
5650,0.76,1644580773.8125,P02,D01,0,0,1
5651,0.89,1644580773.828125,P02,D01,0,0,1
5652,0.84,1644580773.84375,P02,D01,0,0,1
5653,0.64,1644580773.859375,P02,D01,0,0,1
5654,0.35,1644580773.875,P02,D01,0,0,1
5655,0.07,1644580773.890625,P02,D01,0,0,1
5656,-0.11,1644580773.90625,P02,D01,0,0,1
5657,-0.15,1644580773.921875,P02,D01,0,0,1
5658,-0.09,1644580773.9375,P02,D01,0,0,1
5659,0.01,1644580773.953125,P02,D01,0,0,1
5660,0.09,1644580773.96875,P02,D01,0,0,1
5661,0.16,1644580773.984375,P02,D01,0,0,1
5662,0.25,1644580774.0,P02,D01,0,0,1
5663,0.42,1644580774.015625,P02,D01,0,0,1
5664,0.67,1644580774.03125,P02,D01,0,0,1
5665,0.92,1644580774.046875,P02,D01,0,0,1
5666,1.06,1644580774.0625,P02,D01,0,0,1
5667,1.03,1644580774.078125,P02,D01,0,0,1
5668,0.82,1644580774.09375,P02,D01,0,0,1
5669,0.54,1644580774.109375,P02,D01,0,0,1
5670,0.3,1644580774.125,P02,D01,0,0,1
5671,0.2,1644580774.140625,P02,D01,0,0,1
5672,0.25,1644580774.15625,P02,D01,0,0,1
5673,0.33,1644580774.171875,P02,D01,0,0,1
5674,0.34,1644580774.1875,P02,D01,0,0,1
5675,0.19,1644580774.203125,P02,D01,0,0,1
5676,-0.09,1644580774.21875,P02,D01,0,0,1
5677,-0.39,1644580774.234375,P02,D01,0,0,1
5678,-0.56,1644580774.25,P02,D01,0,0,1
5679,-0.55,1644580774.265625,P02,D01,0,0,1
5680,-0.39,1644580774.28125,P02,D01,0,0,1
5681,-0.22,1644580774.296875,P02,D01,0,0,1
5682,-0.15,1644580774.3125,P02,D01,0,0,1
5683,-0.26,1644580774.328125,P02,D01,0,0,1
5684,-0.52,1644580774.34375,P02,D01,0,0,1
5685,-0.79,1644580774.359375,P02,D01,0,0,1
5686,-0.94,1644580774.375,P02,D01,0,0,1
5687,-0.9,1644580774.390625,P02,D01,0,0,1
5688,-0.68,1644580774.40625,P02,D01,0,0,1
5689,-0.38,1644580774.421875,P02,D01,0,0,1
5690,-0.13,1644580774.4375,P02,D01,0,0,1
5691,0.0,1644580774.453125,P02,D01,0,0,1
5692,-0.01,1644580774.46875,P02,D01,0,0,1
5693,-0.14,1644580774.484375,P02,D01,0,0,1
5694,-0.29,1644580774.5,P02,D01,0,0,1
5695,-0.38,1644580774.515625,P02,D01,0,0,1
5696,-0.37,1644580774.53125,P02,D01,0,0,1
5697,-0.26,1644580774.546875,P02,D01,0,0,1
5698,-0.07,1644580774.5625,P02,D01,0,0,1
5699,0.14,1644580774.578125,P02,D01,0,0,1
5700,0.38,1644580774.59375,P02,D01,0,0,1
5701,0.63,1644580774.609375,P02,D01,0,0,1
5702,0.9,1644580774.625,P02,D01,0,0,1
5703,1.12,1644580774.640625,P02,D01,0,0,1
5704,1.21,1644580774.65625,P02,D01,0,0,1
5705,1.09,1644580774.671875,P02,D01,0,0,1
5706,0.75,1644580774.6875,P02,D01,0,0,1
5707,0.26,1644580774.703125,P02,D01,0,0,1
5708,-0.21,1644580774.71875,P02,D01,0,0,1
5709,-0.5,1644580774.734375,P02,D01,0,0,1
5710,-0.52,1644580774.75,P02,D01,0,0,1
5711,-0.29,1644580774.765625,P02,D01,0,0,1
5712,0.07,1644580774.78125,P02,D01,0,0,1
5713,0.4,1644580774.796875,P02,D01,0,0,1
5714,0.58,1644580774.8125,P02,D01,0,0,1
5715,0.6,1644580774.828125,P02,D01,0,0,1
5716,0.51,1644580774.84375,P02,D01,0,0,1
5717,0.39,1644580774.859375,P02,D01,0,0,1
5718,0.32,1644580774.875,P02,D01,0,0,1
5719,0.32,1644580774.890625,P02,D01,0,0,1
5720,0.37,1644580774.90625,P02,D01,0,0,1
5721,0.44,1644580774.921875,P02,D01,0,0,1
5722,0.51,1644580774.9375,P02,D01,0,0,1
5723,0.54,1644580774.953125,P02,D01,0,0,1
5724,0.5,1644580774.96875,P02,D01,0,0,1
5725,0.39,1644580774.984375,P02,D01,0,0,1
5726,0.22,1644580775.0,P02,D01,0,0,1
5727,0.01,1644580775.015625,P02,D01,0,0,1
5728,-0.22,1644580775.03125,P02,D01,0,0,1
5729,-0.42,1644580775.046875,P02,D01,0,0,1
5730,-0.57,1644580775.0625,P02,D01,0,0,1
5731,-0.65,1644580775.078125,P02,D01,0,0,1
5732,-0.68,1644580775.09375,P02,D01,0,0,1
5733,-0.64,1644580775.109375,P02,D01,0,0,1
5734,-0.57,1644580775.125,P02,D01,0,0,1
5735,-0.48,1644580775.140625,P02,D01,0,0,1
5736,-0.44,1644580775.15625,P02,D01,0,0,1
5737,-0.48,1644580775.171875,P02,D01,0,0,1
5738,-0.62,1644580775.1875,P02,D01,0,0,1
5739,-0.84,1644580775.203125,P02,D01,0,0,1
5740,-1.08,1644580775.21875,P02,D01,0,0,1
5741,-1.23,1644580775.234375,P02,D01,0,0,1
5742,-1.21,1644580775.25,P02,D01,0,0,1
5743,-1.0,1644580775.265625,P02,D01,0,0,1
5744,-0.6,1644580775.28125,P02,D01,0,0,1
5745,-0.13,1644580775.296875,P02,D01,0,0,1
5746,0.31,1644580775.3125,P02,D01,0,0,1
5747,0.65,1644580775.328125,P02,D01,0,0,1
5748,0.85,1644580775.34375,P02,D01,0,0,1
5749,0.93,1644580775.359375,P02,D01,0,0,1
5750,0.94,1644580775.375,P02,D01,0,0,1
5751,0.92,1644580775.390625,P02,D01,0,0,1
5752,0.89,1644580775.40625,P02,D01,0,0,1
5753,0.82,1644580775.421875,P02,D01,0,0,1
5754,0.69,1644580775.4375,P02,D01,0,0,1
5755,0.48,1644580775.453125,P02,D01,0,0,1
5756,0.23,1644580775.46875,P02,D01,0,0,1
5757,0.01,1644580775.484375,P02,D01,0,0,1
5758,-0.08,1644580775.5,P02,D01,0,0,1
5759,0.01,1644580775.515625,P02,D01,0,0,1
5760,0.27,1644580775.53125,P02,D01,0,0,1
5761,0.6,1644580775.546875,P02,D01,0,0,1
5762,0.85,1644580775.5625,P02,D01,0,0,1
5763,0.91,1644580775.578125,P02,D01,0,0,1
5764,0.73,1644580775.59375,P02,D01,0,0,1
5765,0.36,1644580775.609375,P02,D01,0,0,1
5766,-0.1,1644580775.625,P02,D01,0,0,1
5767,-0.55,1644580775.640625,P02,D01,0,0,1
5768,-0.93,1644580775.65625,P02,D01,0,0,1
5769,-1.21,1644580775.671875,P02,D01,0,0,1
5770,-1.38,1644580775.6875,P02,D01,0,0,1
5771,-1.43,1644580775.703125,P02,D01,0,0,1
5772,-1.37,1644580775.71875,P02,D01,0,0,1
5773,-1.19,1644580775.734375,P02,D01,0,0,1
5774,-0.96,1644580775.75,P02,D01,0,0,1
5775,-0.75,1644580775.765625,P02,D01,0,0,1
5776,-0.64,1644580775.78125,P02,D01,0,0,1
5777,-0.63,1644580775.796875,P02,D01,0,0,1
5778,-0.67,1644580775.8125,P02,D01,0,0,1
5779,-0.69,1644580775.828125,P02,D01,0,0,1
5780,-0.65,1644580775.84375,P02,D01,0,0,1
5781,-0.55,1644580775.859375,P02,D01,0,0,1
5782,-0.44,1644580775.875,P02,D01,0,0,1
5783,-0.39,1644580775.890625,P02,D01,0,0,1
5784,-0.38,1644580775.90625,P02,D01,0,0,1
5785,-0.37,1644580775.921875,P02,D01,0,0,1
5786,-0.31,1644580775.9375,P02,D01,0,0,1
5787,-0.18,1644580775.953125,P02,D01,0,0,1
5788,0.0,1644580775.96875,P02,D01,0,0,1
5789,0.18,1644580775.984375,P02,D01,0,0,1
5790,0.27,1644580776.0,P02,D01,0,0,1
5791,0.26,1644580776.015625,P02,D01,0,0,1
5792,0.17,1644580776.03125,P02,D01,0,0,1
5793,0.05,1644580776.046875,P02,D01,0,0,1
5794,0.0,1644580776.0625,P02,D01,0,0,1
5795,0.06,1644580776.078125,P02,D01,0,0,1
5796,0.24,1644580776.09375,P02,D01,0,0,1
5797,0.5,1644580776.109375,P02,D01,0,0,1
5798,0.79,1644580776.125,P02,D01,0,0,1
5799,1.05,1644580776.140625,P02,D01,0,0,1
5800,1.21,1644580776.15625,P02,D01,0,0,1
5801,1.23,1644580776.171875,P02,D01,0,0,1
5802,1.11,1644580776.1875,P02,D01,0,0,1
5803,0.87,1644580776.203125,P02,D01,0,0,1
5804,0.59,1644580776.21875,P02,D01,0,0,1
5805,0.33,1644580776.234375,P02,D01,0,0,1
5806,0.18,1644580776.25,P02,D01,0,0,1
5807,0.17,1644580776.265625,P02,D01,0,0,1
5808,0.25,1644580776.28125,P02,D01,0,0,1
5809,0.37,1644580776.296875,P02,D01,0,0,1
5810,0.46,1644580776.3125,P02,D01,0,0,1
5811,0.51,1644580776.328125,P02,D01,0,0,1
5812,0.55,1644580776.34375,P02,D01,0,0,1
5813,0.64,1644580776.359375,P02,D01,0,0,1
5814,0.79,1644580776.375,P02,D01,0,0,1
5815,0.92,1644580776.390625,P02,D01,0,0,1
5816,0.91,1644580776.40625,P02,D01,0,0,1
5817,0.68,1644580776.421875,P02,D01,0,0,1
5818,0.27,1644580776.4375,P02,D01,0,0,1
5819,-0.16,1644580776.453125,P02,D01,0,0,1
5820,-0.44,1644580776.46875,P02,D01,0,0,1
5821,-0.48,1644580776.484375,P02,D01,0,0,1
5822,-0.33,1644580776.5,P02,D01,0,0,1
5823,-0.16,1644580776.515625,P02,D01,0,0,1
5824,-0.13,1644580776.53125,P02,D01,0,0,1
5825,-0.29,1644580776.546875,P02,D01,0,0,1
5826,-0.54,1644580776.5625,P02,D01,0,0,1
5827,-0.71,1644580776.578125,P02,D01,0,0,1
5828,-0.68,1644580776.59375,P02,D01,0,0,1
5829,-0.43,1644580776.609375,P02,D01,0,0,1
5830,-0.08,1644580776.625,P02,D01,0,0,1
5831,0.18,1644580776.640625,P02,D01,0,0,1
5832,0.27,1644580776.65625,P02,D01,0,0,1
5833,0.18,1644580776.671875,P02,D01,0,0,1
5834,0.02,1644580776.6875,P02,D01,0,0,1
5835,-0.11,1644580776.703125,P02,D01,0,0,1
5836,-0.14,1644580776.71875,P02,D01,0,0,1
5837,-0.08,1644580776.734375,P02,D01,0,0,1
5838,-0.02,1644580776.75,P02,D01,0,0,1
5839,0.0,1644580776.765625,P02,D01,0,0,1
5840,-0.05,1644580776.78125,P02,D01,0,0,1
5841,-0.14,1644580776.796875,P02,D01,0,0,1
5842,-0.24,1644580776.8125,P02,D01,0,0,1
5843,-0.32,1644580776.828125,P02,D01,0,0,1
5844,-0.38,1644580776.84375,P02,D01,0,0,1
5845,-0.43,1644580776.859375,P02,D01,0,0,1
5846,-0.46,1644580776.875,P02,D01,0,0,1
5847,-0.48,1644580776.890625,P02,D01,0,0,1
5848,-0.48,1644580776.90625,P02,D01,0,0,1
5849,-0.44,1644580776.921875,P02,D01,0,0,1
5850,-0.37,1644580776.9375,P02,D01,0,0,1
5851,-0.23,1644580776.953125,P02,D01,0,0,1
5852,-0.04,1644580776.96875,P02,D01,0,0,1
5853,0.17,1644580776.984375,P02,D01,0,0,1
5854,0.34,1644580777.0,P02,D01,0,0,1
5855,0.38,1644580777.015625,P02,D01,0,0,1
5856,0.27,1644580777.03125,P02,D01,0,0,1
5857,0.04,1644580777.046875,P02,D01,0,0,1
5858,-0.18,1644580777.0625,P02,D01,0,0,1
5859,-0.3,1644580777.078125,P02,D01,0,0,1
5860,-0.25,1644580777.09375,P02,D01,0,0,1
5861,-0.13,1644580777.109375,P02,D01,0,0,1
5862,-0.07,1644580777.125,P02,D01,0,0,1
5863,-0.18,1644580777.140625,P02,D01,0,0,1
5864,-0.52,1644580777.15625,P02,D01,0,0,1
5865,-0.96,1644580777.171875,P02,D01,0,0,1
5866,-1.34,1644580777.1875,P02,D01,0,0,1
5867,-1.49,1644580777.203125,P02,D01,0,0,1
5868,-1.33,1644580777.21875,P02,D01,0,0,1
5869,-0.89,1644580777.234375,P02,D01,0,0,1
5870,-0.31,1644580777.25,P02,D01,0,0,1
5871,0.24,1644580777.265625,P02,D01,0,0,1
5872,0.61,1644580777.28125,P02,D01,0,0,1
5873,0.78,1644580777.296875,P02,D01,0,0,1
5874,0.82,1644580777.3125,P02,D01,0,0,1
5875,0.88,1644580777.328125,P02,D01,0,0,1
5876,1.04,1644580777.34375,P02,D01,0,0,1
5877,1.32,1644580777.359375,P02,D01,0,0,1
5878,1.58,1644580777.375,P02,D01,0,0,1
5879,1.65,1644580777.390625,P02,D01,0,0,1
5880,1.41,1644580777.40625,P02,D01,0,0,1
5881,0.9,1644580777.421875,P02,D01,0,0,1
5882,0.28,1644580777.4375,P02,D01,0,0,1
5883,-0.25,1644580777.453125,P02,D01,0,0,1
5884,-0.54,1644580777.46875,P02,D01,0,0,1
5885,-0.59,1644580777.484375,P02,D01,0,0,1
5886,-0.52,1644580777.5,P02,D01,0,0,1
5887,-0.46,1644580777.515625,P02,D01,0,0,1
5888,-0.49,1644580777.53125,P02,D01,0,0,1
5889,-0.62,1644580777.546875,P02,D01,0,0,1
5890,-0.77,1644580777.5625,P02,D01,0,0,1
5891,-0.87,1644580777.578125,P02,D01,0,0,1
5892,-0.88,1644580777.59375,P02,D01,0,0,1
5893,-0.8,1644580777.609375,P02,D01,0,0,1
5894,-0.64,1644580777.625,P02,D01,0,0,1
5895,-0.42,1644580777.640625,P02,D01,0,0,1
5896,-0.14,1644580777.65625,P02,D01,0,0,1
5897,0.18,1644580777.671875,P02,D01,0,0,1
5898,0.48,1644580777.6875,P02,D01,0,0,1
5899,0.72,1644580777.703125,P02,D01,0,0,1
5900,0.82,1644580777.71875,P02,D01,0,0,1
5901,0.78,1644580777.734375,P02,D01,0,0,1
5902,0.6,1644580777.75,P02,D01,0,0,1
5903,0.33,1644580777.765625,P02,D01,0,0,1
5904,0.06,1644580777.78125,P02,D01,0,0,1
5905,-0.15,1644580777.796875,P02,D01,0,0,1
5906,-0.21,1644580777.8125,P02,D01,0,0,1
5907,-0.1,1644580777.828125,P02,D01,0,0,1
5908,0.14,1644580777.84375,P02,D01,0,0,1
5909,0.46,1644580777.859375,P02,D01,0,0,1
5910,0.76,1644580777.875,P02,D01,0,0,1
5911,0.98,1644580777.890625,P02,D01,0,0,1
5912,1.08,1644580777.90625,P02,D01,0,0,1
5913,1.06,1644580777.921875,P02,D01,0,0,1
5914,0.94,1644580777.9375,P02,D01,0,0,1
5915,0.71,1644580777.953125,P02,D01,0,0,1
5916,0.37,1644580777.96875,P02,D01,0,0,1
5917,-0.08,1644580777.984375,P02,D01,0,0,1
5918,-0.57,1644580778.0,P02,D01,0,0,1
5919,-1.01,1644580778.015625,P02,D01,0,0,1
5920,-1.29,1644580778.03125,P02,D01,0,0,1
5921,-1.34,1644580778.046875,P02,D01,0,0,1
5922,-1.13,1644580778.0625,P02,D01,0,0,1
5923,-0.74,1644580778.078125,P02,D01,0,0,1
5924,-0.27,1644580778.09375,P02,D01,0,0,1
5925,0.13,1644580778.109375,P02,D01,0,0,1
5926,0.38,1644580778.125,P02,D01,0,0,1
5927,0.43,1644580778.140625,P02,D01,0,0,1
5928,0.31,1644580778.15625,P02,D01,0,0,1
5929,0.08,1644580778.171875,P02,D01,0,0,1
5930,-0.13,1644580778.1875,P02,D01,0,0,1
5931,-0.26,1644580778.203125,P02,D01,0,0,1
5932,-0.26,1644580778.21875,P02,D01,0,0,1
5933,-0.2,1644580778.234375,P02,D01,0,0,1
5934,-0.15,1644580778.25,P02,D01,0,0,1
5935,-0.17,1644580778.265625,P02,D01,0,0,1
5936,-0.24,1644580778.28125,P02,D01,0,0,1
5937,-0.29,1644580778.296875,P02,D01,0,0,1
5938,-0.25,1644580778.3125,P02,D01,0,0,1
5939,-0.14,1644580778.328125,P02,D01,0,0,1
5940,-0.02,1644580778.34375,P02,D01,0,0,1
5941,0.03,1644580778.359375,P02,D01,0,0,1
5942,-0.02,1644580778.375,P02,D01,0,0,1
5943,-0.08,1644580778.390625,P02,D01,0,0,1
5944,-0.04,1644580778.40625,P02,D01,0,0,1
5945,0.17,1644580778.421875,P02,D01,0,0,1
5946,0.49,1644580778.4375,P02,D01,0,0,1
5947,0.77,1644580778.453125,P02,D01,0,0,1
5948,0.87,1644580778.46875,P02,D01,0,0,1
5949,0.74,1644580778.484375,P02,D01,0,0,1
5950,0.46,1644580778.5,P02,D01,0,0,1
5951,0.16,1644580778.515625,P02,D01,0,0,1
5952,-0.01,1644580778.53125,P02,D01,0,0,1
5953,-0.03,1644580778.546875,P02,D01,0,0,1
5954,0.04,1644580778.5625,P02,D01,0,0,1
5955,0.1,1644580778.578125,P02,D01,0,0,1
5956,0.07,1644580778.59375,P02,D01,0,0,1
5957,-0.04,1644580778.609375,P02,D01,0,0,1
5958,-0.2,1644580778.625,P02,D01,0,0,1
5959,-0.32,1644580778.640625,P02,D01,0,0,1
5960,-0.34,1644580778.65625,P02,D01,0,0,1
5961,-0.23,1644580778.671875,P02,D01,0,0,1
5962,-0.02,1644580778.6875,P02,D01,0,0,1
5963,0.21,1644580778.703125,P02,D01,0,0,1
5964,0.38,1644580778.71875,P02,D01,0,0,1
5965,0.43,1644580778.734375,P02,D01,0,0,1
5966,0.37,1644580778.75,P02,D01,0,0,1
5967,0.22,1644580778.765625,P02,D01,0,0,1
5968,0.08,1644580778.78125,P02,D01,0,0,1
5969,-0.01,1644580778.796875,P02,D01,0,0,1
5970,-0.03,1644580778.8125,P02,D01,0,0,1
5971,-0.02,1644580778.828125,P02,D01,0,0,1
5972,-0.04,1644580778.84375,P02,D01,0,0,1
5973,-0.12,1644580778.859375,P02,D01,0,0,1
5974,-0.22,1644580778.875,P02,D01,0,0,1
5975,-0.32,1644580778.890625,P02,D01,0,0,1
5976,-0.37,1644580778.90625,P02,D01,0,0,1
5977,-0.34,1644580778.921875,P02,D01,0,0,1
5978,-0.25,1644580778.9375,P02,D01,0,0,1
5979,-0.13,1644580778.953125,P02,D01,0,0,1
5980,-0.03,1644580778.96875,P02,D01,0,0,1
5981,0.02,1644580778.984375,P02,D01,0,0,1
5982,-0.01,1644580779.0,P02,D01,0,0,1
5983,-0.12,1644580779.015625,P02,D01,0,0,1
5984,-0.27,1644580779.03125,P02,D01,0,0,1
5985,-0.4,1644580779.046875,P02,D01,0,0,1
5986,-0.47,1644580779.0625,P02,D01,0,0,1
5987,-0.44,1644580779.078125,P02,D01,0,0,1
5988,-0.3,1644580779.09375,P02,D01,0,0,1
5989,-0.1,1644580779.109375,P02,D01,0,0,1
5990,0.12,1644580779.125,P02,D01,0,0,1
5991,0.31,1644580779.140625,P02,D01,0,0,1
5992,0.41,1644580779.15625,P02,D01,0,0,1
5993,0.41,1644580779.171875,P02,D01,0,0,1
5994,0.33,1644580779.1875,P02,D01,0,0,1
5995,0.17,1644580779.203125,P02,D01,0,0,1
5996,-0.0,1644580779.21875,P02,D01,0,0,1
5997,-0.14,1644580779.234375,P02,D01,0,0,1
5998,-0.21,1644580779.25,P02,D01,0,0,1
5999,-0.2,1644580779.265625,P02,D01,0,0,1
6000,-0.15,1644580779.28125,P02,D01,0,0,1
6001,-0.11,1644580779.296875,P02,D01,0,0,1
6002,-0.14,1644580779.3125,P02,D01,0,0,1
6003,-0.22,1644580779.328125,P02,D01,0,0,1
6004,-0.31,1644580779.34375,P02,D01,0,0,1
6005,-0.33,1644580779.359375,P02,D01,0,0,1
6006,-0.2,1644580779.375,P02,D01,0,0,1
6007,0.07,1644580779.390625,P02,D01,0,0,1
6008,0.41,1644580779.40625,P02,D01,0,0,1
6009,0.67,1644580779.421875,P02,D01,0,0,1
6010,0.78,1644580779.4375,P02,D01,0,0,1
6011,0.68,1644580779.453125,P02,D01,0,0,1
6012,0.43,1644580779.46875,P02,D01,0,0,1
6013,0.13,1644580779.484375,P02,D01,0,0,1
6014,-0.12,1644580779.5,P02,D01,0,0,1
6015,-0.23,1644580779.515625,P02,D01,0,0,1
6016,-0.19,1644580779.53125,P02,D01,0,0,1
6017,-0.01,1644580779.546875,P02,D01,0,0,1
6018,0.25,1644580779.5625,P02,D01,0,0,1
6019,0.49,1644580779.578125,P02,D01,0,0,1
6020,0.64,1644580779.59375,P02,D01,0,0,1
6021,0.66,1644580779.609375,P02,D01,0,0,1
6022,0.53,1644580779.625,P02,D01,0,0,1
6023,0.32,1644580779.640625,P02,D01,0,0,1
6024,0.1,1644580779.65625,P02,D01,0,0,1
6025,-0.1,1644580779.671875,P02,D01,0,0,1
6026,-0.26,1644580779.6875,P02,D01,0,0,1
6027,-0.41,1644580779.703125,P02,D01,0,0,1
6028,-0.55,1644580779.71875,P02,D01,0,0,1
6029,-0.65,1644580779.734375,P02,D01,0,0,1
6030,-0.65,1644580779.75,P02,D01,0,0,1
6031,-0.51,1644580779.765625,P02,D01,0,0,1
6032,-0.25,1644580779.78125,P02,D01,0,0,1
6033,0.03,1644580779.796875,P02,D01,0,0,1
6034,0.22,1644580779.8125,P02,D01,0,0,1
6035,0.26,1644580779.828125,P02,D01,0,0,1
6036,0.21,1644580779.84375,P02,D01,0,0,1
6037,0.16,1644580779.859375,P02,D01,0,0,1
6038,0.2,1644580779.875,P02,D01,0,0,1
6039,0.33,1644580779.890625,P02,D01,0,0,1
6040,0.44,1644580779.90625,P02,D01,0,0,1
6041,0.42,1644580779.921875,P02,D01,0,0,1
6042,0.19,1644580779.9375,P02,D01,0,0,1
6043,-0.2,1644580779.953125,P02,D01,0,0,1
6044,-0.64,1644580779.96875,P02,D01,0,0,1
6045,-0.99,1644580779.984375,P02,D01,0,0,1
6046,-1.16,1644580780.0,P02,D01,0,0,1
6047,-1.14,1644580780.015625,P02,D01,0,0,1
6048,-0.98,1644580780.03125,P02,D01,0,0,1
6049,-0.75,1644580780.046875,P02,D01,0,0,1
6050,-0.52,1644580780.0625,P02,D01,0,0,1
6051,-0.34,1644580780.078125,P02,D01,0,0,1
6052,-0.23,1644580780.09375,P02,D01,0,0,1
6053,-0.21,1644580780.109375,P02,D01,0,0,1
6054,-0.29,1644580780.125,P02,D01,0,0,1
6055,-0.44,1644580780.140625,P02,D01,0,0,1
6056,-0.58,1644580780.15625,P02,D01,0,0,1
6057,-0.64,1644580780.171875,P02,D01,0,0,1
6058,-0.57,1644580780.1875,P02,D01,0,0,1
6059,-0.38,1644580780.203125,P02,D01,0,0,1
6060,-0.15,1644580780.21875,P02,D01,0,0,1
6061,-0.02,1644580780.234375,P02,D01,0,0,1
6062,-0.08,1644580780.25,P02,D01,0,0,1
6063,-0.35,1644580780.265625,P02,D01,0,0,1
6064,-0.76,1644580780.28125,P02,D01,0,0,1
6065,-1.17,1644580780.296875,P02,D01,0,0,1
6066,-1.41,1644580780.3125,P02,D01,0,0,1
6067,-1.42,1644580780.328125,P02,D01,0,0,1
6068,-1.2,1644580780.34375,P02,D01,0,0,1
6069,-0.87,1644580780.359375,P02,D01,0,0,1
6070,-0.51,1644580780.375,P02,D01,0,0,1
6071,-0.2,1644580780.390625,P02,D01,0,0,1
6072,0.02,1644580780.40625,P02,D01,0,0,1
6073,0.16,1644580780.421875,P02,D01,0,0,1
6074,0.23,1644580780.4375,P02,D01,0,0,1
6075,0.22,1644580780.453125,P02,D01,0,0,1
6076,0.12,1644580780.46875,P02,D01,0,0,1
6077,-0.02,1644580780.484375,P02,D01,0,0,1
6078,-0.18,1644580780.5,P02,D01,0,0,1
6079,-0.3,1644580780.515625,P02,D01,0,0,1
6080,-0.32,1644580780.53125,P02,D01,0,0,1
6081,-0.22,1644580780.546875,P02,D01,0,0,1
6082,-0.03,1644580780.5625,P02,D01,0,0,1
6083,0.2,1644580780.578125,P02,D01,0,0,1
6084,0.42,1644580780.59375,P02,D01,0,0,1
6085,0.58,1644580780.609375,P02,D01,0,0,1
6086,0.67,1644580780.625,P02,D01,0,0,1
6087,0.68,1644580780.640625,P02,D01,0,0,1
6088,0.68,1644580780.65625,P02,D01,0,0,1
6089,0.76,1644580780.671875,P02,D01,0,0,1
6090,0.93,1644580780.6875,P02,D01,0,0,1
6091,1.19,1644580780.703125,P02,D01,0,0,1
6092,1.44,1644580780.71875,P02,D01,0,0,1
6093,1.57,1644580780.734375,P02,D01,0,0,1
6094,1.51,1644580780.75,P02,D01,0,0,1
6095,1.25,1644580780.765625,P02,D01,0,0,1
6096,0.88,1644580780.78125,P02,D01,0,0,1
6097,0.51,1644580780.796875,P02,D01,0,0,1
6098,0.25,1644580780.8125,P02,D01,0,0,1
6099,0.13,1644580780.828125,P02,D01,0,0,1
6100,0.16,1644580780.84375,P02,D01,0,0,1
6101,0.28,1644580780.859375,P02,D01,0,0,1
6102,0.46,1644580780.875,P02,D01,0,0,1
6103,0.62,1644580780.890625,P02,D01,0,0,1
6104,0.73,1644580780.90625,P02,D01,0,0,1
6105,0.77,1644580780.921875,P02,D01,0,0,1
6106,0.73,1644580780.9375,P02,D01,0,0,1
6107,0.61,1644580780.953125,P02,D01,0,0,1
6108,0.46,1644580780.96875,P02,D01,0,0,1
6109,0.34,1644580780.984375,P02,D01,0,0,1
6110,0.28,1644580781.0,P02,D01,0,0,1
6111,0.33,1644580781.015625,P02,D01,0,0,1
6112,0.46,1644580781.03125,P02,D01,0,0,1
6113,0.65,1644580781.046875,P02,D01,0,0,1
6114,0.84,1644580781.0625,P02,D01,0,0,1
6115,0.98,1644580781.078125,P02,D01,0,0,1
6116,1.01,1644580781.09375,P02,D01,0,0,1
6117,0.93,1644580781.109375,P02,D01,0,0,1
6118,0.75,1644580781.125,P02,D01,0,0,1
6119,0.5,1644580781.140625,P02,D01,0,0,1
6120,0.24,1644580781.15625,P02,D01,0,0,1
6121,0.03,1644580781.171875,P02,D01,0,0,1
6122,-0.11,1644580781.1875,P02,D01,0,0,1
6123,-0.19,1644580781.203125,P02,D01,0,0,1
6124,-0.25,1644580781.21875,P02,D01,0,0,1
6125,-0.3,1644580781.234375,P02,D01,0,0,1
6126,-0.37,1644580781.25,P02,D01,0,0,1
6127,-0.44,1644580781.265625,P02,D01,0,0,1
6128,-0.5,1644580781.28125,P02,D01,0,0,1
6129,-0.54,1644580781.296875,P02,D01,0,0,1
6130,-0.56,1644580781.3125,P02,D01,0,0,1
6131,-0.61,1644580781.328125,P02,D01,0,0,1
6132,-0.7,1644580781.34375,P02,D01,0,0,1
6133,-0.85,1644580781.359375,P02,D01,0,0,1
6134,-1.02,1644580781.375,P02,D01,0,0,1
6135,-1.13,1644580781.390625,P02,D01,0,0,1
6136,-1.13,1644580781.40625,P02,D01,0,0,1
6137,-0.98,1644580781.421875,P02,D01,0,0,1
6138,-0.69,1644580781.4375,P02,D01,0,0,1
6139,-0.32,1644580781.453125,P02,D01,0,0,1
6140,0.06,1644580781.46875,P02,D01,0,0,1
6141,0.37,1644580781.484375,P02,D01,0,0,1
6142,0.55,1644580781.5,P02,D01,0,0,1
6143,0.59,1644580781.515625,P02,D01,0,0,1
6144,0.55,1644580781.53125,P02,D01,0,0,1
6145,0.45,1644580781.546875,P02,D01,0,0,1
6146,0.37,1644580781.5625,P02,D01,0,0,1
6147,0.32,1644580781.578125,P02,D01,0,0,1
6148,0.29,1644580781.59375,P02,D01,0,0,1
6149,0.26,1644580781.609375,P02,D01,0,0,1
6150,0.23,1644580781.625,P02,D01,0,0,1
6151,0.21,1644580781.640625,P02,D01,0,0,1
6152,0.21,1644580781.65625,P02,D01,0,0,1
6153,0.21,1644580781.671875,P02,D01,0,0,1
6154,0.21,1644580781.6875,P02,D01,0,0,1
6155,0.17,1644580781.703125,P02,D01,0,0,1
6156,0.1,1644580781.71875,P02,D01,0,0,1
6157,0.03,1644580781.734375,P02,D01,0,0,1
6158,0.01,1644580781.75,P02,D01,0,0,1
6159,0.06,1644580781.765625,P02,D01,0,0,1
6160,0.17,1644580781.78125,P02,D01,0,0,1
6161,0.26,1644580781.796875,P02,D01,0,0,1
6162,0.23,1644580781.8125,P02,D01,0,0,1
6163,0.07,1644580781.828125,P02,D01,0,0,1
6164,-0.2,1644580781.84375,P02,D01,0,0,1
6165,-0.47,1644580781.859375,P02,D01,0,0,1
6166,-0.65,1644580781.875,P02,D01,0,0,1
6167,-0.72,1644580781.890625,P02,D01,0,0,1
6168,-0.72,1644580781.90625,P02,D01,0,0,1
6169,-0.72,1644580781.921875,P02,D01,0,0,1
6170,-0.76,1644580781.9375,P02,D01,0,0,1
6171,-0.83,1644580781.953125,P02,D01,0,0,1
6172,-0.86,1644580781.96875,P02,D01,0,0,1
6173,-0.79,1644580781.984375,P02,D01,0,0,1
6174,-0.58,1644580782.0,P02,D01,0,0,1
6175,-0.28,1644580782.015625,P02,D01,0,0,1
6176,0.05,1644580782.03125,P02,D01,0,0,1
6177,0.34,1644580782.046875,P02,D01,0,0,1
6178,0.54,1644580782.0625,P02,D01,0,0,1
6179,0.64,1644580782.078125,P02,D01,0,0,1
6180,0.63,1644580782.09375,P02,D01,0,0,1
6181,0.5,1644580782.109375,P02,D01,0,0,1
6182,0.26,1644580782.125,P02,D01,0,0,1
6183,-0.05,1644580782.140625,P02,D01,0,0,1
6184,-0.34,1644580782.15625,P02,D01,0,0,1
6185,-0.53,1644580782.171875,P02,D01,0,0,1
6186,-0.57,1644580782.1875,P02,D01,0,0,1
6187,-0.46,1644580782.203125,P02,D01,0,0,1
6188,-0.3,1644580782.21875,P02,D01,0,0,1
6189,-0.2,1644580782.234375,P02,D01,0,0,1
6190,-0.19,1644580782.25,P02,D01,0,0,1
6191,-0.27,1644580782.265625,P02,D01,0,0,1
6192,-0.34,1644580782.28125,P02,D01,0,0,1
6193,-0.31,1644580782.296875,P02,D01,0,0,1
6194,-0.14,1644580782.3125,P02,D01,0,0,1
6195,0.16,1644580782.328125,P02,D01,0,0,1
6196,0.48,1644580782.34375,P02,D01,0,0,1
6197,0.73,1644580782.359375,P02,D01,0,0,1
6198,0.87,1644580782.375,P02,D01,0,0,1
6199,0.89,1644580782.390625,P02,D01,0,0,1
6200,0.84,1644580782.40625,P02,D01,0,0,1
6201,0.8,1644580782.421875,P02,D01,0,0,1
6202,0.81,1644580782.4375,P02,D01,0,0,1
6203,0.91,1644580782.453125,P02,D01,0,0,1
6204,1.09,1644580782.46875,P02,D01,0,0,1
6205,1.34,1644580782.484375,P02,D01,0,0,1
6206,1.66,1644580782.5,P02,D01,0,0,1
6207,1.97,1644580782.515625,P02,D01,0,0,1
6208,2.22,1644580782.53125,P02,D01,0,0,1
6209,2.3,1644580782.546875,P02,D01,0,0,1
6210,2.14,1644580782.5625,P02,D01,0,0,1
6211,1.74,1644580782.578125,P02,D01,0,0,1
6212,1.18,1644580782.59375,P02,D01,0,0,1
6213,0.6,1644580782.609375,P02,D01,0,0,1
6214,0.16,1644580782.625,P02,D01,0,0,1
6215,-0.02,1644580782.640625,P02,D01,0,0,1
6216,0.05,1644580782.65625,P02,D01,0,0,1
6217,0.29,1644580782.671875,P02,D01,0,0,1
6218,0.59,1644580782.6875,P02,D01,0,0,1
6219,0.83,1644580782.703125,P02,D01,0,0,1
6220,0.94,1644580782.71875,P02,D01,0,0,1
6221,0.92,1644580782.734375,P02,D01,0,0,1
6222,0.78,1644580782.75,P02,D01,0,0,1
6223,0.59,1644580782.765625,P02,D01,0,0,1
6224,0.39,1644580782.78125,P02,D01,0,0,1
6225,0.23,1644580782.796875,P02,D01,0,0,1
6226,0.11,1644580782.8125,P02,D01,0,0,1
6227,0.05,1644580782.828125,P02,D01,0,0,1
6228,0.02,1644580782.84375,P02,D01,0,0,1
6229,0.02,1644580782.859375,P02,D01,0,0,1
6230,0.02,1644580782.875,P02,D01,0,0,1
6231,-0.03,1644580782.890625,P02,D01,0,0,1
6232,-0.14,1644580782.90625,P02,D01,0,0,1
6233,-0.3,1644580782.921875,P02,D01,0,0,1
6234,-0.48,1644580782.9375,P02,D01,0,0,1
6235,-0.61,1644580782.953125,P02,D01,0,0,1
6236,-0.67,1644580782.96875,P02,D01,0,0,1
6237,-0.67,1644580782.984375,P02,D01,0,0,1
6238,-0.67,1644580783.0,P02,D01,0,0,1
6239,-0.73,1644580783.015625,P02,D01,0,0,1
6240,-0.86,1644580783.03125,P02,D01,0,0,1
6241,-1.0,1644580783.046875,P02,D01,0,0,1
6242,-1.05,1644580783.0625,P02,D01,0,0,1
6243,-0.9,1644580783.078125,P02,D01,0,0,1
6244,-0.55,1644580783.09375,P02,D01,0,0,1
6245,-0.12,1644580783.109375,P02,D01,0,0,1
6246,0.25,1644580783.125,P02,D01,0,0,1
6247,0.44,1644580783.140625,P02,D01,0,0,1
6248,0.42,1644580783.15625,P02,D01,0,0,1
6249,0.3,1644580783.171875,P02,D01,0,0,1
6250,0.2,1644580783.1875,P02,D01,0,0,1
6251,0.22,1644580783.203125,P02,D01,0,0,1
6252,0.34,1644580783.21875,P02,D01,0,0,1
6253,0.47,1644580783.234375,P02,D01,0,0,1
6254,0.48,1644580783.25,P02,D01,0,0,1
6255,0.31,1644580783.265625,P02,D01,0,0,1
6256,-0.03,1644580783.28125,P02,D01,0,0,1
6257,-0.46,1644580783.296875,P02,D01,0,0,1
6258,-0.86,1644580783.3125,P02,D01,0,0,1
6259,-1.14,1644580783.328125,P02,D01,0,0,1
6260,-1.25,1644580783.34375,P02,D01,0,0,1
6261,-1.22,1644580783.359375,P02,D01,0,0,1
6262,-1.13,1644580783.375,P02,D01,0,0,1
6263,-1.09,1644580783.390625,P02,D01,0,0,1
6264,-1.16,1644580783.40625,P02,D01,0,0,1
6265,-1.35,1644580783.421875,P02,D01,0,0,1
6266,-1.57,1644580783.4375,P02,D01,0,0,1
6267,-1.73,1644580783.453125,P02,D01,0,0,1
6268,-1.75,1644580783.46875,P02,D01,0,0,1
6269,-1.63,1644580783.484375,P02,D01,0,0,1
6270,-1.45,1644580783.5,P02,D01,0,0,1
6271,-1.3,1644580783.515625,P02,D01,0,0,1
6272,-1.26,1644580783.53125,P02,D01,0,0,1
6273,-1.28,1644580783.546875,P02,D01,0,0,1
6274,-1.28,1644580783.5625,P02,D01,0,0,1
6275,-1.14,1644580783.578125,P02,D01,0,0,1
6276,-0.86,1644580783.59375,P02,D01,0,0,1
6277,-0.5,1644580783.609375,P02,D01,0,0,1
6278,-0.2,1644580783.625,P02,D01,0,0,1
6279,-0.08,1644580783.640625,P02,D01,0,0,1
6280,-0.2,1644580783.65625,P02,D01,0,0,1
6281,-0.49,1644580783.671875,P02,D01,0,0,1
6282,-0.87,1644580783.6875,P02,D01,0,0,1
6283,-1.23,1644580783.703125,P02,D01,0,0,1
6284,-1.48,1644580783.71875,P02,D01,0,0,1
6285,-1.59,1644580783.734375,P02,D01,0,0,1
6286,-1.49,1644580783.75,P02,D01,0,0,1
6287,-1.18,1644580783.765625,P02,D01,0,0,1
6288,-0.73,1644580783.78125,P02,D01,0,0,1
6289,-0.26,1644580783.796875,P02,D01,0,0,1
6290,0.07,1644580783.8125,P02,D01,0,0,1
6291,0.15,1644580783.828125,P02,D01,0,0,1
6292,-0.03,1644580783.84375,P02,D01,0,0,1
6293,-0.37,1644580783.859375,P02,D01,0,0,1
6294,-0.72,1644580783.875,P02,D01,0,0,1
6295,-0.97,1644580783.890625,P02,D01,0,0,1
6296,-1.08,1644580783.90625,P02,D01,0,0,1
6297,-1.11,1644580783.921875,P02,D01,0,0,1
6298,-1.09,1644580783.9375,P02,D01,0,0,1
6299,-1.03,1644580783.953125,P02,D01,0,0,1
6300,-0.89,1644580783.96875,P02,D01,0,0,1
6301,-0.6,1644580783.984375,P02,D01,0,0,1
6302,-0.17,1644580784.0,P02,D01,0,0,1
6303,0.31,1644580784.015625,P02,D01,0,0,1
6304,0.71,1644580784.03125,P02,D01,0,0,1
6305,0.89,1644580784.046875,P02,D01,0,0,1
6306,0.82,1644580784.0625,P02,D01,0,0,1
6307,0.55,1644580784.078125,P02,D01,0,0,1
6308,0.19,1644580784.09375,P02,D01,0,0,1
6309,-0.14,1644580784.109375,P02,D01,0,0,1
6310,-0.37,1644580784.125,P02,D01,0,0,1
6311,-0.48,1644580784.140625,P02,D01,0,0,1
6312,-0.51,1644580784.15625,P02,D01,0,0,1
6313,-0.5,1644580784.171875,P02,D01,0,0,1
6314,-0.49,1644580784.1875,P02,D01,0,0,1
6315,-0.51,1644580784.203125,P02,D01,0,0,1
6316,-0.53,1644580784.21875,P02,D01,0,0,1
6317,-0.51,1644580784.234375,P02,D01,0,0,1
6318,-0.37,1644580784.25,P02,D01,0,0,1
6319,-0.09,1644580784.265625,P02,D01,0,0,1
6320,0.27,1644580784.28125,P02,D01,0,0,1
6321,0.6,1644580784.296875,P02,D01,0,0,1
6322,0.79,1644580784.3125,P02,D01,0,0,1
6323,0.81,1644580784.328125,P02,D01,0,0,1
6324,0.75,1644580784.34375,P02,D01,0,0,1
6325,0.74,1644580784.359375,P02,D01,0,0,1
6326,0.91,1644580784.375,P02,D01,0,0,1
6327,1.28,1644580784.390625,P02,D01,0,0,1
6328,1.75,1644580784.40625,P02,D01,0,0,1
6329,2.18,1644580784.421875,P02,D01,0,0,1
6330,2.46,1644580784.4375,P02,D01,0,0,1
6331,2.59,1644580784.453125,P02,D01,0,0,1
6332,2.63,1644580784.46875,P02,D01,0,0,1
6333,2.63,1644580784.484375,P02,D01,0,0,1
6334,2.61,1644580784.5,P02,D01,0,0,1
6335,2.52,1644580784.515625,P02,D01,0,0,1
6336,2.29,1644580784.53125,P02,D01,0,0,1
6337,1.93,1644580784.546875,P02,D01,0,0,1
6338,1.52,1644580784.5625,P02,D01,0,0,1
6339,1.17,1644580784.578125,P02,D01,0,0,1
6340,0.96,1644580784.59375,P02,D01,0,0,1
6341,0.88,1644580784.609375,P02,D01,0,0,1
6342,0.81,1644580784.625,P02,D01,0,0,1
6343,0.63,1644580784.640625,P02,D01,0,0,1
6344,0.27,1644580784.65625,P02,D01,0,0,1
6345,-0.2,1644580784.671875,P02,D01,0,0,1
6346,-0.64,1644580784.6875,P02,D01,0,0,1
6347,-0.91,1644580784.703125,P02,D01,0,0,1
6348,-0.94,1644580784.71875,P02,D01,0,0,1
6349,-0.79,1644580784.734375,P02,D01,0,0,1
6350,-0.59,1644580784.75,P02,D01,0,0,1
6351,-0.48,1644580784.765625,P02,D01,0,0,1
6352,-0.51,1644580784.78125,P02,D01,0,0,1
6353,-0.65,1644580784.796875,P02,D01,0,0,1
6354,-0.81,1644580784.8125,P02,D01,0,0,1
6355,-0.9,1644580784.828125,P02,D01,0,0,1
6356,-0.92,1644580784.84375,P02,D01,0,0,1
6357,-0.9,1644580784.859375,P02,D01,0,0,1
6358,-0.91,1644580784.875,P02,D01,0,0,1
6359,-1.01,1644580784.890625,P02,D01,0,0,1
6360,-1.17,1644580784.90625,P02,D01,0,0,1
6361,-1.32,1644580784.921875,P02,D01,0,0,1
6362,-1.35,1644580784.9375,P02,D01,0,0,1
6363,-1.2,1644580784.953125,P02,D01,0,0,1
6364,-0.88,1644580784.96875,P02,D01,0,0,1
6365,-0.47,1644580784.984375,P02,D01,0,0,1
6366,-0.11,1644580785.0,P02,D01,0,0,1
6367,0.11,1644580785.015625,P02,D01,0,0,1
6368,0.16,1644580785.03125,P02,D01,0,0,1
6369,0.08,1644580785.046875,P02,D01,0,0,1
6370,-0.02,1644580785.0625,P02,D01,0,0,1
6371,-0.05,1644580785.078125,P02,D01,0,0,1
6372,0.03,1644580785.09375,P02,D01,0,0,1
6373,0.2,1644580785.109375,P02,D01,0,0,1
6374,0.42,1644580785.125,P02,D01,0,0,1
6375,0.6,1644580785.140625,P02,D01,0,0,1
6376,0.72,1644580785.15625,P02,D01,0,0,1
6377,0.75,1644580785.171875,P02,D01,0,0,1
6378,0.73,1644580785.1875,P02,D01,0,0,1
6379,0.68,1644580785.203125,P02,D01,0,0,1
6380,0.62,1644580785.21875,P02,D01,0,0,1
6381,0.57,1644580785.234375,P02,D01,0,0,1
6382,0.49,1644580785.25,P02,D01,0,0,1
6383,0.37,1644580785.265625,P02,D01,0,0,1
6384,0.19,1644580785.28125,P02,D01,0,0,1
6385,-0.03,1644580785.296875,P02,D01,0,0,1
6386,-0.25,1644580785.3125,P02,D01,0,0,1
6387,-0.4,1644580785.328125,P02,D01,0,0,1
6388,-0.44,1644580785.34375,P02,D01,0,0,1
6389,-0.33,1644580785.359375,P02,D01,0,0,1
6390,-0.09,1644580785.375,P02,D01,0,0,1
6391,0.25,1644580785.390625,P02,D01,0,0,1
6392,0.61,1644580785.40625,P02,D01,0,0,1
6393,0.87,1644580785.421875,P02,D01,0,0,1
6394,0.93,1644580785.4375,P02,D01,0,0,1
6395,0.74,1644580785.453125,P02,D01,0,0,1
6396,0.33,1644580785.46875,P02,D01,0,0,1
6397,-0.17,1644580785.484375,P02,D01,0,0,1
6398,-0.6,1644580785.5,P02,D01,0,0,1
6399,-0.82,1644580785.515625,P02,D01,0,0,1
6400,-0.77,1644580785.53125,P02,D01,0,0,1
6401,-0.53,1644580785.546875,P02,D01,0,0,1
6402,-0.25,1644580785.5625,P02,D01,0,0,1
6403,-0.06,1644580785.578125,P02,D01,0,0,1
6404,-0.02,1644580785.59375,P02,D01,0,0,1
6405,-0.12,1644580785.609375,P02,D01,0,0,1
6406,-0.23,1644580785.625,P02,D01,0,0,1
6407,-0.28,1644580785.640625,P02,D01,0,0,1
6408,-0.23,1644580785.65625,P02,D01,0,0,1
6409,-0.13,1644580785.671875,P02,D01,0,0,1
6410,-0.05,1644580785.6875,P02,D01,0,0,1
6411,-0.02,1644580785.703125,P02,D01,0,0,1
6412,-0.06,1644580785.71875,P02,D01,0,0,1
6413,-0.12,1644580785.734375,P02,D01,0,0,1
6414,-0.15,1644580785.75,P02,D01,0,0,1
6415,-0.11,1644580785.765625,P02,D01,0,0,1
6416,-0.01,1644580785.78125,P02,D01,0,0,1
6417,0.12,1644580785.796875,P02,D01,0,0,1
6418,0.21,1644580785.8125,P02,D01,0,0,1
6419,0.21,1644580785.828125,P02,D01,0,0,1
6420,0.12,1644580785.84375,P02,D01,0,0,1
6421,-0.04,1644580785.859375,P02,D01,0,0,1
6422,-0.2,1644580785.875,P02,D01,0,0,1
6423,-0.29,1644580785.890625,P02,D01,0,0,1
6424,-0.27,1644580785.90625,P02,D01,0,0,1
6425,-0.16,1644580785.921875,P02,D01,0,0,1
6426,-0.03,1644580785.9375,P02,D01,0,0,1
6427,0.02,1644580785.953125,P02,D01,0,0,1
6428,-0.06,1644580785.96875,P02,D01,0,0,1
6429,-0.27,1644580785.984375,P02,D01,0,0,1
6430,-0.48,1644580786.0,P02,D01,0,0,1
6431,-0.57,1644580786.015625,P02,D01,0,0,1
6432,-0.46,1644580786.03125,P02,D01,0,0,1
6433,-0.16,1644580786.046875,P02,D01,0,0,1
6434,0.18,1644580786.0625,P02,D01,0,0,1
6435,0.4,1644580786.078125,P02,D01,0,0,1
6436,0.43,1644580786.09375,P02,D01,0,0,1
6437,0.27,1644580786.109375,P02,D01,0,0,1
6438,0.04,1644580786.125,P02,D01,0,0,1
6439,-0.13,1644580786.140625,P02,D01,0,0,1
6440,-0.16,1644580786.15625,P02,D01,0,0,1
6441,-0.07,1644580786.171875,P02,D01,0,0,1
6442,0.07,1644580786.1875,P02,D01,0,0,1
6443,0.2,1644580786.203125,P02,D01,0,0,1
6444,0.28,1644580786.21875,P02,D01,0,0,1
6445,0.3,1644580786.234375,P02,D01,0,0,1
6446,0.3,1644580786.25,P02,D01,0,0,1
6447,0.31,1644580786.265625,P02,D01,0,0,1
6448,0.35,1644580786.28125,P02,D01,0,0,1
6449,0.41,1644580786.296875,P02,D01,0,0,1
6450,0.47,1644580786.3125,P02,D01,0,0,1
6451,0.51,1644580786.328125,P02,D01,0,0,1
6452,0.5,1644580786.34375,P02,D01,0,0,1
6453,0.43,1644580786.359375,P02,D01,0,0,1
6454,0.28,1644580786.375,P02,D01,0,0,1
6455,0.08,1644580786.390625,P02,D01,0,0,1
6456,-0.11,1644580786.40625,P02,D01,0,0,1
6457,-0.21,1644580786.421875,P02,D01,0,0,1
6458,-0.17,1644580786.4375,P02,D01,0,0,1
6459,0.02,1644580786.453125,P02,D01,0,0,1
6460,0.28,1644580786.46875,P02,D01,0,0,1
6461,0.5,1644580786.484375,P02,D01,0,0,1
6462,0.6,1644580786.5,P02,D01,0,0,1
6463,0.53,1644580786.515625,P02,D01,0,0,1
6464,0.34,1644580786.53125,P02,D01,0,0,1
6465,0.08,1644580786.546875,P02,D01,0,0,1
6466,-0.19,1644580786.5625,P02,D01,0,0,1
6467,-0.44,1644580786.578125,P02,D01,0,0,1
6468,-0.65,1644580786.59375,P02,D01,0,0,1
6469,-0.81,1644580786.609375,P02,D01,0,0,1
6470,-0.9,1644580786.625,P02,D01,0,0,1
6471,-0.87,1644580786.640625,P02,D01,0,0,1
6472,-0.74,1644580786.65625,P02,D01,0,0,1
6473,-0.55,1644580786.671875,P02,D01,0,0,1
6474,-0.37,1644580786.6875,P02,D01,0,0,1
6475,-0.27,1644580786.703125,P02,D01,0,0,1
6476,-0.22,1644580786.71875,P02,D01,0,0,1
6477,-0.16,1644580786.734375,P02,D01,0,0,1
6478,-0.08,1644580786.75,P02,D01,0,0,1
6479,0.01,1644580786.765625,P02,D01,0,0,1
6480,0.03,1644580786.78125,P02,D01,0,0,1
6481,-0.11,1644580786.796875,P02,D01,0,0,1
6482,-0.39,1644580786.8125,P02,D01,0,0,1
6483,-0.72,1644580786.828125,P02,D01,0,0,1
6484,-0.96,1644580786.84375,P02,D01,0,0,1
6485,-0.99,1644580786.859375,P02,D01,0,0,1
6486,-0.79,1644580786.875,P02,D01,0,0,1
6487,-0.41,1644580786.890625,P02,D01,0,0,1
6488,0.02,1644580786.90625,P02,D01,0,0,1
6489,0.41,1644580786.921875,P02,D01,0,0,1
6490,0.72,1644580786.9375,P02,D01,0,0,1
6491,0.93,1644580786.953125,P02,D01,0,0,1
6492,1.06,1644580786.96875,P02,D01,0,0,1
6493,1.1,1644580786.984375,P02,D01,0,0,1
6494,1.04,1644580787.0,P02,D01,0,0,1
6495,0.88,1644580787.015625,P02,D01,0,0,1
6496,0.64,1644580787.03125,P02,D01,0,0,1
6497,0.34,1644580787.046875,P02,D01,0,0,1
6498,0.01,1644580787.0625,P02,D01,0,0,1
6499,-0.32,1644580787.078125,P02,D01,0,0,1
6500,-0.61,1644580787.09375,P02,D01,0,0,1
6501,-0.8,1644580787.109375,P02,D01,0,0,1
6502,-0.84,1644580787.125,P02,D01,0,0,1
6503,-0.71,1644580787.140625,P02,D01,0,0,1
6504,-0.44,1644580787.15625,P02,D01,0,0,1
6505,-0.11,1644580787.171875,P02,D01,0,0,1
6506,0.22,1644580787.1875,P02,D01,0,0,1
6507,0.48,1644580787.203125,P02,D01,0,0,1
6508,0.69,1644580787.21875,P02,D01,0,0,1
6509,0.87,1644580787.234375,P02,D01,0,0,1
6510,1.03,1644580787.25,P02,D01,0,0,1
6511,1.12,1644580787.265625,P02,D01,0,0,1
6512,1.07,1644580787.28125,P02,D01,0,0,1
6513,0.86,1644580787.296875,P02,D01,0,0,1
6514,0.51,1644580787.3125,P02,D01,0,0,1
6515,0.11,1644580787.328125,P02,D01,0,0,1
6516,-0.24,1644580787.34375,P02,D01,0,0,1
6517,-0.48,1644580787.359375,P02,D01,0,0,1
6518,-0.58,1644580787.375,P02,D01,0,0,1
6519,-0.61,1644580787.390625,P02,D01,0,0,1
6520,-0.62,1644580787.40625,P02,D01,0,0,1
6521,-0.65,1644580787.421875,P02,D01,0,0,1
6522,-0.69,1644580787.4375,P02,D01,0,0,1
6523,-0.74,1644580787.453125,P02,D01,0,0,1
6524,-0.76,1644580787.46875,P02,D01,0,0,1
6525,-0.72,1644580787.484375,P02,D01,0,0,1
6526,-0.61,1644580787.5,P02,D01,0,0,1
6527,-0.43,1644580787.515625,P02,D01,0,0,1
6528,-0.19,1644580787.53125,P02,D01,0,0,1
6529,0.06,1644580787.546875,P02,D01,0,0,1
6530,0.28,1644580787.5625,P02,D01,0,0,1
6531,0.42,1644580787.578125,P02,D01,0,0,1
6532,0.47,1644580787.59375,P02,D01,0,0,1
6533,0.46,1644580787.609375,P02,D01,0,0,1
6534,0.4,1644580787.625,P02,D01,0,0,1
6535,0.32,1644580787.640625,P02,D01,0,0,1
6536,0.24,1644580787.65625,P02,D01,0,0,1
6537,0.16,1644580787.671875,P02,D01,0,0,1
6538,0.12,1644580787.6875,P02,D01,0,0,1
6539,0.18,1644580787.703125,P02,D01,0,0,1
6540,0.35,1644580787.71875,P02,D01,0,0,1
6541,0.61,1644580787.734375,P02,D01,0,0,1
6542,0.88,1644580787.75,P02,D01,0,0,1
6543,1.0,1644580787.765625,P02,D01,0,0,1
6544,0.88,1644580787.78125,P02,D01,0,0,1
6545,0.52,1644580787.796875,P02,D01,0,0,1
6546,0.05,1644580787.8125,P02,D01,0,0,1
6547,-0.33,1644580787.828125,P02,D01,0,0,1
6548,-0.47,1644580787.84375,P02,D01,0,0,1
6549,-0.35,1644580787.859375,P02,D01,0,0,1
6550,-0.1,1644580787.875,P02,D01,0,0,1
6551,0.09,1644580787.890625,P02,D01,0,0,1
6552,0.08,1644580787.90625,P02,D01,0,0,1
6553,-0.13,1644580787.921875,P02,D01,0,0,1
6554,-0.38,1644580787.9375,P02,D01,0,0,1
6555,-0.52,1644580787.953125,P02,D01,0,0,1
6556,-0.47,1644580787.96875,P02,D01,0,0,1
6557,-0.28,1644580787.984375,P02,D01,0,0,1
6558,-0.1,1644580788.0,P02,D01,0,0,1
6559,-0.07,1644580788.015625,P02,D01,0,0,1
6560,-0.18,1644580788.03125,P02,D01,0,0,1
6561,-0.31,1644580788.046875,P02,D01,0,0,1
6562,-0.3,1644580788.0625,P02,D01,0,0,1
6563,-0.03,1644580788.078125,P02,D01,0,0,1
6564,0.45,1644580788.09375,P02,D01,0,0,1
6565,0.99,1644580788.109375,P02,D01,0,0,1
6566,1.4,1644580788.125,P02,D01,0,0,1
6567,1.53,1644580788.140625,P02,D01,0,0,1
6568,1.4,1644580788.15625,P02,D01,0,0,1
6569,1.07,1644580788.171875,P02,D01,0,0,1
6570,0.68,1644580788.1875,P02,D01,0,0,1
6571,0.35,1644580788.203125,P02,D01,0,0,1
6572,0.14,1644580788.21875,P02,D01,0,0,1
6573,0.01,1644580788.234375,P02,D01,0,0,1
6574,-0.08,1644580788.25,P02,D01,0,0,1
6575,-0.21,1644580788.265625,P02,D01,0,0,1
6576,-0.39,1644580788.28125,P02,D01,0,0,1
6577,-0.59,1644580788.296875,P02,D01,0,0,1
6578,-0.78,1644580788.3125,P02,D01,0,0,1
6579,-0.9,1644580788.328125,P02,D01,0,0,1
6580,-0.92,1644580788.34375,P02,D01,0,0,1
6581,-0.86,1644580788.359375,P02,D01,0,0,1
6582,-0.72,1644580788.375,P02,D01,0,0,1
6583,-0.51,1644580788.390625,P02,D01,0,0,1
6584,-0.26,1644580788.40625,P02,D01,0,0,1
6585,0.02,1644580788.421875,P02,D01,0,0,1
6586,0.3,1644580788.4375,P02,D01,0,0,1
6587,0.51,1644580788.453125,P02,D01,0,0,1
6588,0.64,1644580788.46875,P02,D01,0,0,1
6589,0.65,1644580788.484375,P02,D01,0,0,1
6590,0.56,1644580788.5,P02,D01,0,0,1
6591,0.42,1644580788.515625,P02,D01,0,0,1
6592,0.31,1644580788.53125,P02,D01,0,0,1
6593,0.29,1644580788.546875,P02,D01,0,0,1
6594,0.39,1644580788.5625,P02,D01,0,0,1
6595,0.6,1644580788.578125,P02,D01,0,0,1
6596,0.85,1644580788.59375,P02,D01,0,0,1
6597,1.05,1644580788.609375,P02,D01,0,0,1
6598,1.12,1644580788.625,P02,D01,0,0,1
6599,1.03,1644580788.640625,P02,D01,0,0,1
6600,0.82,1644580788.65625,P02,D01,0,0,1
6601,0.56,1644580788.671875,P02,D01,0,0,1
6602,0.33,1644580788.6875,P02,D01,0,0,1
6603,0.17,1644580788.703125,P02,D01,0,0,1
6604,0.06,1644580788.71875,P02,D01,0,0,1
6605,-0.04,1644580788.734375,P02,D01,0,0,1
6606,-0.15,1644580788.75,P02,D01,0,0,1
6607,-0.26,1644580788.765625,P02,D01,0,0,1
6608,-0.31,1644580788.78125,P02,D01,0,0,1
6609,-0.25,1644580788.796875,P02,D01,0,0,1
6610,-0.07,1644580788.8125,P02,D01,0,0,1
6611,0.19,1644580788.828125,P02,D01,0,0,1
6612,0.44,1644580788.84375,P02,D01,0,0,1
6613,0.6,1644580788.859375,P02,D01,0,0,1
6614,0.6,1644580788.875,P02,D01,0,0,1
6615,0.44,1644580788.890625,P02,D01,0,0,1
6616,0.18,1644580788.90625,P02,D01,0,0,1
6617,-0.07,1644580788.921875,P02,D01,0,0,1
6618,-0.21,1644580788.9375,P02,D01,0,0,1
6619,-0.16,1644580788.953125,P02,D01,0,0,1
6620,0.04,1644580788.96875,P02,D01,0,0,1
6621,0.32,1644580788.984375,P02,D01,0,0,1
6622,0.55,1644580789.0,P02,D01,0,0,1
6623,0.63,1644580789.015625,P02,D01,0,0,1
6624,0.59,1644580789.03125,P02,D01,0,0,1
6625,0.51,1644580789.046875,P02,D01,0,0,1
6626,0.48,1644580789.0625,P02,D01,0,0,1
6627,0.55,1644580789.078125,P02,D01,0,0,1
6628,0.64,1644580789.09375,P02,D01,0,0,1
6629,0.6,1644580789.109375,P02,D01,0,0,1
6630,0.33,1644580789.125,P02,D01,0,0,1
6631,-0.19,1644580789.140625,P02,D01,0,0,1
6632,-0.81,1644580789.15625,P02,D01,0,0,1
6633,-1.34,1644580789.171875,P02,D01,0,0,1
6634,-1.63,1644580789.1875,P02,D01,0,0,1
6635,-1.67,1644580789.203125,P02,D01,0,0,1
6636,-1.58,1644580789.21875,P02,D01,0,0,1
6637,-1.51,1644580789.234375,P02,D01,0,0,1
6638,-1.6,1644580789.25,P02,D01,0,0,1
6639,-1.86,1644580789.265625,P02,D01,0,0,1
6640,-2.18,1644580789.28125,P02,D01,0,0,1
6641,-2.43,1644580789.296875,P02,D01,0,0,1
6642,-2.51,1644580789.3125,P02,D01,0,0,1
6643,-2.38,1644580789.328125,P02,D01,0,0,1
6644,-2.12,1644580789.34375,P02,D01,0,0,1
6645,-1.83,1644580789.359375,P02,D01,0,0,1
6646,-1.58,1644580789.375,P02,D01,0,0,1
6647,-1.41,1644580789.390625,P02,D01,0,0,1
6648,-1.28,1644580789.40625,P02,D01,0,0,1
6649,-1.09,1644580789.421875,P02,D01,0,0,1
6650,-0.77,1644580789.4375,P02,D01,0,0,1
6651,-0.3,1644580789.453125,P02,D01,0,0,1
6652,0.22,1644580789.46875,P02,D01,0,0,1
6653,0.66,1644580789.484375,P02,D01,0,0,1
6654,0.87,1644580789.5,P02,D01,0,0,1
6655,0.82,1644580789.515625,P02,D01,0,0,1
6656,0.59,1644580789.53125,P02,D01,0,0,1
6657,0.33,1644580789.546875,P02,D01,0,0,1
6658,0.21,1644580789.5625,P02,D01,0,0,1
6659,0.28,1644580789.578125,P02,D01,0,0,1
6660,0.46,1644580789.59375,P02,D01,0,0,1
6661,0.64,1644580789.609375,P02,D01,0,0,1
6662,0.7,1644580789.625,P02,D01,0,0,1
6663,0.62,1644580789.640625,P02,D01,0,0,1
6664,0.49,1644580789.65625,P02,D01,0,0,1
6665,0.46,1644580789.671875,P02,D01,0,0,1
6666,0.6,1644580789.6875,P02,D01,0,0,1
6667,0.9,1644580789.703125,P02,D01,0,0,1
6668,1.28,1644580789.71875,P02,D01,0,0,1
6669,1.57,1644580789.734375,P02,D01,0,0,1
6670,1.67,1644580789.75,P02,D01,0,0,1
6671,1.56,1644580789.765625,P02,D01,0,0,1
6672,1.32,1644580789.78125,P02,D01,0,0,1
6673,1.06,1644580789.796875,P02,D01,0,0,1
6674,0.9,1644580789.8125,P02,D01,0,0,1
6675,0.86,1644580789.828125,P02,D01,0,0,1
6676,0.89,1644580789.84375,P02,D01,0,0,1
6677,0.9,1644580789.859375,P02,D01,0,0,1
6678,0.82,1644580789.875,P02,D01,0,0,1
6679,0.65,1644580789.890625,P02,D01,0,0,1
6680,0.47,1644580789.90625,P02,D01,0,0,1
6681,0.37,1644580789.921875,P02,D01,0,0,1
6682,0.37,1644580789.9375,P02,D01,0,0,1
6683,0.47,1644580789.953125,P02,D01,0,0,1
6684,0.56,1644580789.96875,P02,D01,0,0,1
6685,0.56,1644580789.984375,P02,D01,0,0,1
6686,0.39,1644580790.0,P02,D01,0,0,1
6687,0.08,1644580790.015625,P02,D01,0,0,1
6688,-0.31,1644580790.03125,P02,D01,0,0,1
6689,-0.66,1644580790.046875,P02,D01,0,0,1
6690,-0.9,1644580790.0625,P02,D01,0,0,1
6691,-0.99,1644580790.078125,P02,D01,0,0,1
6692,-0.95,1644580790.09375,P02,D01,0,0,1
6693,-0.86,1644580790.109375,P02,D01,0,0,1
6694,-0.82,1644580790.125,P02,D01,0,0,1
6695,-0.88,1644580790.140625,P02,D01,0,0,1
6696,-1.04,1644580790.15625,P02,D01,0,0,1
6697,-1.22,1644580790.171875,P02,D01,0,0,1
6698,-1.28,1644580790.1875,P02,D01,0,0,1
6699,-1.13,1644580790.203125,P02,D01,0,0,1
6700,-0.76,1644580790.21875,P02,D01,0,0,1
6701,-0.32,1644580790.234375,P02,D01,0,0,1
6702,0.03,1644580790.25,P02,D01,0,0,1
6703,0.13,1644580790.265625,P02,D01,0,0,1
6704,-0.03,1644580790.28125,P02,D01,0,0,1
6705,-0.35,1644580790.296875,P02,D01,0,0,1
6706,-0.64,1644580790.3125,P02,D01,0,0,1
6707,-0.74,1644580790.328125,P02,D01,0,0,1
6708,-0.63,1644580790.34375,P02,D01,0,0,1
6709,-0.36,1644580790.359375,P02,D01,0,0,1
6710,-0.03,1644580790.375,P02,D01,0,0,1
6711,0.24,1644580790.390625,P02,D01,0,0,1
6712,0.42,1644580790.40625,P02,D01,0,0,1
6713,0.51,1644580790.421875,P02,D01,0,0,1
6714,0.49,1644580790.4375,P02,D01,0,0,1
6715,0.39,1644580790.453125,P02,D01,0,0,1
6716,0.2,1644580790.46875,P02,D01,0,0,1
6717,-0.04,1644580790.484375,P02,D01,0,0,1
6718,-0.25,1644580790.5,P02,D01,0,0,1
6719,-0.37,1644580790.515625,P02,D01,0,0,1
6720,-0.36,1644580790.53125,P02,D01,0,0,1
6721,-0.24,1644580790.546875,P02,D01,0,0,1
6722,-0.07,1644580790.5625,P02,D01,0,0,1
6723,0.07,1644580790.578125,P02,D01,0,0,1
6724,0.14,1644580790.59375,P02,D01,0,0,1
6725,0.16,1644580790.609375,P02,D01,0,0,1
6726,0.16,1644580790.625,P02,D01,0,0,1
6727,0.19,1644580790.640625,P02,D01,0,0,1
6728,0.25,1644580790.65625,P02,D01,0,0,1
6729,0.3,1644580790.671875,P02,D01,0,0,1
6730,0.3,1644580790.6875,P02,D01,0,0,1
6731,0.21,1644580790.703125,P02,D01,0,0,1
6732,0.05,1644580790.71875,P02,D01,0,0,1
6733,-0.12,1644580790.734375,P02,D01,0,0,1
6734,-0.22,1644580790.75,P02,D01,0,0,1
6735,-0.19,1644580790.765625,P02,D01,0,0,1
6736,-0.05,1644580790.78125,P02,D01,0,0,1
6737,0.14,1644580790.796875,P02,D01,0,0,1
6738,0.27,1644580790.8125,P02,D01,0,0,1
6739,0.27,1644580790.828125,P02,D01,0,0,1
6740,0.14,1644580790.84375,P02,D01,0,0,1
6741,-0.06,1644580790.859375,P02,D01,0,0,1
6742,-0.24,1644580790.875,P02,D01,0,0,1
6743,-0.33,1644580790.890625,P02,D01,0,0,1
6744,-0.34,1644580790.90625,P02,D01,0,0,1
6745,-0.29,1644580790.921875,P02,D01,0,0,1
6746,-0.24,1644580790.9375,P02,D01,0,0,1
6747,-0.22,1644580790.953125,P02,D01,0,0,1
6748,-0.2,1644580790.96875,P02,D01,0,0,1
6749,-0.15,1644580790.984375,P02,D01,0,0,1
6750,-0.07,1644580791.0,P02,D01,0,0,1
6751,0.03,1644580791.015625,P02,D01,0,0,1
6752,0.1,1644580791.03125,P02,D01,0,0,1
6753,0.12,1644580791.046875,P02,D01,0,0,1
6754,0.09,1644580791.0625,P02,D01,0,0,1
6755,0.04,1644580791.078125,P02,D01,0,0,1
6756,-0.01,1644580791.09375,P02,D01,0,0,1
6757,-0.06,1644580791.109375,P02,D01,0,0,1
6758,-0.13,1644580791.125,P02,D01,0,0,1
6759,-0.21,1644580791.140625,P02,D01,0,0,1
6760,-0.29,1644580791.15625,P02,D01,0,0,1
6761,-0.32,1644580791.171875,P02,D01,0,0,1
6762,-0.26,1644580791.1875,P02,D01,0,0,1
6763,-0.09,1644580791.203125,P02,D01,0,0,1
6764,0.17,1644580791.21875,P02,D01,0,0,1
6765,0.45,1644580791.234375,P02,D01,0,0,1
6766,0.68,1644580791.25,P02,D01,0,0,1
6767,0.79,1644580791.265625,P02,D01,0,0,1
6768,0.74,1644580791.28125,P02,D01,0,0,1
6769,0.55,1644580791.296875,P02,D01,0,0,1
6770,0.25,1644580791.3125,P02,D01,0,0,1
6771,-0.09,1644580791.328125,P02,D01,0,0,1
6772,-0.37,1644580791.34375,P02,D01,0,0,1
6773,-0.53,1644580791.359375,P02,D01,0,0,1
6774,-0.53,1644580791.375,P02,D01,0,0,1
6775,-0.39,1644580791.390625,P02,D01,0,0,1
6776,-0.19,1644580791.40625,P02,D01,0,0,1
6777,-0.02,1644580791.421875,P02,D01,0,0,1
6778,0.03,1644580791.4375,P02,D01,0,0,1
6779,-0.04,1644580791.453125,P02,D01,0,0,1
6780,-0.22,1644580791.46875,P02,D01,0,0,1
6781,-0.43,1644580791.484375,P02,D01,0,0,1
6782,-0.63,1644580791.5,P02,D01,0,0,1
6783,-0.8,1644580791.515625,P02,D01,0,0,1
6784,-0.93,1644580791.53125,P02,D01,0,0,1
6785,-0.99,1644580791.546875,P02,D01,0,0,1
6786,-0.96,1644580791.5625,P02,D01,0,0,1
6787,-0.78,1644580791.578125,P02,D01,0,0,1
6788,-0.47,1644580791.59375,P02,D01,0,0,1
6789,-0.09,1644580791.609375,P02,D01,0,0,1
6790,0.23,1644580791.625,P02,D01,0,0,1
6791,0.37,1644580791.640625,P02,D01,0,0,1
6792,0.31,1644580791.65625,P02,D01,0,0,1
6793,0.08,1644580791.671875,P02,D01,0,0,1
6794,-0.2,1644580791.6875,P02,D01,0,0,1
6795,-0.39,1644580791.703125,P02,D01,0,0,1
6796,-0.38,1644580791.71875,P02,D01,0,0,1
6797,-0.14,1644580791.734375,P02,D01,0,0,1
6798,0.3,1644580791.75,P02,D01,0,0,1
6799,0.85,1644580791.765625,P02,D01,0,0,1
6800,1.4,1644580791.78125,P02,D01,0,0,1
6801,1.79,1644580791.796875,P02,D01,0,0,1
6802,1.91,1644580791.8125,P02,D01,0,0,1
6803,1.72,1644580791.828125,P02,D01,0,0,1
6804,1.3,1644580791.84375,P02,D01,0,0,1
6805,0.81,1644580791.859375,P02,D01,0,0,1
6806,0.42,1644580791.875,P02,D01,0,0,1
6807,0.23,1644580791.890625,P02,D01,0,0,1
6808,0.2,1644580791.90625,P02,D01,0,0,1
6809,0.22,1644580791.921875,P02,D01,0,0,1
6810,0.16,1644580791.9375,P02,D01,0,0,1
6811,-0.03,1644580791.953125,P02,D01,0,0,1
6812,-0.32,1644580791.96875,P02,D01,0,0,1
6813,-0.57,1644580791.984375,P02,D01,0,0,1
6814,-0.69,1644580792.0,P02,D01,0,0,1
6815,-0.62,1644580792.015625,P02,D01,0,0,1
6816,-0.44,1644580792.03125,P02,D01,0,0,1
6817,-0.24,1644580792.046875,P02,D01,0,0,1
6818,-0.15,1644580792.0625,P02,D01,0,0,1
6819,-0.2,1644580792.078125,P02,D01,0,0,1
6820,-0.32,1644580792.09375,P02,D01,0,0,1
6821,-0.41,1644580792.109375,P02,D01,0,0,1
6822,-0.37,1644580792.125,P02,D01,0,0,1
6823,-0.14,1644580792.140625,P02,D01,0,0,1
6824,0.23,1644580792.15625,P02,D01,0,0,1
6825,0.62,1644580792.171875,P02,D01,0,0,1
6826,0.89,1644580792.1875,P02,D01,0,0,1
6827,0.97,1644580792.203125,P02,D01,0,0,1
6828,0.86,1644580792.21875,P02,D01,0,0,1
6829,0.62,1644580792.234375,P02,D01,0,0,1
6830,0.36,1644580792.25,P02,D01,0,0,1
6831,0.16,1644580792.265625,P02,D01,0,0,1
6832,0.04,1644580792.28125,P02,D01,0,0,1
6833,-0.02,1644580792.296875,P02,D01,0,0,1
6834,-0.05,1644580792.3125,P02,D01,0,0,1
6835,-0.09,1644580792.328125,P02,D01,0,0,1
6836,-0.12,1644580792.34375,P02,D01,0,0,1
6837,-0.11,1644580792.359375,P02,D01,0,0,1
6838,-0.03,1644580792.375,P02,D01,0,0,1
6839,0.11,1644580792.390625,P02,D01,0,0,1
6840,0.27,1644580792.40625,P02,D01,0,0,1
6841,0.38,1644580792.421875,P02,D01,0,0,1
6842,0.4,1644580792.4375,P02,D01,0,0,1
6843,0.33,1644580792.453125,P02,D01,0,0,1
6844,0.19,1644580792.46875,P02,D01,0,0,1
6845,0.05,1644580792.484375,P02,D01,0,0,1
6846,-0.02,1644580792.5,P02,D01,0,0,1
6847,0.0,1644580792.515625,P02,D01,0,0,1
6848,0.1,1644580792.53125,P02,D01,0,0,1
6849,0.2,1644580792.546875,P02,D01,0,0,1
6850,0.23,1644580792.5625,P02,D01,0,0,1
6851,0.13,1644580792.578125,P02,D01,0,0,1
6852,-0.1,1644580792.59375,P02,D01,0,0,1
6853,-0.43,1644580792.609375,P02,D01,0,0,1
6854,-0.8,1644580792.625,P02,D01,0,0,1
6855,-1.11,1644580792.640625,P02,D01,0,0,1
6856,-1.28,1644580792.65625,P02,D01,0,0,1
6857,-1.28,1644580792.671875,P02,D01,0,0,1
6858,-1.11,1644580792.6875,P02,D01,0,0,1
6859,-0.81,1644580792.703125,P02,D01,0,0,1
6860,-0.47,1644580792.71875,P02,D01,0,0,1
6861,-0.18,1644580792.734375,P02,D01,0,0,1
6862,-0.02,1644580792.75,P02,D01,0,0,1
6863,-0.01,1644580792.765625,P02,D01,0,0,1
6864,-0.12,1644580792.78125,P02,D01,0,0,1
6865,-0.28,1644580792.796875,P02,D01,0,0,1
6866,-0.41,1644580792.8125,P02,D01,0,0,1
6867,-0.46,1644580792.828125,P02,D01,0,0,1
6868,-0.43,1644580792.84375,P02,D01,0,0,1
6869,-0.32,1644580792.859375,P02,D01,0,0,1
6870,-0.21,1644580792.875,P02,D01,0,0,1
6871,-0.12,1644580792.890625,P02,D01,0,0,1
6872,-0.09,1644580792.90625,P02,D01,0,0,1
6873,-0.12,1644580792.921875,P02,D01,0,0,1
6874,-0.21,1644580792.9375,P02,D01,0,0,1
6875,-0.32,1644580792.953125,P02,D01,0,0,1
6876,-0.39,1644580792.96875,P02,D01,0,0,1
6877,-0.34,1644580792.984375,P02,D01,0,0,1
6878,-0.12,1644580793.0,P02,D01,0,0,1
6879,0.28,1644580793.015625,P02,D01,0,0,1
6880,0.77,1644580793.03125,P02,D01,0,0,1
6881,1.21,1644580793.046875,P02,D01,0,0,1
6882,1.47,1644580793.0625,P02,D01,0,0,1
6883,1.49,1644580793.078125,P02,D01,0,0,1
6884,1.27,1644580793.09375,P02,D01,0,0,1
6885,0.91,1644580793.109375,P02,D01,0,0,1
6886,0.55,1644580793.125,P02,D01,0,0,1
6887,0.27,1644580793.140625,P02,D01,0,0,1
6888,0.12,1644580793.15625,P02,D01,0,0,1
6889,0.09,1644580793.171875,P02,D01,0,0,1
6890,0.13,1644580793.1875,P02,D01,0,0,1
6891,0.19,1644580793.203125,P02,D01,0,0,1
6892,0.24,1644580793.21875,P02,D01,0,0,1
6893,0.26,1644580793.234375,P02,D01,0,0,1
6894,0.25,1644580793.25,P02,D01,0,0,1
6895,0.23,1644580793.265625,P02,D01,0,0,1
6896,0.24,1644580793.28125,P02,D01,0,0,1
6897,0.32,1644580793.296875,P02,D01,0,0,1
6898,0.47,1644580793.3125,P02,D01,0,0,1
6899,0.7,1644580793.328125,P02,D01,0,0,1
6900,0.93,1644580793.34375,P02,D01,0,0,1
6901,1.08,1644580793.359375,P02,D01,0,0,1
6902,1.06,1644580793.375,P02,D01,0,0,1
6903,0.84,1644580793.390625,P02,D01,0,0,1
6904,0.44,1644580793.40625,P02,D01,0,0,1
6905,-0.06,1644580793.421875,P02,D01,0,0,1
6906,-0.53,1644580793.4375,P02,D01,0,0,1
6907,-0.88,1644580793.453125,P02,D01,0,0,1
6908,-1.04,1644580793.46875,P02,D01,0,0,1
6909,-1.01,1644580793.484375,P02,D01,0,0,1
6910,-0.82,1644580793.5,P02,D01,0,0,1
6911,-0.53,1644580793.515625,P02,D01,0,0,1
6912,-0.23,1644580793.53125,P02,D01,0,0,1
6913,0.01,1644580793.546875,P02,D01,0,0,1
6914,0.13,1644580793.5625,P02,D01,0,0,1
6915,0.13,1644580793.578125,P02,D01,0,0,1
6916,0.04,1644580793.59375,P02,D01,0,0,1
6917,-0.07,1644580793.609375,P02,D01,0,0,1
6918,-0.12,1644580793.625,P02,D01,0,0,1
6919,-0.12,1644580793.640625,P02,D01,0,0,1
6920,-0.1,1644580793.65625,P02,D01,0,0,1
6921,-0.13,1644580793.671875,P02,D01,0,0,1
6922,-0.26,1644580793.6875,P02,D01,0,0,1
6923,-0.45,1644580793.703125,P02,D01,0,0,1
6924,-0.61,1644580793.71875,P02,D01,0,0,1
6925,-0.62,1644580793.734375,P02,D01,0,0,1
6926,-0.44,1644580793.75,P02,D01,0,0,1
6927,-0.11,1644580793.765625,P02,D01,0,0,1
6928,0.25,1644580793.78125,P02,D01,0,0,1
6929,0.5,1644580793.796875,P02,D01,0,0,1
6930,0.57,1644580793.8125,P02,D01,0,0,1
6931,0.48,1644580793.828125,P02,D01,0,0,1
6932,0.28,1644580793.84375,P02,D01,0,0,1
6933,0.07,1644580793.859375,P02,D01,0,0,1
6934,-0.1,1644580793.875,P02,D01,0,0,1
6935,-0.2,1644580793.890625,P02,D01,0,0,1
6936,-0.22,1644580793.90625,P02,D01,0,0,1
6937,-0.17,1644580793.921875,P02,D01,0,0,1
6938,-0.07,1644580793.9375,P02,D01,0,0,1
6939,0.04,1644580793.953125,P02,D01,0,0,1
6940,0.14,1644580793.96875,P02,D01,0,0,1
6941,0.19,1644580793.984375,P02,D01,0,0,1
6942,0.2,1644580794.0,P02,D01,0,0,1
6943,0.18,1644580794.015625,P02,D01,0,0,1
6944,0.13,1644580794.03125,P02,D01,0,0,1
6945,0.03,1644580794.046875,P02,D01,0,0,1
6946,-0.13,1644580794.0625,P02,D01,0,0,1
6947,-0.35,1644580794.078125,P02,D01,0,0,1
6948,-0.59,1644580794.09375,P02,D01,0,0,1
6949,-0.73,1644580794.109375,P02,D01,0,0,1
6950,-0.71,1644580794.125,P02,D01,0,0,1
6951,-0.48,1644580794.140625,P02,D01,0,0,1
6952,-0.13,1644580794.15625,P02,D01,0,0,1
6953,0.22,1644580794.171875,P02,D01,0,0,1
6954,0.45,1644580794.1875,P02,D01,0,0,1
6955,0.49,1644580794.203125,P02,D01,0,0,1
6956,0.34,1644580794.21875,P02,D01,0,0,1
6957,0.07,1644580794.234375,P02,D01,0,0,1
6958,-0.23,1644580794.25,P02,D01,0,0,1
6959,-0.49,1644580794.265625,P02,D01,0,0,1
6960,-0.67,1644580794.28125,P02,D01,0,0,1
6961,-0.73,1644580794.296875,P02,D01,0,0,1
6962,-0.65,1644580794.3125,P02,D01,0,0,1
6963,-0.46,1644580794.328125,P02,D01,0,0,1
6964,-0.21,1644580794.34375,P02,D01,0,0,1
6965,0.01,1644580794.359375,P02,D01,0,0,1
6966,0.15,1644580794.375,P02,D01,0,0,1
6967,0.17,1644580794.390625,P02,D01,0,0,1
6968,0.12,1644580794.40625,P02,D01,0,0,1
6969,0.02,1644580794.421875,P02,D01,0,0,1
6970,-0.07,1644580794.4375,P02,D01,0,0,1
6971,-0.11,1644580794.453125,P02,D01,0,0,1
6972,-0.08,1644580794.46875,P02,D01,0,0,1
6973,0.01,1644580794.484375,P02,D01,0,0,1
6974,0.14,1644580794.5,P02,D01,0,0,1
6975,0.27,1644580794.515625,P02,D01,0,0,1
6976,0.34,1644580794.53125,P02,D01,0,0,1
6977,0.32,1644580794.546875,P02,D01,0,0,1
6978,0.24,1644580794.5625,P02,D01,0,0,1
6979,0.17,1644580794.578125,P02,D01,0,0,1
6980,0.21,1644580794.59375,P02,D01,0,0,1
6981,0.41,1644580794.609375,P02,D01,0,0,1
6982,0.72,1644580794.625,P02,D01,0,0,1
6983,1.03,1644580794.640625,P02,D01,0,0,1
6984,1.19,1644580794.65625,P02,D01,0,0,1
6985,1.13,1644580794.671875,P02,D01,0,0,1
6986,0.84,1644580794.6875,P02,D01,0,0,1
6987,0.39,1644580794.703125,P02,D01,0,0,1
6988,-0.08,1644580794.71875,P02,D01,0,0,1
6989,-0.48,1644580794.734375,P02,D01,0,0,1
6990,-0.71,1644580794.75,P02,D01,0,0,1
6991,-0.75,1644580794.765625,P02,D01,0,0,1
6992,-0.59,1644580794.78125,P02,D01,0,0,1
6993,-0.28,1644580794.796875,P02,D01,0,0,1
6994,0.09,1644580794.8125,P02,D01,0,0,1
6995,0.43,1644580794.828125,P02,D01,0,0,1
6996,0.64,1644580794.84375,P02,D01,0,0,1
6997,0.66,1644580794.859375,P02,D01,0,0,1
6998,0.46,1644580794.875,P02,D01,0,0,1
6999,0.1,1644580794.890625,P02,D01,0,0,1
7000,-0.36,1644580794.90625,P02,D01,0,0,1
7001,-0.78,1644580794.921875,P02,D01,0,0,1
7002,-1.05,1644580794.9375,P02,D01,0,0,1
7003,-1.07,1644580794.953125,P02,D01,0,0,1
7004,-0.8,1644580794.96875,P02,D01,0,0,1
7005,-0.32,1644580794.984375,P02,D01,0,0,1
7006,0.21,1644580795.0,P02,D01,0,0,1
7007,0.61,1644580795.015625,P02,D01,0,0,1
7008,0.74,1644580795.03125,P02,D01,0,0,1
7009,0.57,1644580795.046875,P02,D01,0,0,1
7010,0.19,1644580795.0625,P02,D01,0,0,1
7011,-0.23,1644580795.078125,P02,D01,0,0,1
7012,-0.52,1644580795.09375,P02,D01,0,0,1
7013,-0.6,1644580795.109375,P02,D01,0,0,1
7014,-0.47,1644580795.125,P02,D01,0,0,1
7015,-0.22,1644580795.140625,P02,D01,0,0,1
7016,0.03,1644580795.15625,P02,D01,0,0,1
7017,0.2,1644580795.171875,P02,D01,0,0,1
7018,0.26,1644580795.1875,P02,D01,0,0,1
7019,0.24,1644580795.203125,P02,D01,0,0,1
7020,0.18,1644580795.21875,P02,D01,0,0,1
7021,0.09,1644580795.234375,P02,D01,0,0,1
7022,-0.02,1644580795.25,P02,D01,0,0,1
7023,-0.15,1644580795.265625,P02,D01,0,0,1
7024,-0.3,1644580795.28125,P02,D01,0,0,1
7025,-0.41,1644580795.296875,P02,D01,0,0,1
7026,-0.41,1644580795.3125,P02,D01,0,0,1
7027,-0.25,1644580795.328125,P02,D01,0,0,1
7028,0.07,1644580795.34375,P02,D01,0,0,1
7029,0.45,1644580795.359375,P02,D01,0,0,1
7030,0.77,1644580795.375,P02,D01,0,0,1
7031,0.92,1644580795.390625,P02,D01,0,0,1
7032,0.87,1644580795.40625,P02,D01,0,0,1
7033,0.66,1644580795.421875,P02,D01,0,0,1
7034,0.42,1644580795.4375,P02,D01,0,0,1
7035,0.23,1644580795.453125,P02,D01,0,0,1
7036,0.15,1644580795.46875,P02,D01,0,0,1
7037,0.17,1644580795.484375,P02,D01,0,0,1
7038,0.22,1644580795.5,P02,D01,0,0,1
7039,0.23,1644580795.515625,P02,D01,0,0,1
7040,0.13,1644580795.53125,P02,D01,0,0,1
7041,-0.05,1644580795.546875,P02,D01,0,0,1
7042,-0.28,1644580795.5625,P02,D01,0,0,1
7043,-0.48,1644580795.578125,P02,D01,0,0,1
7044,-0.57,1644580795.59375,P02,D01,0,0,1
7045,-0.52,1644580795.609375,P02,D01,0,0,1
7046,-0.33,1644580795.625,P02,D01,0,0,1
7047,-0.05,1644580795.640625,P02,D01,0,0,1
7048,0.26,1644580795.65625,P02,D01,0,0,1
7049,0.51,1644580795.671875,P02,D01,0,0,1
7050,0.65,1644580795.6875,P02,D01,0,0,1
7051,0.6,1644580795.703125,P02,D01,0,0,1
7052,0.38,1644580795.71875,P02,D01,0,0,1
7053,0.02,1644580795.734375,P02,D01,0,0,1
7054,-0.39,1644580795.75,P02,D01,0,0,1
7055,-0.72,1644580795.765625,P02,D01,0,0,1
7056,-0.89,1644580795.78125,P02,D01,0,0,1
7057,-0.89,1644580795.796875,P02,D01,0,0,1
7058,-0.76,1644580795.8125,P02,D01,0,0,1
7059,-0.58,1644580795.828125,P02,D01,0,0,1
7060,-0.44,1644580795.84375,P02,D01,0,0,1
7061,-0.38,1644580795.859375,P02,D01,0,0,1
7062,-0.4,1644580795.875,P02,D01,0,0,1
7063,-0.46,1644580795.890625,P02,D01,0,0,1
7064,-0.51,1644580795.90625,P02,D01,0,0,1
7065,-0.54,1644580795.921875,P02,D01,0,0,1
7066,-0.55,1644580795.9375,P02,D01,0,0,1
7067,-0.59,1644580795.953125,P02,D01,0,0,1
7068,-0.66,1644580795.96875,P02,D01,0,0,1
7069,-0.77,1644580795.984375,P02,D01,0,0,1
7070,-0.87,1644580796.0,P02,D01,0,0,1
7071,-0.89,1644580796.015625,P02,D01,0,0,1
7072,-0.79,1644580796.03125,P02,D01,0,0,1
7073,-0.56,1644580796.046875,P02,D01,0,0,1
7074,-0.23,1644580796.0625,P02,D01,0,0,1
7075,0.14,1644580796.078125,P02,D01,0,0,1
7076,0.45,1644580796.09375,P02,D01,0,0,1
7077,0.63,1644580796.109375,P02,D01,0,0,1
7078,0.63,1644580796.125,P02,D01,0,0,1
7079,0.49,1644580796.140625,P02,D01,0,0,1
7080,0.25,1644580796.15625,P02,D01,0,0,1
7081,-0.0,1644580796.171875,P02,D01,0,0,1
7082,-0.18,1644580796.1875,P02,D01,0,0,1
7083,-0.24,1644580796.203125,P02,D01,0,0,1
7084,-0.14,1644580796.21875,P02,D01,0,0,1
7085,0.09,1644580796.234375,P02,D01,0,0,1
7086,0.41,1644580796.25,P02,D01,0,0,1
7087,0.71,1644580796.265625,P02,D01,0,0,1
7088,0.94,1644580796.28125,P02,D01,0,0,1
7089,1.01,1644580796.296875,P02,D01,0,0,1
7090,0.9,1644580796.3125,P02,D01,0,0,1
7091,0.64,1644580796.328125,P02,D01,0,0,1
7092,0.33,1644580796.34375,P02,D01,0,0,1
7093,0.06,1644580796.359375,P02,D01,0,0,1
7094,-0.04,1644580796.375,P02,D01,0,0,1
7095,0.06,1644580796.390625,P02,D01,0,0,1
7096,0.32,1644580796.40625,P02,D01,0,0,1
7097,0.62,1644580796.421875,P02,D01,0,0,1
7098,0.86,1644580796.4375,P02,D01,0,0,1
7099,0.95,1644580796.453125,P02,D01,0,0,1
7100,0.89,1644580796.46875,P02,D01,0,0,1
7101,0.73,1644580796.484375,P02,D01,0,0,1
7102,0.53,1644580796.5,P02,D01,0,0,1
7103,0.31,1644580796.515625,P02,D01,0,0,1
7104,0.09,1644580796.53125,P02,D01,0,0,1
7105,-0.1,1644580796.546875,P02,D01,0,0,1
7106,-0.25,1644580796.5625,P02,D01,0,0,1
7107,-0.33,1644580796.578125,P02,D01,0,0,1
7108,-0.3,1644580796.59375,P02,D01,0,0,1
7109,-0.19,1644580796.609375,P02,D01,0,0,1
7110,-0.05,1644580796.625,P02,D01,0,0,1
7111,0.03,1644580796.640625,P02,D01,0,0,1
7112,0.01,1644580796.65625,P02,D01,0,0,1
7113,-0.13,1644580796.671875,P02,D01,0,0,1
7114,-0.36,1644580796.6875,P02,D01,0,0,1
7115,-0.6,1644580796.703125,P02,D01,0,0,1
7116,-0.78,1644580796.71875,P02,D01,0,0,1
7117,-0.85,1644580796.734375,P02,D01,0,0,1
7118,-0.78,1644580796.75,P02,D01,0,0,1
7119,-0.63,1644580796.765625,P02,D01,0,0,1
7120,-0.43,1644580796.78125,P02,D01,0,0,1
7121,-0.28,1644580796.796875,P02,D01,0,0,1
7122,-0.2,1644580796.8125,P02,D01,0,0,1
7123,-0.21,1644580796.828125,P02,D01,0,0,1
7124,-0.24,1644580796.84375,P02,D01,0,0,1
7125,-0.23,1644580796.859375,P02,D01,0,0,1
7126,-0.12,1644580796.875,P02,D01,0,0,1
7127,0.07,1644580796.890625,P02,D01,0,0,1
7128,0.28,1644580796.90625,P02,D01,0,0,1
7129,0.44,1644580796.921875,P02,D01,0,0,1
7130,0.47,1644580796.9375,P02,D01,0,0,1
7131,0.33,1644580796.953125,P02,D01,0,0,1
7132,0.05,1644580796.96875,P02,D01,0,0,1
7133,-0.33,1644580796.984375,P02,D01,0,0,1
7134,-0.75,1644580797.0,P02,D01,0,0,1
7135,-1.13,1644580797.015625,P02,D01,0,0,1
7136,-1.39,1644580797.03125,P02,D01,0,0,1
7137,-1.44,1644580797.046875,P02,D01,0,0,1
7138,-1.23,1644580797.0625,P02,D01,0,0,1
7139,-0.79,1644580797.078125,P02,D01,0,0,1
7140,-0.21,1644580797.09375,P02,D01,0,0,1
7141,0.38,1644580797.109375,P02,D01,0,0,1
7142,0.83,1644580797.125,P02,D01,0,0,1
7143,1.05,1644580797.140625,P02,D01,0,0,1
7144,1.01,1644580797.15625,P02,D01,0,0,1
7145,0.78,1644580797.171875,P02,D01,0,0,1
7146,0.46,1644580797.1875,P02,D01,0,0,1
7147,0.15,1644580797.203125,P02,D01,0,0,1
7148,-0.04,1644580797.21875,P02,D01,0,0,1
7149,-0.08,1644580797.234375,P02,D01,0,0,1
7150,0.01,1644580797.25,P02,D01,0,0,1
7151,0.17,1644580797.265625,P02,D01,0,0,1
7152,0.3,1644580797.28125,P02,D01,0,0,1
7153,0.32,1644580797.296875,P02,D01,0,0,1
7154,0.17,1644580797.3125,P02,D01,0,0,1
7155,-0.1,1644580797.328125,P02,D01,0,0,1
7156,-0.41,1644580797.34375,P02,D01,0,0,1
7157,-0.62,1644580797.359375,P02,D01,0,0,1
7158,-0.66,1644580797.375,P02,D01,0,0,1
7159,-0.57,1644580797.390625,P02,D01,0,0,1
7160,-0.43,1644580797.40625,P02,D01,0,0,1
7161,-0.36,1644580797.421875,P02,D01,0,0,1
7162,-0.42,1644580797.4375,P02,D01,0,0,1
7163,-0.6,1644580797.453125,P02,D01,0,0,1
7164,-0.79,1644580797.46875,P02,D01,0,0,1
7165,-0.87,1644580797.484375,P02,D01,0,0,1
7166,-0.79,1644580797.5,P02,D01,0,0,1
7167,-0.56,1644580797.515625,P02,D01,0,0,1
7168,-0.3,1644580797.53125,P02,D01,0,0,1
7169,-0.07,1644580797.546875,P02,D01,0,0,1
7170,0.08,1644580797.5625,P02,D01,0,0,1
7171,0.19,1644580797.578125,P02,D01,0,0,1
7172,0.3,1644580797.59375,P02,D01,0,0,1
7173,0.43,1644580797.609375,P02,D01,0,0,1
7174,0.54,1644580797.625,P02,D01,0,0,1
7175,0.57,1644580797.640625,P02,D01,0,0,1
7176,0.5,1644580797.65625,P02,D01,0,0,1
7177,0.34,1644580797.671875,P02,D01,0,0,1
7178,0.19,1644580797.6875,P02,D01,0,0,1
7179,0.12,1644580797.703125,P02,D01,0,0,1
7180,0.14,1644580797.71875,P02,D01,0,0,1
7181,0.21,1644580797.734375,P02,D01,0,0,1
7182,0.23,1644580797.75,P02,D01,0,0,1
7183,0.14,1644580797.765625,P02,D01,0,0,1
7184,-0.06,1644580797.78125,P02,D01,0,0,1
7185,-0.28,1644580797.796875,P02,D01,0,0,1
7186,-0.46,1644580797.8125,P02,D01,0,0,1
7187,-0.55,1644580797.828125,P02,D01,0,0,1
7188,-0.56,1644580797.84375,P02,D01,0,0,1
7189,-0.56,1644580797.859375,P02,D01,0,0,1
7190,-0.55,1644580797.875,P02,D01,0,0,1
7191,-0.52,1644580797.890625,P02,D01,0,0,1
7192,-0.39,1644580797.90625,P02,D01,0,0,1
7193,-0.11,1644580797.921875,P02,D01,0,0,1
7194,0.28,1644580797.9375,P02,D01,0,0,1
7195,0.65,1644580797.953125,P02,D01,0,0,1
7196,0.85,1644580797.96875,P02,D01,0,0,1
7197,0.81,1644580797.984375,P02,D01,0,0,1
7198,0.56,1644580798.0,P02,D01,0,0,1
7199,0.24,1644580798.015625,P02,D01,0,0,1
7200,0.01,1644580798.03125,P02,D01,0,0,1
7201,-0.05,1644580798.046875,P02,D01,0,0,1
7202,0.04,1644580798.0625,P02,D01,0,0,1
7203,0.18,1644580798.078125,P02,D01,0,0,1
7204,0.23,1644580798.09375,P02,D01,0,0,1
7205,0.15,1644580798.109375,P02,D01,0,0,1
7206,-0.05,1644580798.125,P02,D01,0,0,1
7207,-0.27,1644580798.140625,P02,D01,0,0,1
7208,-0.41,1644580798.15625,P02,D01,0,0,1
7209,-0.4,1644580798.171875,P02,D01,0,0,1
7210,-0.26,1644580798.1875,P02,D01,0,0,1
7211,-0.01,1644580798.203125,P02,D01,0,0,1
7212,0.26,1644580798.21875,P02,D01,0,0,1
7213,0.48,1644580798.234375,P02,D01,0,0,1
7214,0.59,1644580798.25,P02,D01,0,0,1
7215,0.58,1644580798.265625,P02,D01,0,0,1
7216,0.49,1644580798.28125,P02,D01,0,0,1
7217,0.4,1644580798.296875,P02,D01,0,0,1
7218,0.38,1644580798.3125,P02,D01,0,0,1
7219,0.47,1644580798.328125,P02,D01,0,0,1
7220,0.65,1644580798.34375,P02,D01,0,0,1
7221,0.84,1644580798.359375,P02,D01,0,0,1
7222,0.95,1644580798.375,P02,D01,0,0,1
7223,0.93,1644580798.390625,P02,D01,0,0,1
7224,0.78,1644580798.40625,P02,D01,0,0,1
7225,0.58,1644580798.421875,P02,D01,0,0,1
7226,0.43,1644580798.4375,P02,D01,0,0,1
7227,0.39,1644580798.453125,P02,D01,0,0,1
7228,0.48,1644580798.46875,P02,D01,0,0,1
7229,0.66,1644580798.484375,P02,D01,0,0,1
7230,0.88,1644580798.5,P02,D01,0,0,1
7231,1.07,1644580798.515625,P02,D01,0,0,1
7232,1.21,1644580798.53125,P02,D01,0,0,1
7233,1.31,1644580798.546875,P02,D01,0,0,1
7234,1.37,1644580798.5625,P02,D01,0,0,1
7235,1.38,1644580798.578125,P02,D01,0,0,1
7236,1.31,1644580798.59375,P02,D01,0,0,1
7237,1.13,1644580798.609375,P02,D01,0,0,1
7238,0.82,1644580798.625,P02,D01,0,0,1
7239,0.39,1644580798.640625,P02,D01,0,0,1
7240,-0.12,1644580798.65625,P02,D01,0,0,1
7241,-0.64,1644580798.671875,P02,D01,0,0,1
7242,-1.09,1644580798.6875,P02,D01,0,0,1
7243,-1.42,1644580798.703125,P02,D01,0,0,1
7244,-1.57,1644580798.71875,P02,D01,0,0,1
7245,-1.53,1644580798.734375,P02,D01,0,0,1
7246,-1.28,1644580798.75,P02,D01,0,0,1
7247,-0.89,1644580798.765625,P02,D01,0,0,1
7248,-0.43,1644580798.78125,P02,D01,0,0,1
7249,-0.02,1644580798.796875,P02,D01,0,0,1
7250,0.26,1644580798.8125,P02,D01,0,0,1
7251,0.34,1644580798.828125,P02,D01,0,0,1
7252,0.21,1644580798.84375,P02,D01,0,0,1
7253,-0.05,1644580798.859375,P02,D01,0,0,1
7254,-0.36,1644580798.875,P02,D01,0,0,1
7255,-0.64,1644580798.890625,P02,D01,0,0,1
7256,-0.8,1644580798.90625,P02,D01,0,0,1
7257,-0.8,1644580798.921875,P02,D01,0,0,1
7258,-0.67,1644580798.9375,P02,D01,0,0,1
7259,-0.45,1644580798.953125,P02,D01,0,0,1
7260,-0.25,1644580798.96875,P02,D01,0,0,1
7261,-0.13,1644580798.984375,P02,D01,0,0,1
7262,-0.13,1644580799.0,P02,D01,0,0,1
7263,-0.22,1644580799.015625,P02,D01,0,0,1
7264,-0.32,1644580799.03125,P02,D01,0,0,1
7265,-0.36,1644580799.046875,P02,D01,0,0,1
7266,-0.29,1644580799.0625,P02,D01,0,0,1
7267,-0.15,1644580799.078125,P02,D01,0,0,1
7268,-0.02,1644580799.09375,P02,D01,0,0,1
7269,0.03,1644580799.109375,P02,D01,0,0,1
7270,-0.03,1644580799.125,P02,D01,0,0,1
7271,-0.16,1644580799.140625,P02,D01,0,0,1
7272,-0.28,1644580799.15625,P02,D01,0,0,1
7273,-0.34,1644580799.171875,P02,D01,0,0,1
7274,-0.34,1644580799.1875,P02,D01,0,0,1
7275,-0.35,1644580799.203125,P02,D01,0,0,1
7276,-0.41,1644580799.21875,P02,D01,0,0,1
7277,-0.53,1644580799.234375,P02,D01,0,0,1
7278,-0.68,1644580799.25,P02,D01,0,0,1
7279,-0.76,1644580799.265625,P02,D01,0,0,1
7280,-0.71,1644580799.28125,P02,D01,0,0,1
7281,-0.5,1644580799.296875,P02,D01,0,0,1
7282,-0.22,1644580799.3125,P02,D01,0,0,1
7283,0.02,1644580799.328125,P02,D01,0,0,1
7284,0.12,1644580799.34375,P02,D01,0,0,1
7285,0.05,1644580799.359375,P02,D01,0,0,1
7286,-0.12,1644580799.375,P02,D01,0,0,1
7287,-0.26,1644580799.390625,P02,D01,0,0,1
7288,-0.25,1644580799.40625,P02,D01,0,0,1
7289,-0.06,1644580799.421875,P02,D01,0,0,1
7290,0.21,1644580799.4375,P02,D01,0,0,1
7291,0.43,1644580799.453125,P02,D01,0,0,1
7292,0.47,1644580799.46875,P02,D01,0,0,1
7293,0.28,1644580799.484375,P02,D01,0,0,1
7294,-0.06,1644580799.5,P02,D01,0,0,1
7295,-0.38,1644580799.515625,P02,D01,0,0,1
7296,-0.56,1644580799.53125,P02,D01,0,0,1
7297,-0.52,1644580799.546875,P02,D01,0,0,1
7298,-0.35,1644580799.5625,P02,D01,0,0,1
7299,-0.15,1644580799.578125,P02,D01,0,0,1
7300,-0.05,1644580799.59375,P02,D01,0,0,1
7301,-0.08,1644580799.609375,P02,D01,0,0,1
7302,-0.15,1644580799.625,P02,D01,0,0,1
7303,-0.16,1644580799.640625,P02,D01,0,0,1
7304,-0.06,1644580799.65625,P02,D01,0,0,1
7305,0.12,1644580799.671875,P02,D01,0,0,1
7306,0.28,1644580799.6875,P02,D01,0,0,1
7307,0.34,1644580799.703125,P02,D01,0,0,1
7308,0.29,1644580799.71875,P02,D01,0,0,1
7309,0.27,1644580799.734375,P02,D01,0,0,1
7310,0.39,1644580799.75,P02,D01,0,0,1
7311,0.71,1644580799.765625,P02,D01,0,0,1
7312,1.16,1644580799.78125,P02,D01,0,0,1
7313,1.55,1644580799.796875,P02,D01,0,0,1
7314,1.72,1644580799.8125,P02,D01,0,0,1
7315,1.59,1644580799.828125,P02,D01,0,0,1
7316,1.25,1644580799.84375,P02,D01,0,0,1
7317,0.84,1644580799.859375,P02,D01,0,0,1
7318,0.51,1644580799.875,P02,D01,0,0,1
7319,0.3,1644580799.890625,P02,D01,0,0,1
7320,0.19,1644580799.90625,P02,D01,0,0,1
7321,0.12,1644580799.921875,P02,D01,0,0,1
7322,0.08,1644580799.9375,P02,D01,0,0,1
7323,0.11,1644580799.953125,P02,D01,0,0,1
7324,0.22,1644580799.96875,P02,D01,0,0,1
7325,0.36,1644580799.984375,P02,D01,0,0,1
7326,0.43,1644580800.0,P02,D01,0,0,1
7327,0.35,1644580800.015625,P02,D01,0,0,1
7328,0.09,1644580800.03125,P02,D01,0,0,1
7329,-0.22,1644580800.046875,P02,D01,0,0,1
7330,-0.43,1644580800.0625,P02,D01,0,0,1
7331,-0.39,1644580800.078125,P02,D01,0,0,1
7332,-0.1,1644580800.09375,P02,D01,0,0,1
7333,0.3,1644580800.109375,P02,D01,0,0,1
7334,0.59,1644580800.125,P02,D01,0,0,1
7335,0.62,1644580800.140625,P02,D01,0,0,1
7336,0.35,1644580800.15625,P02,D01,0,0,1
7337,-0.13,1644580800.171875,P02,D01,0,0,1
7338,-0.68,1644580800.1875,P02,D01,0,0,1
7339,-1.17,1644580800.203125,P02,D01,0,0,1
7340,-1.51,1644580800.21875,P02,D01,0,0,1
7341,-1.67,1644580800.234375,P02,D01,0,0,1
7342,-1.67,1644580800.25,P02,D01,0,0,1
7343,-1.5,1644580800.265625,P02,D01,0,0,1
7344,-1.18,1644580800.28125,P02,D01,0,0,1
7345,-0.77,1644580800.296875,P02,D01,0,0,1
7346,-0.34,1644580800.3125,P02,D01,0,0,1
7347,0.02,1644580800.328125,P02,D01,0,0,1
7348,0.25,1644580800.34375,P02,D01,0,0,1
7349,0.36,1644580800.359375,P02,D01,0,0,1
7350,0.4,1644580800.375,P02,D01,0,0,1
7351,0.44,1644580800.390625,P02,D01,0,0,1
7352,0.49,1644580800.40625,P02,D01,0,0,1
7353,0.54,1644580800.421875,P02,D01,0,0,1
7354,0.54,1644580800.4375,P02,D01,0,0,1
7355,0.48,1644580800.453125,P02,D01,0,0,1
7356,0.36,1644580800.46875,P02,D01,0,0,1
7357,0.24,1644580800.484375,P02,D01,0,0,1
7358,0.16,1644580800.5,P02,D01,0,0,1
7359,0.15,1644580800.515625,P02,D01,0,0,1
7360,0.18,1644580800.53125,P02,D01,0,0,1
7361,0.21,1644580800.546875,P02,D01,0,0,1
7362,0.24,1644580800.5625,P02,D01,0,0,1
7363,0.26,1644580800.578125,P02,D01,0,0,1
7364,0.29,1644580800.59375,P02,D01,0,0,1
7365,0.37,1644580800.609375,P02,D01,0,0,1
7366,0.51,1644580800.625,P02,D01,0,0,1
7367,0.71,1644580800.640625,P02,D01,0,0,1
7368,0.91,1644580800.65625,P02,D01,0,0,1
7369,1.04,1644580800.671875,P02,D01,0,0,1
7370,1.01,1644580800.6875,P02,D01,0,0,1
7371,0.76,1644580800.703125,P02,D01,0,0,1
7372,0.36,1644580800.71875,P02,D01,0,0,1
7373,-0.09,1644580800.734375,P02,D01,0,0,1
7374,-0.43,1644580800.75,P02,D01,0,0,1
7375,-0.53,1644580800.765625,P02,D01,0,0,1
7376,-0.36,1644580800.78125,P02,D01,0,0,1
7377,-0.01,1644580800.796875,P02,D01,0,0,1
7378,0.39,1644580800.8125,P02,D01,0,0,1
7379,0.72,1644580800.828125,P02,D01,0,0,1
7380,0.93,1644580800.84375,P02,D01,0,0,1
7381,1.02,1644580800.859375,P02,D01,0,0,1
7382,1.06,1644580800.875,P02,D01,0,0,1
7383,1.08,1644580800.890625,P02,D01,0,0,1
7384,1.05,1644580800.90625,P02,D01,0,0,1
7385,0.91,1644580800.921875,P02,D01,0,0,1
7386,0.62,1644580800.9375,P02,D01,0,0,1
7387,0.21,1644580800.953125,P02,D01,0,0,1
7388,-0.21,1644580800.96875,P02,D01,0,0,1
7389,-0.5,1644580800.984375,P02,D01,0,0,1
7390,-0.58,1644580801.0,P02,D01,0,0,1
7391,-0.46,1644580801.015625,P02,D01,0,0,1
7392,-0.22,1644580801.03125,P02,D01,0,0,1
7393,-0.01,1644580801.046875,P02,D01,0,0,1
7394,0.11,1644580801.0625,P02,D01,0,0,1
7395,0.12,1644580801.078125,P02,D01,0,0,1
7396,0.1,1644580801.09375,P02,D01,0,0,1
7397,0.12,1644580801.109375,P02,D01,0,0,1
7398,0.2,1644580801.125,P02,D01,0,0,1
7399,0.25,1644580801.140625,P02,D01,0,0,1
7400,0.2,1644580801.15625,P02,D01,0,0,1
7401,0.0,1644580801.171875,P02,D01,0,0,1
7402,-0.31,1644580801.1875,P02,D01,0,0,1
7403,-0.61,1644580801.203125,P02,D01,0,0,1
7404,-0.74,1644580801.21875,P02,D01,0,0,1
7405,-0.64,1644580801.234375,P02,D01,0,0,1
7406,-0.37,1644580801.25,P02,D01,0,0,1
7407,-0.04,1644580801.265625,P02,D01,0,0,1
7408,0.19,1644580801.28125,P02,D01,0,0,1
7409,0.24,1644580801.296875,P02,D01,0,0,1
7410,0.1,1644580801.3125,P02,D01,0,0,1
7411,-0.13,1644580801.328125,P02,D01,0,0,1
7412,-0.32,1644580801.34375,P02,D01,0,0,1
7413,-0.39,1644580801.359375,P02,D01,0,0,1
7414,-0.31,1644580801.375,P02,D01,0,0,1
7415,-0.13,1644580801.390625,P02,D01,0,0,1
7416,0.08,1644580801.40625,P02,D01,0,0,1
7417,0.26,1644580801.421875,P02,D01,0,0,1
7418,0.36,1644580801.4375,P02,D01,0,0,1
7419,0.4,1644580801.453125,P02,D01,0,0,1
7420,0.42,1644580801.46875,P02,D01,0,0,1
7421,0.45,1644580801.484375,P02,D01,0,0,1
7422,0.51,1644580801.5,P02,D01,0,0,1
7423,0.58,1644580801.515625,P02,D01,0,0,1
7424,0.59,1644580801.53125,P02,D01,0,0,1
7425,0.5,1644580801.546875,P02,D01,0,0,1
7426,0.32,1644580801.5625,P02,D01,0,0,1
7427,0.12,1644580801.578125,P02,D01,0,0,1
7428,0.01,1644580801.59375,P02,D01,0,0,1
7429,0.07,1644580801.609375,P02,D01,0,0,1
7430,0.32,1644580801.625,P02,D01,0,0,1
7431,0.68,1644580801.640625,P02,D01,0,0,1
7432,1.0,1644580801.65625,P02,D01,0,0,1
7433,1.15,1644580801.671875,P02,D01,0,0,1
7434,1.04,1644580801.6875,P02,D01,0,0,1
7435,0.69,1644580801.703125,P02,D01,0,0,1
7436,0.18,1644580801.71875,P02,D01,0,0,1
7437,-0.4,1644580801.734375,P02,D01,0,0,1
7438,-0.9,1644580801.75,P02,D01,0,0,1
7439,-1.25,1644580801.765625,P02,D01,0,0,1
7440,-1.42,1644580801.78125,P02,D01,0,0,1
7441,-1.41,1644580801.796875,P02,D01,0,0,1
7442,-1.3,1644580801.8125,P02,D01,0,0,1
7443,-1.17,1644580801.828125,P02,D01,0,0,1
7444,-1.05,1644580801.84375,P02,D01,0,0,1
7445,-0.95,1644580801.859375,P02,D01,0,0,1
7446,-0.83,1644580801.875,P02,D01,0,0,1
7447,-0.67,1644580801.890625,P02,D01,0,0,1
7448,-0.49,1644580801.90625,P02,D01,0,0,1
7449,-0.36,1644580801.921875,P02,D01,0,0,1
7450,-0.4,1644580801.9375,P02,D01,0,0,1
7451,-0.63,1644580801.953125,P02,D01,0,0,1
7452,-0.97,1644580801.96875,P02,D01,0,0,1
7453,-1.26,1644580801.984375,P02,D01,0,0,1
7454,-1.34,1644580802.0,P02,D01,0,0,1
7455,-1.12,1644580802.015625,P02,D01,0,0,1
7456,-0.67,1644580802.03125,P02,D01,0,0,1
7457,-0.13,1644580802.046875,P02,D01,0,0,1
7458,0.32,1644580802.0625,P02,D01,0,0,1
7459,0.59,1644580802.078125,P02,D01,0,0,1
7460,0.67,1644580802.09375,P02,D01,0,0,1
7461,0.61,1644580802.109375,P02,D01,0,0,1
7462,0.48,1644580802.125,P02,D01,0,0,1
7463,0.32,1644580802.140625,P02,D01,0,0,1
7464,0.14,1644580802.15625,P02,D01,0,0,1
7465,-0.04,1644580802.171875,P02,D01,0,0,1
7466,-0.17,1644580802.1875,P02,D01,0,0,1
7467,-0.21,1644580802.203125,P02,D01,0,0,1
7468,-0.13,1644580802.21875,P02,D01,0,0,1
7469,0.0,1644580802.234375,P02,D01,0,0,1
7470,0.09,1644580802.25,P02,D01,0,0,1
7471,0.04,1644580802.265625,P02,D01,0,0,1
7472,-0.17,1644580802.28125,P02,D01,0,0,1
7473,-0.48,1644580802.296875,P02,D01,0,0,1
7474,-0.75,1644580802.3125,P02,D01,0,0,1
7475,-0.87,1644580802.328125,P02,D01,0,0,1
7476,-0.84,1644580802.34375,P02,D01,0,0,1
7477,-0.73,1644580802.359375,P02,D01,0,0,1
7478,-0.66,1644580802.375,P02,D01,0,0,1
7479,-0.66,1644580802.390625,P02,D01,0,0,1
7480,-0.7,1644580802.40625,P02,D01,0,0,1
7481,-0.69,1644580802.421875,P02,D01,0,0,1
7482,-0.58,1644580802.4375,P02,D01,0,0,1
7483,-0.38,1644580802.453125,P02,D01,0,0,1
7484,-0.19,1644580802.46875,P02,D01,0,0,1
7485,-0.12,1644580802.484375,P02,D01,0,0,1
7486,-0.2,1644580802.5,P02,D01,0,0,1
7487,-0.4,1644580802.515625,P02,D01,0,0,1
7488,-0.62,1644580802.53125,P02,D01,0,0,1
7489,-0.77,1644580802.546875,P02,D01,0,0,1
7490,-0.83,1644580802.5625,P02,D01,0,0,1
7491,-0.85,1644580802.578125,P02,D01,0,0,1
7492,-0.89,1644580802.59375,P02,D01,0,0,1
7493,-1.0,1644580802.609375,P02,D01,0,0,1
7494,-1.12,1644580802.625,P02,D01,0,0,1
7495,-1.18,1644580802.640625,P02,D01,0,0,1
7496,-1.12,1644580802.65625,P02,D01,0,0,1
7497,-0.91,1644580802.671875,P02,D01,0,0,1
7498,-0.58,1644580802.6875,P02,D01,0,0,1
7499,-0.22,1644580802.703125,P02,D01,0,0,1
7500,0.06,1644580802.71875,P02,D01,0,0,1
7501,0.17,1644580802.734375,P02,D01,0,0,1
7502,0.07,1644580802.75,P02,D01,0,0,1
7503,-0.23,1644580802.765625,P02,D01,0,0,1
7504,-0.65,1644580802.78125,P02,D01,0,0,1
7505,-1.09,1644580802.796875,P02,D01,0,0,1
7506,-1.44,1644580802.8125,P02,D01,0,0,1
7507,-1.64,1644580802.828125,P02,D01,0,0,1
7508,-1.65,1644580802.84375,P02,D01,0,0,1
7509,-1.5,1644580802.859375,P02,D01,0,0,1
7510,-1.23,1644580802.875,P02,D01,0,0,1
7511,-0.92,1644580802.890625,P02,D01,0,0,1
7512,-0.63,1644580802.90625,P02,D01,0,0,1
7513,-0.42,1644580802.921875,P02,D01,0,0,1
7514,-0.37,1644580802.9375,P02,D01,0,0,1
7515,-0.49,1644580802.953125,P02,D01,0,0,1
7516,-0.72,1644580802.96875,P02,D01,0,0,1
7517,-0.99,1644580802.984375,P02,D01,0,0,1
7518,-1.15,1644580803.0,P02,D01,0,0,1
7519,-1.14,1644580803.015625,P02,D01,0,0,1
7520,-0.98,1644580803.03125,P02,D01,0,0,1
7521,-0.77,1644580803.046875,P02,D01,0,0,1
7522,-0.61,1644580803.0625,P02,D01,0,0,1
7523,-0.58,1644580803.078125,P02,D01,0,0,1
7524,-0.63,1644580803.09375,P02,D01,0,0,1
7525,-0.69,1644580803.109375,P02,D01,0,0,1
7526,-0.7,1644580803.125,P02,D01,0,0,1
7527,-0.64,1644580803.140625,P02,D01,0,0,1
7528,-0.52,1644580803.15625,P02,D01,0,0,1
7529,-0.4,1644580803.171875,P02,D01,0,0,1
7530,-0.27,1644580803.1875,P02,D01,0,0,1
7531,-0.13,1644580803.203125,P02,D01,0,0,1
7532,0.08,1644580803.21875,P02,D01,0,0,1
7533,0.34,1644580803.234375,P02,D01,0,0,1
7534,0.6,1644580803.25,P02,D01,0,0,1
7535,0.78,1644580803.265625,P02,D01,0,0,1
7536,0.85,1644580803.28125,P02,D01,0,0,1
7537,0.83,1644580803.296875,P02,D01,0,0,1
7538,0.8,1644580803.3125,P02,D01,0,0,1
7539,0.82,1644580803.328125,P02,D01,0,0,1
7540,0.88,1644580803.34375,P02,D01,0,0,1
7541,0.92,1644580803.359375,P02,D01,0,0,1
7542,0.87,1644580803.375,P02,D01,0,0,1
7543,0.73,1644580803.390625,P02,D01,0,0,1
7544,0.58,1644580803.40625,P02,D01,0,0,1
7545,0.6,1644580803.421875,P02,D01,0,0,1
7546,0.94,1644580803.4375,P02,D01,0,0,1
7547,1.63,1644580803.453125,P02,D01,0,0,1
7548,2.55,1644580803.46875,P02,D01,0,0,1
7549,3.43,1644580803.484375,P02,D01,0,0,1
7550,4.02,1644580803.5,P02,D01,0,0,1
7551,4.15,1644580803.515625,P02,D01,0,0,1
7552,3.82,1644580803.53125,P02,D01,0,0,1
7553,3.2,1644580803.546875,P02,D01,0,0,1
7554,2.51,1644580803.5625,P02,D01,0,0,1
7555,1.95,1644580803.578125,P02,D01,0,0,1
7556,1.62,1644580803.59375,P02,D01,0,0,1
7557,1.51,1644580803.609375,P02,D01,0,0,1
7558,1.53,1644580803.625,P02,D01,0,0,1
7559,1.57,1644580803.640625,P02,D01,0,0,1
7560,1.55,1644580803.65625,P02,D01,0,0,1
7561,1.38,1644580803.671875,P02,D01,0,0,1
7562,1.07,1644580803.6875,P02,D01,0,0,1
7563,0.64,1644580803.703125,P02,D01,0,0,1
7564,0.18,1644580803.71875,P02,D01,0,0,1
7565,-0.21,1644580803.734375,P02,D01,0,0,1
7566,-0.47,1644580803.75,P02,D01,0,0,1
7567,-0.58,1644580803.765625,P02,D01,0,0,1
7568,-0.57,1644580803.78125,P02,D01,0,0,1
7569,-0.52,1644580803.796875,P02,D01,0,0,1
7570,-0.47,1644580803.8125,P02,D01,0,0,1
7571,-0.45,1644580803.828125,P02,D01,0,0,1
7572,-0.45,1644580803.84375,P02,D01,0,0,1
7573,-0.43,1644580803.859375,P02,D01,0,0,1
7574,-0.41,1644580803.875,P02,D01,0,0,1
7575,-0.38,1644580803.890625,P02,D01,0,0,1
7576,-0.36,1644580803.90625,P02,D01,0,0,1
7577,-0.34,1644580803.921875,P02,D01,0,0,1
7578,-0.28,1644580803.9375,P02,D01,0,0,1
7579,-0.12,1644580803.953125,P02,D01,0,0,1
7580,0.17,1644580803.96875,P02,D01,0,0,1
7581,0.51,1644580803.984375,P02,D01,0,0,1
7582,0.81,1644580804.0,P02,D01,0,0,1
7583,0.93,1644580804.015625,P02,D01,0,0,1
7584,0.86,1644580804.03125,P02,D01,0,0,1
7585,0.64,1644580804.046875,P02,D01,0,0,1
7586,0.45,1644580804.0625,P02,D01,0,0,1
7587,0.43,1644580804.078125,P02,D01,0,0,1
7588,0.64,1644580804.09375,P02,D01,0,0,1
7589,0.97,1644580804.109375,P02,D01,0,0,1
7590,1.22,1644580804.125,P02,D01,0,0,1
7591,1.21,1644580804.140625,P02,D01,0,0,1
7592,0.84,1644580804.15625,P02,D01,0,0,1
7593,0.23,1644580804.171875,P02,D01,0,0,1
7594,-0.41,1644580804.1875,P02,D01,0,0,1
7595,-0.87,1644580804.203125,P02,D01,0,0,1
7596,-1.04,1644580804.21875,P02,D01,0,0,1
7597,-0.94,1644580804.234375,P02,D01,0,0,1
7598,-0.74,1644580804.25,P02,D01,0,0,1
7599,-0.61,1644580804.265625,P02,D01,0,0,1
7600,-0.61,1644580804.28125,P02,D01,0,0,1
7601,-0.72,1644580804.296875,P02,D01,0,0,1
7602,-0.8,1644580804.3125,P02,D01,0,0,1
7603,-0.76,1644580804.328125,P02,D01,0,0,1
7604,-0.59,1644580804.34375,P02,D01,0,0,1
7605,-0.35,1644580804.359375,P02,D01,0,0,1
7606,-0.14,1644580804.375,P02,D01,0,0,1
7607,-0.05,1644580804.390625,P02,D01,0,0,1
7608,-0.04,1644580804.40625,P02,D01,0,0,1
7609,-0.07,1644580804.421875,P02,D01,0,0,1
7610,-0.07,1644580804.4375,P02,D01,0,0,1
7611,-0.01,1644580804.453125,P02,D01,0,0,1
7612,0.05,1644580804.46875,P02,D01,0,0,1
7613,0.04,1644580804.484375,P02,D01,0,0,1
7614,-0.04,1644580804.5,P02,D01,0,0,1
7615,-0.15,1644580804.515625,P02,D01,0,0,1
7616,-0.23,1644580804.53125,P02,D01,0,0,1
7617,-0.23,1644580804.546875,P02,D01,0,0,1
7618,-0.19,1644580804.5625,P02,D01,0,0,1
7619,-0.2,1644580804.578125,P02,D01,0,0,1
7620,-0.32,1644580804.59375,P02,D01,0,0,1
7621,-0.56,1644580804.609375,P02,D01,0,0,1
7622,-0.87,1644580804.625,P02,D01,0,0,1
7623,-1.11,1644580804.640625,P02,D01,0,0,1
7624,-1.19,1644580804.65625,P02,D01,0,0,1
7625,-1.09,1644580804.671875,P02,D01,0,0,1
7626,-0.88,1644580804.6875,P02,D01,0,0,1
7627,-0.63,1644580804.703125,P02,D01,0,0,1
7628,-0.44,1644580804.71875,P02,D01,0,0,1
7629,-0.31,1644580804.734375,P02,D01,0,0,1
7630,-0.23,1644580804.75,P02,D01,0,0,1
7631,-0.16,1644580804.765625,P02,D01,0,0,1
7632,-0.09,1644580804.78125,P02,D01,0,0,1
7633,-0.05,1644580804.796875,P02,D01,0,0,1
7634,-0.04,1644580804.8125,P02,D01,0,0,1
7635,-0.04,1644580804.828125,P02,D01,0,0,1
7636,-0.01,1644580804.84375,P02,D01,0,0,1
7637,0.11,1644580804.859375,P02,D01,0,0,1
7638,0.31,1644580804.875,P02,D01,0,0,1
7639,0.52,1644580804.890625,P02,D01,0,0,1
7640,0.64,1644580804.90625,P02,D01,0,0,1
7641,0.61,1644580804.921875,P02,D01,0,0,1
7642,0.42,1644580804.9375,P02,D01,0,0,1
7643,0.17,1644580804.953125,P02,D01,0,0,1
7644,-0.04,1644580804.96875,P02,D01,0,0,1
7645,-0.1,1644580804.984375,P02,D01,0,0,1
7646,0.01,1644580805.0,P02,D01,0,0,1
7647,0.23,1644580805.015625,P02,D01,0,0,1
7648,0.46,1644580805.03125,P02,D01,0,0,1
7649,0.64,1644580805.046875,P02,D01,0,0,1
7650,0.73,1644580805.0625,P02,D01,0,0,1
7651,0.77,1644580805.078125,P02,D01,0,0,1
7652,0.78,1644580805.09375,P02,D01,0,0,1
7653,0.82,1644580805.109375,P02,D01,0,0,1
7654,0.86,1644580805.125,P02,D01,0,0,1
7655,0.9,1644580805.140625,P02,D01,0,0,1
7656,0.9,1644580805.15625,P02,D01,0,0,1
7657,0.83,1644580805.171875,P02,D01,0,0,1
7658,0.7,1644580805.1875,P02,D01,0,0,1
7659,0.49,1644580805.203125,P02,D01,0,0,1
7660,0.23,1644580805.21875,P02,D01,0,0,1
7661,-0.05,1644580805.234375,P02,D01,0,0,1
7662,-0.28,1644580805.25,P02,D01,0,0,1
7663,-0.39,1644580805.265625,P02,D01,0,0,1
7664,-0.32,1644580805.28125,P02,D01,0,0,1
7665,-0.09,1644580805.296875,P02,D01,0,0,1
7666,0.23,1644580805.3125,P02,D01,0,0,1
7667,0.49,1644580805.328125,P02,D01,0,0,1
7668,0.56,1644580805.34375,P02,D01,0,0,1
7669,0.38,1644580805.359375,P02,D01,0,0,1
7670,-0.03,1644580805.375,P02,D01,0,0,1
7671,-0.54,1644580805.390625,P02,D01,0,0,1
7672,-1.0,1644580805.40625,P02,D01,0,0,1
7673,-1.32,1644580805.421875,P02,D01,0,0,1
7674,-1.47,1644580805.4375,P02,D01,0,0,1
7675,-1.46,1644580805.453125,P02,D01,0,0,1
7676,-1.34,1644580805.46875,P02,D01,0,0,1
7677,-1.11,1644580805.484375,P02,D01,0,0,1
7678,-0.77,1644580805.5,P02,D01,0,0,1
7679,-0.33,1644580805.515625,P02,D01,0,0,1
7680,0.13,1644580805.53125,P02,D01,0,0,1
7681,0.48,1644580805.546875,P02,D01,0,0,1
7682,0.63,1644580805.5625,P02,D01,0,0,1
7683,0.5,1644580805.578125,P02,D01,0,0,1
7684,0.13,1644580805.59375,P02,D01,0,0,1
7685,-0.34,1644580805.609375,P02,D01,0,0,1
7686,-0.75,1644580805.625,P02,D01,0,0,1
7687,-0.95,1644580805.640625,P02,D01,0,0,1
7688,-0.89,1644580805.65625,P02,D01,0,0,1
7689,-0.62,1644580805.671875,P02,D01,0,0,1
7690,-0.27,1644580805.6875,P02,D01,0,0,1
7691,0.04,1644580805.703125,P02,D01,0,0,1
7692,0.24,1644580805.71875,P02,D01,0,0,1
7693,0.34,1644580805.734375,P02,D01,0,0,1
7694,0.37,1644580805.75,P02,D01,0,0,1
7695,0.37,1644580805.765625,P02,D01,0,0,1
7696,0.37,1644580805.78125,P02,D01,0,0,1
7697,0.38,1644580805.796875,P02,D01,0,0,1
7698,0.38,1644580805.8125,P02,D01,0,0,1
7699,0.38,1644580805.828125,P02,D01,0,0,1
7700,0.39,1644580805.84375,P02,D01,0,0,1
7701,0.39,1644580805.859375,P02,D01,0,0,1
7702,0.37,1644580805.875,P02,D01,0,0,1
7703,0.31,1644580805.890625,P02,D01,0,0,1
7704,0.15,1644580805.90625,P02,D01,0,0,1
7705,-0.1,1644580805.921875,P02,D01,0,0,1
7706,-0.42,1644580805.9375,P02,D01,0,0,1
7707,-0.75,1644580805.953125,P02,D01,0,0,1
7708,-0.99,1644580805.96875,P02,D01,0,0,1
7709,-1.05,1644580805.984375,P02,D01,0,0,1
7710,-0.9,1644580806.0,P02,D01,0,0,1
7711,-0.56,1644580806.015625,P02,D01,0,0,1
7712,-0.13,1644580806.03125,P02,D01,0,0,1
7713,0.24,1644580806.046875,P02,D01,0,0,1
7714,0.41,1644580806.0625,P02,D01,0,0,1
7715,0.31,1644580806.078125,P02,D01,0,0,1
7716,0.0,1644580806.09375,P02,D01,0,0,1
7717,-0.36,1644580806.109375,P02,D01,0,0,1
7718,-0.6,1644580806.125,P02,D01,0,0,1
7719,-0.56,1644580806.140625,P02,D01,0,0,1
7720,-0.23,1644580806.15625,P02,D01,0,0,1
7721,0.28,1644580806.171875,P02,D01,0,0,1
7722,0.81,1644580806.1875,P02,D01,0,0,1
7723,1.23,1644580806.203125,P02,D01,0,0,1
7724,1.48,1644580806.21875,P02,D01,0,0,1
7725,1.55,1644580806.234375,P02,D01,0,0,1
7726,1.47,1644580806.25,P02,D01,0,0,1
7727,1.25,1644580806.265625,P02,D01,0,0,1
7728,0.93,1644580806.28125,P02,D01,0,0,1
7729,0.54,1644580806.296875,P02,D01,0,0,1
7730,0.14,1644580806.3125,P02,D01,0,0,1
7731,-0.16,1644580806.328125,P02,D01,0,0,1
7732,-0.3,1644580806.34375,P02,D01,0,0,1
7733,-0.29,1644580806.359375,P02,D01,0,0,1
7734,-0.23,1644580806.375,P02,D01,0,0,1
7735,-0.26,1644580806.390625,P02,D01,0,0,1
7736,-0.45,1644580806.40625,P02,D01,0,0,1
7737,-0.77,1644580806.421875,P02,D01,0,0,1
7738,-1.08,1644580806.4375,P02,D01,0,0,1
7739,-1.22,1644580806.453125,P02,D01,0,0,1
7740,-1.07,1644580806.46875,P02,D01,0,0,1
7741,-0.67,1644580806.484375,P02,D01,0,0,1
7742,-0.19,1644580806.5,P02,D01,0,0,1
7743,0.16,1644580806.515625,P02,D01,0,0,1
7744,0.21,1644580806.53125,P02,D01,0,0,1
7745,-0.04,1644580806.546875,P02,D01,0,0,1
7746,-0.49,1644580806.5625,P02,D01,0,0,1
7747,-0.95,1644580806.578125,P02,D01,0,0,1
7748,-1.27,1644580806.59375,P02,D01,0,0,1
7749,-1.36,1644580806.609375,P02,D01,0,0,1
7750,-1.24,1644580806.625,P02,D01,0,0,1
7751,-0.97,1644580806.640625,P02,D01,0,0,1
7752,-0.62,1644580806.65625,P02,D01,0,0,1
7753,-0.29,1644580806.671875,P02,D01,0,0,1
7754,-0.04,1644580806.6875,P02,D01,0,0,1
7755,0.07,1644580806.703125,P02,D01,0,0,1
7756,0.03,1644580806.71875,P02,D01,0,0,1
7757,-0.12,1644580806.734375,P02,D01,0,0,1
7758,-0.29,1644580806.75,P02,D01,0,0,1
7759,-0.37,1644580806.765625,P02,D01,0,0,1
7760,-0.31,1644580806.78125,P02,D01,0,0,1
7761,-0.15,1644580806.796875,P02,D01,0,0,1
7762,0.05,1644580806.8125,P02,D01,0,0,1
7763,0.21,1644580806.828125,P02,D01,0,0,1
7764,0.28,1644580806.84375,P02,D01,0,0,1
7765,0.32,1644580806.859375,P02,D01,0,0,1
7766,0.39,1644580806.875,P02,D01,0,0,1
7767,0.55,1644580806.890625,P02,D01,0,0,1
7768,0.8,1644580806.90625,P02,D01,0,0,1
7769,1.04,1644580806.921875,P02,D01,0,0,1
7770,1.2,1644580806.9375,P02,D01,0,0,1
7771,1.21,1644580806.953125,P02,D01,0,0,1
7772,1.07,1644580806.96875,P02,D01,0,0,1
7773,0.89,1644580806.984375,P02,D01,0,0,1
7774,0.76,1644580807.0,P02,D01,0,0,1
7775,0.77,1644580807.015625,P02,D01,0,0,1
7776,0.91,1644580807.03125,P02,D01,0,0,1
7777,1.13,1644580807.046875,P02,D01,0,0,1
7778,1.32,1644580807.0625,P02,D01,0,0,1
7779,1.41,1644580807.078125,P02,D01,0,0,1
7780,1.35,1644580807.09375,P02,D01,0,0,1
7781,1.12,1644580807.109375,P02,D01,0,0,1
7782,0.78,1644580807.125,P02,D01,0,0,1
7783,0.37,1644580807.140625,P02,D01,0,0,1
7784,-0.02,1644580807.15625,P02,D01,0,0,1
7785,-0.35,1644580807.171875,P02,D01,0,0,1
7786,-0.56,1644580807.1875,P02,D01,0,0,1
7787,-0.68,1644580807.203125,P02,D01,0,0,1
7788,-0.74,1644580807.21875,P02,D01,0,0,1
7789,-0.79,1644580807.234375,P02,D01,0,0,1
7790,-0.86,1644580807.25,P02,D01,0,0,1
7791,-0.92,1644580807.265625,P02,D01,0,0,1
7792,-0.92,1644580807.28125,P02,D01,0,0,1
7793,-0.79,1644580807.296875,P02,D01,0,0,1
7794,-0.53,1644580807.3125,P02,D01,0,0,1
7795,-0.21,1644580807.328125,P02,D01,0,0,1
7796,0.04,1644580807.34375,P02,D01,0,0,1
7797,0.15,1644580807.359375,P02,D01,0,0,1
7798,0.07,1644580807.375,P02,D01,0,0,1
7799,-0.12,1644580807.390625,P02,D01,0,0,1
7800,-0.33,1644580807.40625,P02,D01,0,0,1
7801,-0.43,1644580807.421875,P02,D01,0,0,1
7802,-0.35,1644580807.4375,P02,D01,0,0,1
7803,-0.1,1644580807.453125,P02,D01,0,0,1
7804,0.22,1644580807.46875,P02,D01,0,0,1
7805,0.49,1644580807.484375,P02,D01,0,0,1
7806,0.61,1644580807.5,P02,D01,0,0,1
7807,0.58,1644580807.515625,P02,D01,0,0,1
7808,0.47,1644580807.53125,P02,D01,0,0,1
7809,0.38,1644580807.546875,P02,D01,0,0,1
7810,0.38,1644580807.5625,P02,D01,0,0,1
7811,0.46,1644580807.578125,P02,D01,0,0,1
7812,0.54,1644580807.59375,P02,D01,0,0,1
7813,0.5,1644580807.609375,P02,D01,0,0,1
7814,0.31,1644580807.625,P02,D01,0,0,1
7815,0.02,1644580807.640625,P02,D01,0,0,1
7816,-0.22,1644580807.65625,P02,D01,0,0,1
7817,-0.31,1644580807.671875,P02,D01,0,0,1
7818,-0.23,1644580807.6875,P02,D01,0,0,1
7819,-0.1,1644580807.703125,P02,D01,0,0,1
7820,-0.05,1644580807.71875,P02,D01,0,0,1
7821,-0.15,1644580807.734375,P02,D01,0,0,1
7822,-0.38,1644580807.75,P02,D01,0,0,1
7823,-0.61,1644580807.765625,P02,D01,0,0,1
7824,-0.7,1644580807.78125,P02,D01,0,0,1
7825,-0.6,1644580807.796875,P02,D01,0,0,1
7826,-0.37,1644580807.8125,P02,D01,0,0,1
7827,-0.15,1644580807.828125,P02,D01,0,0,1
7828,-0.05,1644580807.84375,P02,D01,0,0,1
7829,-0.11,1644580807.859375,P02,D01,0,0,1
7830,-0.26,1644580807.875,P02,D01,0,0,1
7831,-0.34,1644580807.890625,P02,D01,0,0,1
7832,-0.24,1644580807.90625,P02,D01,0,0,1
7833,0.08,1644580807.921875,P02,D01,0,0,1
7834,0.51,1644580807.9375,P02,D01,0,0,1
7835,0.86,1644580807.953125,P02,D01,0,0,1
7836,0.99,1644580807.96875,P02,D01,0,0,1
7837,0.86,1644580807.984375,P02,D01,0,0,1
7838,0.54,1644580808.0,P02,D01,0,0,1
7839,0.19,1644580808.015625,P02,D01,0,0,1
7840,-0.04,1644580808.03125,P02,D01,0,0,1
7841,-0.11,1644580808.046875,P02,D01,0,0,1
7842,-0.05,1644580808.0625,P02,D01,0,0,1
7843,0.02,1644580808.078125,P02,D01,0,0,1
7844,0.02,1644580808.09375,P02,D01,0,0,1
7845,-0.07,1644580808.109375,P02,D01,0,0,1
7846,-0.21,1644580808.125,P02,D01,0,0,1
7847,-0.3,1644580808.140625,P02,D01,0,0,1
7848,-0.29,1644580808.15625,P02,D01,0,0,1
7849,-0.15,1644580808.171875,P02,D01,0,0,1
7850,0.07,1644580808.1875,P02,D01,0,0,1
7851,0.29,1644580808.203125,P02,D01,0,0,1
7852,0.41,1644580808.21875,P02,D01,0,0,1
7853,0.36,1644580808.234375,P02,D01,0,0,1
7854,0.16,1644580808.25,P02,D01,0,0,1
7855,-0.12,1644580808.265625,P02,D01,0,0,1
7856,-0.37,1644580808.28125,P02,D01,0,0,1
7857,-0.48,1644580808.296875,P02,D01,0,0,1
7858,-0.44,1644580808.3125,P02,D01,0,0,1
7859,-0.32,1644580808.328125,P02,D01,0,0,1
7860,-0.21,1644580808.34375,P02,D01,0,0,1
7861,-0.19,1644580808.359375,P02,D01,0,0,1
7862,-0.25,1644580808.375,P02,D01,0,0,1
7863,-0.29,1644580808.390625,P02,D01,0,0,1
7864,-0.25,1644580808.40625,P02,D01,0,0,1
7865,-0.07,1644580808.421875,P02,D01,0,0,1
7866,0.2,1644580808.4375,P02,D01,0,0,1
7867,0.44,1644580808.453125,P02,D01,0,0,1
7868,0.54,1644580808.46875,P02,D01,0,0,1
7869,0.46,1644580808.484375,P02,D01,0,0,1
7870,0.2,1644580808.5,P02,D01,0,0,1
7871,-0.13,1644580808.515625,P02,D01,0,0,1
7872,-0.41,1644580808.53125,P02,D01,0,0,1
7873,-0.52,1644580808.546875,P02,D01,0,0,1
7874,-0.43,1644580808.5625,P02,D01,0,0,1
7875,-0.15,1644580808.578125,P02,D01,0,0,1
7876,0.2,1644580808.59375,P02,D01,0,0,1
7877,0.47,1644580808.609375,P02,D01,0,0,1
7878,0.56,1644580808.625,P02,D01,0,0,1
7879,0.42,1644580808.640625,P02,D01,0,0,1
7880,0.13,1644580808.65625,P02,D01,0,0,1
7881,-0.18,1644580808.671875,P02,D01,0,0,1
7882,-0.37,1644580808.6875,P02,D01,0,0,1
7883,-0.37,1644580808.703125,P02,D01,0,0,1
7884,-0.23,1644580808.71875,P02,D01,0,0,1
7885,-0.04,1644580808.734375,P02,D01,0,0,1
7886,0.07,1644580808.75,P02,D01,0,0,1
7887,0.04,1644580808.765625,P02,D01,0,0,1
7888,-0.13,1644580808.78125,P02,D01,0,0,1
7889,-0.37,1644580808.796875,P02,D01,0,0,1
7890,-0.58,1644580808.8125,P02,D01,0,0,1
7891,-0.71,1644580808.828125,P02,D01,0,0,1
7892,-0.73,1644580808.84375,P02,D01,0,0,1
7893,-0.64,1644580808.859375,P02,D01,0,0,1
7894,-0.47,1644580808.875,P02,D01,0,0,1
7895,-0.27,1644580808.890625,P02,D01,0,0,1
7896,-0.05,1644580808.90625,P02,D01,0,0,1
7897,0.17,1644580808.921875,P02,D01,0,0,1
7898,0.35,1644580808.9375,P02,D01,0,0,1
7899,0.45,1644580808.953125,P02,D01,0,0,1
7900,0.42,1644580808.96875,P02,D01,0,0,1
7901,0.25,1644580808.984375,P02,D01,0,0,1
7902,-0.06,1644580809.0,P02,D01,0,0,1
7903,-0.43,1644580809.015625,P02,D01,0,0,1
7904,-0.75,1644580809.03125,P02,D01,0,0,1
7905,-0.97,1644580809.046875,P02,D01,0,0,1
7906,-1.05,1644580809.0625,P02,D01,0,0,1
7907,-1.04,1644580809.078125,P02,D01,0,0,1
7908,-0.97,1644580809.09375,P02,D01,0,0,1
7909,-0.89,1644580809.109375,P02,D01,0,0,1
7910,-0.8,1644580809.125,P02,D01,0,0,1
7911,-0.68,1644580809.140625,P02,D01,0,0,1
7912,-0.51,1644580809.15625,P02,D01,0,0,1
7913,-0.31,1644580809.171875,P02,D01,0,0,1
7914,-0.07,1644580809.1875,P02,D01,0,0,1
7915,0.18,1644580809.203125,P02,D01,0,0,1
7916,0.43,1644580809.21875,P02,D01,0,0,1
7917,0.68,1644580809.234375,P02,D01,0,0,1
7918,0.93,1644580809.25,P02,D01,0,0,1
7919,1.15,1644580809.265625,P02,D01,0,0,1
7920,1.32,1644580809.28125,P02,D01,0,0,1
7921,1.38,1644580809.296875,P02,D01,0,0,1
7922,1.32,1644580809.3125,P02,D01,0,0,1
7923,1.14,1644580809.328125,P02,D01,0,0,1
7924,0.89,1644580809.34375,P02,D01,0,0,1
7925,0.68,1644580809.359375,P02,D01,0,0,1
7926,0.58,1644580809.375,P02,D01,0,0,1
7927,0.61,1644580809.390625,P02,D01,0,0,1
7928,0.71,1644580809.40625,P02,D01,0,0,1
7929,0.8,1644580809.421875,P02,D01,0,0,1
7930,0.74,1644580809.4375,P02,D01,0,0,1
7931,0.5,1644580809.453125,P02,D01,0,0,1
7932,0.09,1644580809.46875,P02,D01,0,0,1
7933,-0.36,1644580809.484375,P02,D01,0,0,1
7934,-0.73,1644580809.5,P02,D01,0,0,1
7935,-0.94,1644580809.515625,P02,D01,0,0,1
7936,-0.96,1644580809.53125,P02,D01,0,0,1
7937,-0.83,1644580809.546875,P02,D01,0,0,1
7938,-0.64,1644580809.5625,P02,D01,0,0,1
7939,-0.45,1644580809.578125,P02,D01,0,0,1
7940,-0.28,1644580809.59375,P02,D01,0,0,1
7941,-0.16,1644580809.609375,P02,D01,0,0,1
7942,-0.1,1644580809.625,P02,D01,0,0,1
7943,-0.05,1644580809.640625,P02,D01,0,0,1
7944,-0.0,1644580809.65625,P02,D01,0,0,1
7945,0.08,1644580809.671875,P02,D01,0,0,1
7946,0.18,1644580809.6875,P02,D01,0,0,1
7947,0.28,1644580809.703125,P02,D01,0,0,1
7948,0.3,1644580809.71875,P02,D01,0,0,1
7949,0.24,1644580809.734375,P02,D01,0,0,1
7950,0.11,1644580809.75,P02,D01,0,0,1
7951,-0.02,1644580809.765625,P02,D01,0,0,1
7952,-0.05,1644580809.78125,P02,D01,0,0,1
7953,0.04,1644580809.796875,P02,D01,0,0,1
7954,0.26,1644580809.8125,P02,D01,0,0,1
7955,0.5,1644580809.828125,P02,D01,0,0,1
7956,0.7,1644580809.84375,P02,D01,0,0,1
7957,0.76,1644580809.859375,P02,D01,0,0,1
7958,0.66,1644580809.875,P02,D01,0,0,1
7959,0.41,1644580809.890625,P02,D01,0,0,1
7960,0.08,1644580809.90625,P02,D01,0,0,1
7961,-0.26,1644580809.921875,P02,D01,0,0,1
7962,-0.52,1644580809.9375,P02,D01,0,0,1
7963,-0.63,1644580809.953125,P02,D01,0,0,1
7964,-0.59,1644580809.96875,P02,D01,0,0,1
7965,-0.47,1644580809.984375,P02,D01,0,0,1
7966,-0.37,1644580810.0,P02,D01,0,0,1
7967,-0.37,1644580810.015625,P02,D01,0,0,1
7968,-0.48,1644580810.03125,P02,D01,0,0,1
7969,-0.59,1644580810.046875,P02,D01,0,0,1
7970,-0.56,1644580810.0625,P02,D01,0,0,1
7971,-0.34,1644580810.078125,P02,D01,0,0,1
7972,0.06,1644580810.09375,P02,D01,0,0,1
7973,0.49,1644580810.109375,P02,D01,0,0,1
7974,0.79,1644580810.125,P02,D01,0,0,1
7975,0.87,1644580810.140625,P02,D01,0,0,1
7976,0.78,1644580810.15625,P02,D01,0,0,1
7977,0.64,1644580810.171875,P02,D01,0,0,1
7978,0.57,1644580810.1875,P02,D01,0,0,1
7979,0.61,1644580810.203125,P02,D01,0,0,1
7980,0.69,1644580810.21875,P02,D01,0,0,1
7981,0.74,1644580810.234375,P02,D01,0,0,1
7982,0.71,1644580810.25,P02,D01,0,0,1
7983,0.61,1644580810.265625,P02,D01,0,0,1
7984,0.54,1644580810.28125,P02,D01,0,0,1
7985,0.53,1644580810.296875,P02,D01,0,0,1
7986,0.58,1644580810.3125,P02,D01,0,0,1
7987,0.63,1644580810.328125,P02,D01,0,0,1
7988,0.6,1644580810.34375,P02,D01,0,0,1
7989,0.44,1644580810.359375,P02,D01,0,0,1
7990,0.19,1644580810.375,P02,D01,0,0,1
7991,-0.1,1644580810.390625,P02,D01,0,0,1
7992,-0.34,1644580810.40625,P02,D01,0,0,1
7993,-0.5,1644580810.421875,P02,D01,0,0,1
7994,-0.6,1644580810.4375,P02,D01,0,0,1
7995,-0.65,1644580810.453125,P02,D01,0,0,1
7996,-0.69,1644580810.46875,P02,D01,0,0,1
7997,-0.74,1644580810.484375,P02,D01,0,0,1
7998,-0.8,1644580810.5,P02,D01,0,0,1
7999,-0.85,1644580810.515625,P02,D01,0,0,1
8000,-0.91,1644580810.53125,P02,D01,0,0,1
8001,-0.95,1644580810.546875,P02,D01,0,0,1
8002,-0.98,1644580810.5625,P02,D01,0,0,1
8003,-1.0,1644580810.578125,P02,D01,0,0,1
8004,-1.02,1644580810.59375,P02,D01,0,0,1
8005,-0.99,1644580810.609375,P02,D01,0,0,1
8006,-0.91,1644580810.625,P02,D01,0,0,1
8007,-0.76,1644580810.640625,P02,D01,0,0,1
8008,-0.57,1644580810.65625,P02,D01,0,0,1
8009,-0.38,1644580810.671875,P02,D01,0,0,1
8010,-0.23,1644580810.6875,P02,D01,0,0,1
8011,-0.15,1644580810.703125,P02,D01,0,0,1
8012,-0.11,1644580810.71875,P02,D01,0,0,1
8013,-0.08,1644580810.734375,P02,D01,0,0,1
8014,-0.03,1644580810.75,P02,D01,0,0,1
8015,0.06,1644580810.765625,P02,D01,0,0,1
8016,0.19,1644580810.78125,P02,D01,0,0,1
8017,0.39,1644580810.796875,P02,D01,0,0,1
8018,0.63,1644580810.8125,P02,D01,0,0,1
8019,0.9,1644580810.828125,P02,D01,0,0,1
8020,1.11,1644580810.84375,P02,D01,0,0,1
8021,1.2,1644580810.859375,P02,D01,0,0,1
8022,1.11,1644580810.875,P02,D01,0,0,1
8023,0.84,1644580810.890625,P02,D01,0,0,1
8024,0.46,1644580810.90625,P02,D01,0,0,1
8025,0.09,1644580810.921875,P02,D01,0,0,1
8026,-0.2,1644580810.9375,P02,D01,0,0,1
8027,-0.38,1644580810.953125,P02,D01,0,0,1
8028,-0.48,1644580810.96875,P02,D01,0,0,1
8029,-0.54,1644580810.984375,P02,D01,0,0,1
8030,-0.58,1644580811.0,P02,D01,0,0,1
8031,-0.55,1644580811.015625,P02,D01,0,0,1
8032,-0.39,1644580811.03125,P02,D01,0,0,1
8033,-0.09,1644580811.046875,P02,D01,0,0,1
8034,0.29,1644580811.0625,P02,D01,0,0,1
8035,0.62,1644580811.078125,P02,D01,0,0,1
8036,0.76,1644580811.09375,P02,D01,0,0,1
8037,0.65,1644580811.109375,P02,D01,0,0,1
8038,0.34,1644580811.125,P02,D01,0,0,1
8039,-0.05,1644580811.140625,P02,D01,0,0,1
8040,-0.37,1644580811.15625,P02,D01,0,0,1
8041,-0.52,1644580811.171875,P02,D01,0,0,1
8042,-0.48,1644580811.1875,P02,D01,0,0,1
8043,-0.32,1644580811.203125,P02,D01,0,0,1
8044,-0.17,1644580811.21875,P02,D01,0,0,1
8045,-0.12,1644580811.234375,P02,D01,0,0,1
8046,-0.23,1644580811.25,P02,D01,0,0,1
8047,-0.49,1644580811.265625,P02,D01,0,0,1
8048,-0.83,1644580811.28125,P02,D01,0,0,1
8049,-1.12,1644580811.296875,P02,D01,0,0,1
8050,-1.26,1644580811.3125,P02,D01,0,0,1
8051,-1.18,1644580811.328125,P02,D01,0,0,1
8052,-0.9,1644580811.34375,P02,D01,0,0,1
8053,-0.48,1644580811.359375,P02,D01,0,0,1
8054,-0.01,1644580811.375,P02,D01,0,0,1
8055,0.41,1644580811.390625,P02,D01,0,0,1
8056,0.76,1644580811.40625,P02,D01,0,0,1
8057,1.0,1644580811.421875,P02,D01,0,0,1
8058,1.14,1644580811.4375,P02,D01,0,0,1
8059,1.18,1644580811.453125,P02,D01,0,0,1
8060,1.18,1644580811.46875,P02,D01,0,0,1
8061,1.16,1644580811.484375,P02,D01,0,0,1
8062,1.16,1644580811.5,P02,D01,0,0,1
8063,1.16,1644580811.515625,P02,D01,0,0,1
8064,1.11,1644580811.53125,P02,D01,0,0,1
8065,0.93,1644580811.546875,P02,D01,0,0,1
8066,0.56,1644580811.5625,P02,D01,0,0,1
8067,0.07,1644580811.578125,P02,D01,0,0,1
8068,-0.4,1644580811.59375,P02,D01,0,0,1
8069,-0.68,1644580811.609375,P02,D01,0,0,1
8070,-0.67,1644580811.625,P02,D01,0,0,1
8071,-0.42,1644580811.640625,P02,D01,0,0,1
8072,-0.06,1644580811.65625,P02,D01,0,0,1
8073,0.21,1644580811.671875,P02,D01,0,0,1
8074,0.27,1644580811.6875,P02,D01,0,0,1
8075,0.15,1644580811.703125,P02,D01,0,0,1
8076,-0.07,1644580811.71875,P02,D01,0,0,1
8077,-0.24,1644580811.734375,P02,D01,0,0,1
8078,-0.28,1644580811.75,P02,D01,0,0,1
8079,-0.16,1644580811.765625,P02,D01,0,0,1
8080,0.04,1644580811.78125,P02,D01,0,0,1
8081,0.25,1644580811.796875,P02,D01,0,0,1
8082,0.41,1644580811.8125,P02,D01,0,0,1
8083,0.49,1644580811.828125,P02,D01,0,0,1
8084,0.47,1644580811.84375,P02,D01,0,0,1
8085,0.39,1644580811.859375,P02,D01,0,0,1
8086,0.25,1644580811.875,P02,D01,0,0,1
8087,0.08,1644580811.890625,P02,D01,0,0,1
8088,-0.1,1644580811.90625,P02,D01,0,0,1
8089,-0.24,1644580811.921875,P02,D01,0,0,1
8090,-0.34,1644580811.9375,P02,D01,0,0,1
8091,-0.36,1644580811.953125,P02,D01,0,0,1
8092,-0.3,1644580811.96875,P02,D01,0,0,1
8093,-0.18,1644580811.984375,P02,D01,0,0,1
8094,-0.04,1644580812.0,P02,D01,0,0,1
8095,0.07,1644580812.015625,P02,D01,0,0,1
8096,0.12,1644580812.03125,P02,D01,0,0,1
8097,0.06,1644580812.046875,P02,D01,0,0,1
8098,-0.12,1644580812.0625,P02,D01,0,0,1
8099,-0.43,1644580812.078125,P02,D01,0,0,1
8100,-0.8,1644580812.09375,P02,D01,0,0,1
8101,-1.17,1644580812.109375,P02,D01,0,0,1
8102,-1.45,1644580812.125,P02,D01,0,0,1
8103,-1.57,1644580812.140625,P02,D01,0,0,1
8104,-1.48,1644580812.15625,P02,D01,0,0,1
8105,-1.18,1644580812.171875,P02,D01,0,0,1
8106,-0.74,1644580812.1875,P02,D01,0,0,1
8107,-0.26,1644580812.203125,P02,D01,0,0,1
8108,0.14,1644580812.21875,P02,D01,0,0,1
8109,0.36,1644580812.234375,P02,D01,0,0,1
8110,0.34,1644580812.25,P02,D01,0,0,1
8111,0.15,1644580812.265625,P02,D01,0,0,1
8112,-0.13,1644580812.28125,P02,D01,0,0,1
8113,-0.34,1644580812.296875,P02,D01,0,0,1
8114,-0.37,1644580812.3125,P02,D01,0,0,1
8115,-0.21,1644580812.328125,P02,D01,0,0,1
8116,0.07,1644580812.34375,P02,D01,0,0,1
8117,0.32,1644580812.359375,P02,D01,0,0,1
8118,0.41,1644580812.375,P02,D01,0,0,1
8119,0.31,1644580812.390625,P02,D01,0,0,1
8120,0.09,1644580812.40625,P02,D01,0,0,1
8121,-0.08,1644580812.421875,P02,D01,0,0,1
8122,-0.03,1644580812.4375,P02,D01,0,0,1
8123,0.31,1644580812.453125,P02,D01,0,0,1
8124,0.88,1644580812.46875,P02,D01,0,0,1
8125,1.51,1644580812.484375,P02,D01,0,0,1
8126,1.99,1644580812.5,P02,D01,0,0,1
8127,2.15,1644580812.515625,P02,D01,0,0,1
8128,1.91,1644580812.53125,P02,D01,0,0,1
8129,1.33,1644580812.546875,P02,D01,0,0,1
8130,0.61,1644580812.5625,P02,D01,0,0,1
8131,-0.04,1644580812.578125,P02,D01,0,0,1
8132,-0.41,1644580812.59375,P02,D01,0,0,1
8133,-0.42,1644580812.609375,P02,D01,0,0,1
8134,-0.14,1644580812.625,P02,D01,0,0,1
8135,0.22,1644580812.640625,P02,D01,0,0,1
8136,0.47,1644580812.65625,P02,D01,0,0,1
8137,0.48,1644580812.671875,P02,D01,0,0,1
8138,0.27,1644580812.6875,P02,D01,0,0,1
8139,-0.06,1644580812.703125,P02,D01,0,0,1
8140,-0.36,1644580812.71875,P02,D01,0,0,1
8141,-0.52,1644580812.734375,P02,D01,0,0,1
8142,-0.55,1644580812.75,P02,D01,0,0,1
8143,-0.51,1644580812.765625,P02,D01,0,0,1
8144,-0.46,1644580812.78125,P02,D01,0,0,1
8145,-0.42,1644580812.796875,P02,D01,0,0,1
8146,-0.37,1644580812.8125,P02,D01,0,0,1
8147,-0.3,1644580812.828125,P02,D01,0,0,1
8148,-0.22,1644580812.84375,P02,D01,0,0,1
8149,-0.2,1644580812.859375,P02,D01,0,0,1
8150,-0.31,1644580812.875,P02,D01,0,0,1
8151,-0.54,1644580812.890625,P02,D01,0,0,1
8152,-0.86,1644580812.90625,P02,D01,0,0,1
8153,-1.2,1644580812.921875,P02,D01,0,0,1
8154,-1.44,1644580812.9375,P02,D01,0,0,1
8155,-1.53,1644580812.953125,P02,D01,0,0,1
8156,-1.4,1644580812.96875,P02,D01,0,0,1
8157,-1.04,1644580812.984375,P02,D01,0,0,1
8158,-0.46,1644580813.0,P02,D01,0,0,1
8159,0.23,1644580813.015625,P02,D01,0,0,1
8160,0.89,1644580813.03125,P02,D01,0,0,1
8161,1.38,1644580813.046875,P02,D01,0,0,1
8162,1.57,1644580813.0625,P02,D01,0,0,1
8163,1.46,1644580813.078125,P02,D01,0,0,1
8164,1.11,1644580813.09375,P02,D01,0,0,1
8165,0.62,1644580813.109375,P02,D01,0,0,1
8166,0.12,1644580813.125,P02,D01,0,0,1
8167,-0.29,1644580813.140625,P02,D01,0,0,1
8168,-0.52,1644580813.15625,P02,D01,0,0,1
8169,-0.51,1644580813.171875,P02,D01,0,0,1
8170,-0.25,1644580813.1875,P02,D01,0,0,1
8171,0.17,1644580813.203125,P02,D01,0,0,1
8172,0.58,1644580813.21875,P02,D01,0,0,1
8173,0.76,1644580813.234375,P02,D01,0,0,1
8174,0.6,1644580813.25,P02,D01,0,0,1
8175,0.14,1644580813.265625,P02,D01,0,0,1
8176,-0.42,1644580813.28125,P02,D01,0,0,1
8177,-0.87,1644580813.296875,P02,D01,0,0,1
8178,-1.03,1644580813.3125,P02,D01,0,0,1
8179,-0.89,1644580813.328125,P02,D01,0,0,1
8180,-0.57,1644580813.34375,P02,D01,0,0,1
8181,-0.23,1644580813.359375,P02,D01,0,0,1
8182,0.03,1644580813.375,P02,D01,0,0,1
8183,0.18,1644580813.390625,P02,D01,0,0,1
8184,0.27,1644580813.40625,P02,D01,0,0,1
8185,0.35,1644580813.421875,P02,D01,0,0,1
8186,0.46,1644580813.4375,P02,D01,0,0,1
8187,0.57,1644580813.453125,P02,D01,0,0,1
8188,0.64,1644580813.46875,P02,D01,0,0,1
8189,0.67,1644580813.484375,P02,D01,0,0,1
8190,0.66,1644580813.5,P02,D01,0,0,1
8191,0.64,1644580813.515625,P02,D01,0,0,1
8192,0.63,1644580813.53125,P02,D01,0,0,1
8193,0.61,1644580813.546875,P02,D01,0,0,1
8194,0.54,1644580813.5625,P02,D01,0,0,1
8195,0.39,1644580813.578125,P02,D01,0,0,1
8196,0.14,1644580813.59375,P02,D01,0,0,1
8197,-0.19,1644580813.609375,P02,D01,0,0,1
8198,-0.49,1644580813.625,P02,D01,0,0,1
8199,-0.66,1644580813.640625,P02,D01,0,0,1
8200,-0.64,1644580813.65625,P02,D01,0,0,1
8201,-0.45,1644580813.671875,P02,D01,0,0,1
8202,-0.19,1644580813.6875,P02,D01,0,0,1
8203,0.0,1644580813.703125,P02,D01,0,0,1
8204,0.06,1644580813.71875,P02,D01,0,0,1
8205,-0.01,1644580813.734375,P02,D01,0,0,1
8206,-0.08,1644580813.75,P02,D01,0,0,1
8207,-0.06,1644580813.765625,P02,D01,0,0,1
8208,0.09,1644580813.78125,P02,D01,0,0,1
8209,0.27,1644580813.796875,P02,D01,0,0,1
8210,0.34,1644580813.8125,P02,D01,0,0,1
8211,0.19,1644580813.828125,P02,D01,0,0,1
8212,-0.14,1644580813.84375,P02,D01,0,0,1
8213,-0.53,1644580813.859375,P02,D01,0,0,1
8214,-0.78,1644580813.875,P02,D01,0,0,1
8215,-0.78,1644580813.890625,P02,D01,0,0,1
8216,-0.56,1644580813.90625,P02,D01,0,0,1
8217,-0.26,1644580813.921875,P02,D01,0,0,1
8218,-0.07,1644580813.9375,P02,D01,0,0,1
8219,-0.06,1644580813.953125,P02,D01,0,0,1
8220,-0.21,1644580813.96875,P02,D01,0,0,1
8221,-0.43,1644580813.984375,P02,D01,0,0,1
8222,-0.6,1644580814.0,P02,D01,0,0,1
8223,-0.68,1644580814.015625,P02,D01,0,0,1
8224,-0.67,1644580814.03125,P02,D01,0,0,1
8225,-0.61,1644580814.046875,P02,D01,0,0,1
8226,-0.49,1644580814.0625,P02,D01,0,0,1
8227,-0.33,1644580814.078125,P02,D01,0,0,1
8228,-0.16,1644580814.09375,P02,D01,0,0,1
8229,-0.06,1644580814.109375,P02,D01,0,0,1
8230,-0.1,1644580814.125,P02,D01,0,0,1
8231,-0.3,1644580814.140625,P02,D01,0,0,1
8232,-0.6,1644580814.15625,P02,D01,0,0,1
8233,-0.9,1644580814.171875,P02,D01,0,0,1
8234,-1.07,1644580814.1875,P02,D01,0,0,1
8235,-1.07,1644580814.203125,P02,D01,0,0,1
8236,-0.93,1644580814.21875,P02,D01,0,0,1
8237,-0.72,1644580814.234375,P02,D01,0,0,1
8238,-0.52,1644580814.25,P02,D01,0,0,1
8239,-0.34,1644580814.265625,P02,D01,0,0,1
8240,-0.13,1644580814.28125,P02,D01,0,0,1
8241,0.13,1644580814.296875,P02,D01,0,0,1
8242,0.43,1644580814.3125,P02,D01,0,0,1
8243,0.69,1644580814.328125,P02,D01,0,0,1
8244,0.84,1644580814.34375,P02,D01,0,0,1
8245,0.81,1644580814.359375,P02,D01,0,0,1
8246,0.6,1644580814.375,P02,D01,0,0,1
8247,0.3,1644580814.390625,P02,D01,0,0,1
8248,-0.01,1644580814.40625,P02,D01,0,0,1
8249,-0.23,1644580814.421875,P02,D01,0,0,1
8250,-0.31,1644580814.4375,P02,D01,0,0,1
8251,-0.26,1644580814.453125,P02,D01,0,0,1
8252,-0.11,1644580814.46875,P02,D01,0,0,1
8253,0.07,1644580814.484375,P02,D01,0,0,1
8254,0.22,1644580814.5,P02,D01,0,0,1
8255,0.31,1644580814.515625,P02,D01,0,0,1
8256,0.35,1644580814.53125,P02,D01,0,0,1
8257,0.37,1644580814.546875,P02,D01,0,0,1
8258,0.44,1644580814.5625,P02,D01,0,0,1
8259,0.55,1644580814.578125,P02,D01,0,0,1
8260,0.7,1644580814.59375,P02,D01,0,0,1
8261,0.81,1644580814.609375,P02,D01,0,0,1
8262,0.82,1644580814.625,P02,D01,0,0,1
8263,0.73,1644580814.640625,P02,D01,0,0,1
8264,0.55,1644580814.65625,P02,D01,0,0,1
8265,0.36,1644580814.671875,P02,D01,0,0,1
8266,0.23,1644580814.6875,P02,D01,0,0,1
8267,0.21,1644580814.703125,P02,D01,0,0,1
8268,0.31,1644580814.71875,P02,D01,0,0,1
8269,0.54,1644580814.734375,P02,D01,0,0,1
8270,0.84,1644580814.75,P02,D01,0,0,1
8271,1.12,1644580814.765625,P02,D01,0,0,1
8272,1.29,1644580814.78125,P02,D01,0,0,1
8273,1.24,1644580814.796875,P02,D01,0,0,1
8274,0.97,1644580814.8125,P02,D01,0,0,1
8275,0.56,1644580814.828125,P02,D01,0,0,1
8276,0.12,1644580814.84375,P02,D01,0,0,1
8277,-0.24,1644580814.859375,P02,D01,0,0,1
8278,-0.47,1644580814.875,P02,D01,0,0,1
8279,-0.58,1644580814.890625,P02,D01,0,0,1
8280,-0.65,1644580814.90625,P02,D01,0,0,1
8281,-0.73,1644580814.921875,P02,D01,0,0,1
8282,-0.82,1644580814.9375,P02,D01,0,0,1
8283,-0.88,1644580814.953125,P02,D01,0,0,1
8284,-0.91,1644580814.96875,P02,D01,0,0,1
8285,-0.89,1644580814.984375,P02,D01,0,0,1
8286,-0.83,1644580815.0,P02,D01,0,0,1
8287,-0.73,1644580815.015625,P02,D01,0,0,1
8288,-0.56,1644580815.03125,P02,D01,0,0,1
8289,-0.29,1644580815.046875,P02,D01,0,0,1
8290,0.04,1644580815.0625,P02,D01,0,0,1
8291,0.38,1644580815.078125,P02,D01,0,0,1
8292,0.67,1644580815.09375,P02,D01,0,0,1
8293,0.87,1644580815.109375,P02,D01,0,0,1
8294,0.97,1644580815.125,P02,D01,0,0,1
8295,1.01,1644580815.140625,P02,D01,0,0,1
8296,1.01,1644580815.15625,P02,D01,0,0,1
8297,0.95,1644580815.171875,P02,D01,0,0,1
8298,0.8,1644580815.1875,P02,D01,0,0,1
8299,0.57,1644580815.203125,P02,D01,0,0,1
8300,0.3,1644580815.21875,P02,D01,0,0,1
8301,0.08,1644580815.234375,P02,D01,0,0,1
8302,-0.04,1644580815.25,P02,D01,0,0,1
8303,-0.04,1644580815.265625,P02,D01,0,0,1
8304,0.03,1644580815.28125,P02,D01,0,0,1
8305,0.11,1644580815.296875,P02,D01,0,0,1
8306,0.17,1644580815.3125,P02,D01,0,0,1
8307,0.19,1644580815.328125,P02,D01,0,0,1
8308,0.2,1644580815.34375,P02,D01,0,0,1
8309,0.22,1644580815.359375,P02,D01,0,0,1
8310,0.26,1644580815.375,P02,D01,0,0,1
8311,0.29,1644580815.390625,P02,D01,0,0,1
8312,0.31,1644580815.40625,P02,D01,0,0,1
8313,0.3,1644580815.421875,P02,D01,0,0,1
8314,0.27,1644580815.4375,P02,D01,0,0,1
8315,0.25,1644580815.453125,P02,D01,0,0,1
8316,0.26,1644580815.46875,P02,D01,0,0,1
8317,0.28,1644580815.484375,P02,D01,0,0,1
8318,0.32,1644580815.5,P02,D01,0,0,1
8319,0.35,1644580815.515625,P02,D01,0,0,1
8320,0.39,1644580815.53125,P02,D01,0,0,1
8321,0.44,1644580815.546875,P02,D01,0,0,1
8322,0.47,1644580815.5625,P02,D01,0,0,1
8323,0.44,1644580815.578125,P02,D01,0,0,1
8324,0.35,1644580815.59375,P02,D01,0,0,1
8325,0.18,1644580815.609375,P02,D01,0,0,1
8326,-0.04,1644580815.625,P02,D01,0,0,1
8327,-0.26,1644580815.640625,P02,D01,0,0,1
8328,-0.45,1644580815.65625,P02,D01,0,0,1
8329,-0.59,1644580815.671875,P02,D01,0,0,1
8330,-0.68,1644580815.6875,P02,D01,0,0,1
8331,-0.7,1644580815.703125,P02,D01,0,0,1
8332,-0.62,1644580815.71875,P02,D01,0,0,1
8333,-0.44,1644580815.734375,P02,D01,0,0,1
8334,-0.2,1644580815.75,P02,D01,0,0,1
8335,0.03,1644580815.765625,P02,D01,0,0,1
8336,0.16,1644580815.78125,P02,D01,0,0,1
8337,0.15,1644580815.796875,P02,D01,0,0,1
8338,0.03,1644580815.8125,P02,D01,0,0,1
8339,-0.1,1644580815.828125,P02,D01,0,0,1
8340,-0.13,1644580815.84375,P02,D01,0,0,1
8341,-0.05,1644580815.859375,P02,D01,0,0,1
8342,0.09,1644580815.875,P02,D01,0,0,1
8343,0.15,1644580815.890625,P02,D01,0,0,1
8344,0.03,1644580815.90625,P02,D01,0,0,1
8345,-0.27,1644580815.921875,P02,D01,0,0,1
8346,-0.68,1644580815.9375,P02,D01,0,0,1
8347,-1.07,1644580815.953125,P02,D01,0,0,1
8348,-1.3,1644580815.96875,P02,D01,0,0,1
8349,-1.29,1644580815.984375,P02,D01,0,0,1
8350,-1.04,1644580816.0,P02,D01,0,0,1
8351,-0.57,1644580816.015625,P02,D01,0,0,1
8352,-0.02,1644580816.03125,P02,D01,0,0,1
8353,0.49,1644580816.046875,P02,D01,0,0,1
8354,0.81,1644580816.0625,P02,D01,0,0,1
8355,0.85,1644580816.078125,P02,D01,0,0,1
8356,0.59,1644580816.09375,P02,D01,0,0,1
8357,0.14,1644580816.109375,P02,D01,0,0,1
8358,-0.35,1644580816.125,P02,D01,0,0,1
8359,-0.73,1644580816.140625,P02,D01,0,0,1
8360,-0.84,1644580816.15625,P02,D01,0,0,1
8361,-0.67,1644580816.171875,P02,D01,0,0,1
8362,-0.26,1644580816.1875,P02,D01,0,0,1
8363,0.26,1644580816.203125,P02,D01,0,0,1
8364,0.72,1644580816.21875,P02,D01,0,0,1
8365,0.97,1644580816.234375,P02,D01,0,0,1
8366,0.94,1644580816.25,P02,D01,0,0,1
8367,0.64,1644580816.265625,P02,D01,0,0,1
8368,0.2,1644580816.28125,P02,D01,0,0,1
8369,-0.2,1644580816.296875,P02,D01,0,0,1
8370,-0.44,1644580816.3125,P02,D01,0,0,1
8371,-0.46,1644580816.328125,P02,D01,0,0,1
8372,-0.3,1644580816.34375,P02,D01,0,0,1
8373,-0.08,1644580816.359375,P02,D01,0,0,1
8374,0.08,1644580816.375,P02,D01,0,0,1
8375,0.12,1644580816.390625,P02,D01,0,0,1
8376,0.06,1644580816.40625,P02,D01,0,0,1
8377,-0.06,1644580816.421875,P02,D01,0,0,1
8378,-0.17,1644580816.4375,P02,D01,0,0,1
8379,-0.27,1644580816.453125,P02,D01,0,0,1
8380,-0.37,1644580816.46875,P02,D01,0,0,1
8381,-0.47,1644580816.484375,P02,D01,0,0,1
8382,-0.6,1644580816.5,P02,D01,0,0,1
8383,-0.72,1644580816.515625,P02,D01,0,0,1
8384,-0.76,1644580816.53125,P02,D01,0,0,1
8385,-0.68,1644580816.546875,P02,D01,0,0,1
8386,-0.46,1644580816.5625,P02,D01,0,0,1
8387,-0.17,1644580816.578125,P02,D01,0,0,1
8388,0.1,1644580816.59375,P02,D01,0,0,1
8389,0.25,1644580816.609375,P02,D01,0,0,1
8390,0.27,1644580816.625,P02,D01,0,0,1
8391,0.16,1644580816.640625,P02,D01,0,0,1
8392,0.03,1644580816.65625,P02,D01,0,0,1
8393,-0.04,1644580816.671875,P02,D01,0,0,1
8394,-0.01,1644580816.6875,P02,D01,0,0,1
8395,0.12,1644580816.703125,P02,D01,0,0,1
8396,0.31,1644580816.71875,P02,D01,0,0,1
8397,0.52,1644580816.734375,P02,D01,0,0,1
8398,0.69,1644580816.75,P02,D01,0,0,1
8399,0.77,1644580816.765625,P02,D01,0,0,1
8400,0.71,1644580816.78125,P02,D01,0,0,1
8401,0.54,1644580816.796875,P02,D01,0,0,1
8402,0.27,1644580816.8125,P02,D01,0,0,1
8403,0.01,1644580816.828125,P02,D01,0,0,1
8404,-0.17,1644580816.84375,P02,D01,0,0,1
8405,-0.22,1644580816.859375,P02,D01,0,0,1
8406,-0.12,1644580816.875,P02,D01,0,0,1
8407,0.05,1644580816.890625,P02,D01,0,0,1
8408,0.22,1644580816.90625,P02,D01,0,0,1
8409,0.33,1644580816.921875,P02,D01,0,0,1
8410,0.34,1644580816.9375,P02,D01,0,0,1
8411,0.26,1644580816.953125,P02,D01,0,0,1
8412,0.14,1644580816.96875,P02,D01,0,0,1
8413,0.04,1644580816.984375,P02,D01,0,0,1
8414,-0.01,1644580817.0,P02,D01,0,0,1
8415,-0.01,1644580817.015625,P02,D01,0,0,1
8416,0.01,1644580817.03125,P02,D01,0,0,1
8417,0.04,1644580817.046875,P02,D01,0,0,1
8418,0.04,1644580817.0625,P02,D01,0,0,1
8419,-0.01,1644580817.078125,P02,D01,0,0,1
8420,-0.11,1644580817.09375,P02,D01,0,0,1
8421,-0.25,1644580817.109375,P02,D01,0,0,1
8422,-0.41,1644580817.125,P02,D01,0,0,1
8423,-0.54,1644580817.140625,P02,D01,0,0,1
8424,-0.58,1644580817.15625,P02,D01,0,0,1
8425,-0.49,1644580817.171875,P02,D01,0,0,1
8426,-0.29,1644580817.1875,P02,D01,0,0,1
8427,-0.06,1644580817.203125,P02,D01,0,0,1
8428,0.11,1644580817.21875,P02,D01,0,0,1
8429,0.14,1644580817.234375,P02,D01,0,0,1
8430,0.03,1644580817.25,P02,D01,0,0,1
8431,-0.14,1644580817.265625,P02,D01,0,0,1
8432,-0.27,1644580817.28125,P02,D01,0,0,1
8433,-0.31,1644580817.296875,P02,D01,0,0,1
8434,-0.26,1644580817.3125,P02,D01,0,0,1
8435,-0.22,1644580817.328125,P02,D01,0,0,1
8436,-0.27,1644580817.34375,P02,D01,0,0,1
8437,-0.43,1644580817.359375,P02,D01,0,0,1
8438,-0.65,1644580817.375,P02,D01,0,0,1
8439,-0.78,1644580817.390625,P02,D01,0,0,1
8440,-0.72,1644580817.40625,P02,D01,0,0,1
8441,-0.44,1644580817.421875,P02,D01,0,0,1
8442,-0.03,1644580817.4375,P02,D01,0,0,1
8443,0.38,1644580817.453125,P02,D01,0,0,1
8444,0.62,1644580817.46875,P02,D01,0,0,1
8445,0.63,1644580817.484375,P02,D01,0,0,1
8446,0.43,1644580817.5,P02,D01,0,0,1
8447,0.15,1644580817.515625,P02,D01,0,0,1
8448,-0.06,1644580817.53125,P02,D01,0,0,1
8449,-0.11,1644580817.546875,P02,D01,0,0,1
8450,0.03,1644580817.5625,P02,D01,0,0,1
8451,0.29,1644580817.578125,P02,D01,0,0,1
8452,0.56,1644580817.59375,P02,D01,0,0,1
8453,0.74,1644580817.609375,P02,D01,0,0,1
8454,0.75,1644580817.625,P02,D01,0,0,1
8455,0.61,1644580817.640625,P02,D01,0,0,1
8456,0.32,1644580817.65625,P02,D01,0,0,1
8457,-0.04,1644580817.671875,P02,D01,0,0,1
8458,-0.43,1644580817.6875,P02,D01,0,0,1
8459,-0.75,1644580817.703125,P02,D01,0,0,1
8460,-0.94,1644580817.71875,P02,D01,0,0,1
8461,-0.94,1644580817.734375,P02,D01,0,0,1
8462,-0.75,1644580817.75,P02,D01,0,0,1
8463,-0.42,1644580817.765625,P02,D01,0,0,1
8464,-0.03,1644580817.78125,P02,D01,0,0,1
8465,0.34,1644580817.796875,P02,D01,0,0,1
8466,0.63,1644580817.8125,P02,D01,0,0,1
8467,0.84,1644580817.828125,P02,D01,0,0,1
8468,0.94,1644580817.84375,P02,D01,0,0,1
8469,0.93,1644580817.859375,P02,D01,0,0,1
8470,0.78,1644580817.875,P02,D01,0,0,1
8471,0.5,1644580817.890625,P02,D01,0,0,1
8472,0.11,1644580817.90625,P02,D01,0,0,1
8473,-0.29,1644580817.921875,P02,D01,0,0,1
8474,-0.55,1644580817.9375,P02,D01,0,0,1
8475,-0.59,1644580817.953125,P02,D01,0,0,1
8476,-0.34,1644580817.96875,P02,D01,0,0,1
8477,0.14,1644580817.984375,P02,D01,0,0,1
8478,0.72,1644580818.0,P02,D01,0,0,1
8479,1.2,1644580818.015625,P02,D01,0,0,1
8480,1.47,1644580818.03125,P02,D01,0,0,1
8481,1.43,1644580818.046875,P02,D01,0,0,1
8482,1.12,1644580818.0625,P02,D01,0,0,1
8483,0.62,1644580818.078125,P02,D01,0,0,1
8484,0.08,1644580818.09375,P02,D01,0,0,1
8485,-0.4,1644580818.109375,P02,D01,0,0,1
8486,-0.72,1644580818.125,P02,D01,0,0,1
8487,-0.85,1644580818.140625,P02,D01,0,0,1
8488,-0.82,1644580818.15625,P02,D01,0,0,1
8489,-0.68,1644580818.171875,P02,D01,0,0,1
8490,-0.5,1644580818.1875,P02,D01,0,0,1
8491,-0.34,1644580818.203125,P02,D01,0,0,1
8492,-0.22,1644580818.21875,P02,D01,0,0,1
8493,-0.15,1644580818.234375,P02,D01,0,0,1
8494,-0.13,1644580818.25,P02,D01,0,0,1
8495,-0.14,1644580818.265625,P02,D01,0,0,1
8496,-0.19,1644580818.28125,P02,D01,0,0,1
8497,-0.28,1644580818.296875,P02,D01,0,0,1
8498,-0.42,1644580818.3125,P02,D01,0,0,1
8499,-0.57,1644580818.328125,P02,D01,0,0,1
8500,-0.68,1644580818.34375,P02,D01,0,0,1
8501,-0.7,1644580818.359375,P02,D01,0,0,1
8502,-0.59,1644580818.375,P02,D01,0,0,1
8503,-0.38,1644580818.390625,P02,D01,0,0,1
8504,-0.16,1644580818.40625,P02,D01,0,0,1
8505,0.0,1644580818.421875,P02,D01,0,0,1
8506,0.05,1644580818.4375,P02,D01,0,0,1
8507,0.02,1644580818.453125,P02,D01,0,0,1
8508,-0.01,1644580818.46875,P02,D01,0,0,1
8509,0.02,1644580818.484375,P02,D01,0,0,1
8510,0.14,1644580818.5,P02,D01,0,0,1
8511,0.31,1644580818.515625,P02,D01,0,0,1
8512,0.45,1644580818.53125,P02,D01,0,0,1
8513,0.51,1644580818.546875,P02,D01,0,0,1
8514,0.49,1644580818.5625,P02,D01,0,0,1
8515,0.44,1644580818.578125,P02,D01,0,0,1
8516,0.42,1644580818.59375,P02,D01,0,0,1
8517,0.46,1644580818.609375,P02,D01,0,0,1
8518,0.54,1644580818.625,P02,D01,0,0,1
8519,0.63,1644580818.640625,P02,D01,0,0,1
8520,0.67,1644580818.65625,P02,D01,0,0,1
8521,0.65,1644580818.671875,P02,D01,0,0,1
8522,0.55,1644580818.6875,P02,D01,0,0,1
8523,0.4,1644580818.703125,P02,D01,0,0,1
8524,0.18,1644580818.71875,P02,D01,0,0,1
8525,-0.09,1644580818.734375,P02,D01,0,0,1
8526,-0.39,1644580818.75,P02,D01,0,0,1
8527,-0.67,1644580818.765625,P02,D01,0,0,1
8528,-0.84,1644580818.78125,P02,D01,0,0,1
8529,-0.86,1644580818.796875,P02,D01,0,0,1
8530,-0.75,1644580818.8125,P02,D01,0,0,1
8531,-0.55,1644580818.828125,P02,D01,0,0,1
8532,-0.36,1644580818.84375,P02,D01,0,0,1
8533,-0.26,1644580818.859375,P02,D01,0,0,1
8534,-0.27,1644580818.875,P02,D01,0,0,1
8535,-0.38,1644580818.890625,P02,D01,0,0,1
8536,-0.51,1644580818.90625,P02,D01,0,0,1
8537,-0.58,1644580818.921875,P02,D01,0,0,1
8538,-0.53,1644580818.9375,P02,D01,0,0,1
8539,-0.37,1644580818.953125,P02,D01,0,0,1
8540,-0.16,1644580818.96875,P02,D01,0,0,1
8541,0.03,1644580818.984375,P02,D01,0,0,1
8542,0.14,1644580819.0,P02,D01,0,0,1
8543,0.16,1644580819.015625,P02,D01,0,0,1
8544,0.1,1644580819.03125,P02,D01,0,0,1
8545,0.0,1644580819.046875,P02,D01,0,0,1
8546,-0.08,1644580819.0625,P02,D01,0,0,1
8547,-0.11,1644580819.078125,P02,D01,0,0,1
8548,-0.08,1644580819.09375,P02,D01,0,0,1
8549,0.02,1644580819.109375,P02,D01,0,0,1
8550,0.17,1644580819.125,P02,D01,0,0,1
8551,0.33,1644580819.140625,P02,D01,0,0,1
8552,0.46,1644580819.15625,P02,D01,0,0,1
8553,0.5,1644580819.171875,P02,D01,0,0,1
8554,0.46,1644580819.1875,P02,D01,0,0,1
8555,0.36,1644580819.203125,P02,D01,0,0,1
8556,0.27,1644580819.21875,P02,D01,0,0,1
8557,0.23,1644580819.234375,P02,D01,0,0,1
8558,0.27,1644580819.25,P02,D01,0,0,1
8559,0.34,1644580819.265625,P02,D01,0,0,1
8560,0.39,1644580819.28125,P02,D01,0,0,1
8561,0.37,1644580819.296875,P02,D01,0,0,1
8562,0.25,1644580819.3125,P02,D01,0,0,1
8563,0.06,1644580819.328125,P02,D01,0,0,1
8564,-0.12,1644580819.34375,P02,D01,0,0,1
8565,-0.24,1644580819.359375,P02,D01,0,0,1
8566,-0.26,1644580819.375,P02,D01,0,0,1
8567,-0.22,1644580819.390625,P02,D01,0,0,1
8568,-0.21,1644580819.40625,P02,D01,0,0,1
8569,-0.28,1644580819.421875,P02,D01,0,0,1
8570,-0.46,1644580819.4375,P02,D01,0,0,1
8571,-0.71,1644580819.453125,P02,D01,0,0,1
8572,-0.97,1644580819.46875,P02,D01,0,0,1
8573,-1.18,1644580819.484375,P02,D01,0,0,1
8574,-1.29,1644580819.5,P02,D01,0,0,1
8575,-1.28,1644580819.515625,P02,D01,0,0,1
8576,-1.16,1644580819.53125,P02,D01,0,0,1
8577,-0.93,1644580819.546875,P02,D01,0,0,1
8578,-0.61,1644580819.5625,P02,D01,0,0,1
8579,-0.26,1644580819.578125,P02,D01,0,0,1
8580,0.06,1644580819.59375,P02,D01,0,0,1
8581,0.27,1644580819.609375,P02,D01,0,0,1
8582,0.35,1644580819.625,P02,D01,0,0,1
8583,0.33,1644580819.640625,P02,D01,0,0,1
8584,0.29,1644580819.65625,P02,D01,0,0,1
8585,0.28,1644580819.671875,P02,D01,0,0,1
8586,0.32,1644580819.6875,P02,D01,0,0,1
8587,0.38,1644580819.703125,P02,D01,0,0,1
8588,0.42,1644580819.71875,P02,D01,0,0,1
8589,0.41,1644580819.734375,P02,D01,0,0,1
8590,0.35,1644580819.75,P02,D01,0,0,1
8591,0.27,1644580819.765625,P02,D01,0,0,1
8592,0.18,1644580819.78125,P02,D01,0,0,1
8593,0.11,1644580819.796875,P02,D01,0,0,1
8594,0.07,1644580819.8125,P02,D01,0,0,1
8595,0.04,1644580819.828125,P02,D01,0,0,1
8596,0.01,1644580819.84375,P02,D01,0,0,1
8597,-0.03,1644580819.859375,P02,D01,0,0,1
8598,-0.12,1644580819.875,P02,D01,0,0,1
8599,-0.29,1644580819.890625,P02,D01,0,0,1
8600,-0.53,1644580819.90625,P02,D01,0,0,1
8601,-0.8,1644580819.921875,P02,D01,0,0,1
8602,-1.04,1644580819.9375,P02,D01,0,0,1
8603,-1.17,1644580819.953125,P02,D01,0,0,1
8604,-1.14,1644580819.96875,P02,D01,0,0,1
8605,-0.96,1644580819.984375,P02,D01,0,0,1
8606,-0.66,1644580820.0,P02,D01,0,0,1
8607,-0.32,1644580820.015625,P02,D01,0,0,1
8608,-0.0,1644580820.03125,P02,D01,0,0,1
8609,0.23,1644580820.046875,P02,D01,0,0,1
8610,0.39,1644580820.0625,P02,D01,0,0,1
8611,0.49,1644580820.078125,P02,D01,0,0,1
8612,0.57,1644580820.09375,P02,D01,0,0,1
8613,0.63,1644580820.109375,P02,D01,0,0,1
8614,0.64,1644580820.125,P02,D01,0,0,1
8615,0.57,1644580820.140625,P02,D01,0,0,1
8616,0.43,1644580820.15625,P02,D01,0,0,1
8617,0.27,1644580820.171875,P02,D01,0,0,1
8618,0.19,1644580820.1875,P02,D01,0,0,1
8619,0.24,1644580820.203125,P02,D01,0,0,1
8620,0.44,1644580820.21875,P02,D01,0,0,1
8621,0.7,1644580820.234375,P02,D01,0,0,1
8622,0.93,1644580820.25,P02,D01,0,0,1
8623,1.06,1644580820.265625,P02,D01,0,0,1
8624,1.11,1644580820.28125,P02,D01,0,0,1
8625,1.1,1644580820.296875,P02,D01,0,0,1
8626,1.09,1644580820.3125,P02,D01,0,0,1
8627,1.07,1644580820.328125,P02,D01,0,0,1
8628,1.0,1644580820.34375,P02,D01,0,0,1
8629,0.86,1644580820.359375,P02,D01,0,0,1
8630,0.67,1644580820.375,P02,D01,0,0,1
8631,0.47,1644580820.390625,P02,D01,0,0,1
8632,0.33,1644580820.40625,P02,D01,0,0,1
8633,0.26,1644580820.421875,P02,D01,0,0,1
8634,0.23,1644580820.4375,P02,D01,0,0,1
8635,0.19,1644580820.453125,P02,D01,0,0,1
8636,0.12,1644580820.46875,P02,D01,0,0,1
8637,0.05,1644580820.484375,P02,D01,0,0,1
8638,0.01,1644580820.5,P02,D01,0,0,1
8639,0.03,1644580820.515625,P02,D01,0,0,1
8640,0.08,1644580820.53125,P02,D01,0,0,1
8641,0.1,1644580820.546875,P02,D01,0,0,1
8642,0.04,1644580820.5625,P02,D01,0,0,1
8643,-0.11,1644580820.578125,P02,D01,0,0,1
8644,-0.27,1644580820.59375,P02,D01,0,0,1
8645,-0.37,1644580820.609375,P02,D01,0,0,1
8646,-0.33,1644580820.625,P02,D01,0,0,1
8647,-0.17,1644580820.640625,P02,D01,0,0,1
8648,0.04,1644580820.65625,P02,D01,0,0,1
8649,0.17,1644580820.671875,P02,D01,0,0,1
8650,0.18,1644580820.6875,P02,D01,0,0,1
8651,0.05,1644580820.703125,P02,D01,0,0,1
8652,-0.17,1644580820.71875,P02,D01,0,0,1
8653,-0.41,1644580820.734375,P02,D01,0,0,1
8654,-0.6,1644580820.75,P02,D01,0,0,1
8655,-0.75,1644580820.765625,P02,D01,0,0,1
8656,-0.85,1644580820.78125,P02,D01,0,0,1
8657,-0.86,1644580820.796875,P02,D01,0,0,1
8658,-0.76,1644580820.8125,P02,D01,0,0,1
8659,-0.49,1644580820.828125,P02,D01,0,0,1
8660,-0.09,1644580820.84375,P02,D01,0,0,1
8661,0.38,1644580820.859375,P02,D01,0,0,1
8662,0.79,1644580820.875,P02,D01,0,0,1
8663,1.04,1644580820.890625,P02,D01,0,0,1
8664,1.07,1644580820.90625,P02,D01,0,0,1
8665,0.9,1644580820.921875,P02,D01,0,0,1
8666,0.61,1644580820.9375,P02,D01,0,0,1
8667,0.32,1644580820.953125,P02,D01,0,0,1
8668,0.13,1644580820.96875,P02,D01,0,0,1
8669,0.11,1644580820.984375,P02,D01,0,0,1
8670,0.25,1644580821.0,P02,D01,0,0,1
8671,0.47,1644580821.015625,P02,D01,0,0,1
8672,0.68,1644580821.03125,P02,D01,0,0,1
8673,0.77,1644580821.046875,P02,D01,0,0,1
8674,0.71,1644580821.0625,P02,D01,0,0,1
8675,0.53,1644580821.078125,P02,D01,0,0,1
8676,0.31,1644580821.09375,P02,D01,0,0,1
8677,0.11,1644580821.109375,P02,D01,0,0,1
8678,-0.04,1644580821.125,P02,D01,0,0,1
8679,-0.17,1644580821.140625,P02,D01,0,0,1
8680,-0.3,1644580821.15625,P02,D01,0,0,1
8681,-0.44,1644580821.171875,P02,D01,0,0,1
8682,-0.57,1644580821.1875,P02,D01,0,0,1
8683,-0.63,1644580821.203125,P02,D01,0,0,1
8684,-0.62,1644580821.21875,P02,D01,0,0,1
8685,-0.59,1644580821.234375,P02,D01,0,0,1
8686,-0.58,1644580821.25,P02,D01,0,0,1
8687,-0.6,1644580821.265625,P02,D01,0,0,1
8688,-0.62,1644580821.28125,P02,D01,0,0,1
8689,-0.58,1644580821.296875,P02,D01,0,0,1
8690,-0.42,1644580821.3125,P02,D01,0,0,1
8691,-0.17,1644580821.328125,P02,D01,0,0,1
8692,0.12,1644580821.34375,P02,D01,0,0,1
8693,0.38,1644580821.359375,P02,D01,0,0,1
8694,0.55,1644580821.375,P02,D01,0,0,1
8695,0.63,1644580821.390625,P02,D01,0,0,1
8696,0.62,1644580821.40625,P02,D01,0,0,1
8697,0.53,1644580821.421875,P02,D01,0,0,1
8698,0.33,1644580821.4375,P02,D01,0,0,1
8699,0.04,1644580821.453125,P02,D01,0,0,1
8700,-0.29,1644580821.46875,P02,D01,0,0,1
8701,-0.56,1644580821.484375,P02,D01,0,0,1
8702,-0.65,1644580821.5,P02,D01,0,0,1
8703,-0.54,1644580821.515625,P02,D01,0,0,1
8704,-0.29,1644580821.53125,P02,D01,0,0,1
8705,-0.02,1644580821.546875,P02,D01,0,0,1
8706,0.13,1644580821.5625,P02,D01,0,0,1
8707,0.15,1644580821.578125,P02,D01,0,0,1
8708,0.06,1644580821.59375,P02,D01,0,0,1
8709,-0.04,1644580821.609375,P02,D01,0,0,1
8710,-0.1,1644580821.625,P02,D01,0,0,1
8711,-0.09,1644580821.640625,P02,D01,0,0,1
8712,-0.06,1644580821.65625,P02,D01,0,0,1
8713,-0.04,1644580821.671875,P02,D01,0,0,1
8714,-0.04,1644580821.6875,P02,D01,0,0,1
8715,-0.03,1644580821.703125,P02,D01,0,0,1
8716,0.02,1644580821.71875,P02,D01,0,0,1
8717,0.09,1644580821.734375,P02,D01,0,0,1
8718,0.14,1644580821.75,P02,D01,0,0,1
8719,0.13,1644580821.765625,P02,D01,0,0,1
8720,0.06,1644580821.78125,P02,D01,0,0,1
8721,-0.03,1644580821.796875,P02,D01,0,0,1
8722,-0.07,1644580821.8125,P02,D01,0,0,1
8723,-0.03,1644580821.828125,P02,D01,0,0,1
8724,0.08,1644580821.84375,P02,D01,0,0,1
8725,0.17,1644580821.859375,P02,D01,0,0,1
8726,0.18,1644580821.875,P02,D01,0,0,1
8727,0.08,1644580821.890625,P02,D01,0,0,1
8728,-0.13,1644580821.90625,P02,D01,0,0,1
8729,-0.37,1644580821.921875,P02,D01,0,0,1
8730,-0.58,1644580821.9375,P02,D01,0,0,1
8731,-0.7,1644580821.953125,P02,D01,0,0,1
8732,-0.71,1644580821.96875,P02,D01,0,0,1
8733,-0.59,1644580821.984375,P02,D01,0,0,1
8734,-0.36,1644580822.0,P02,D01,0,0,1
8735,-0.07,1644580822.015625,P02,D01,0,0,1
8736,0.21,1644580822.03125,P02,D01,0,0,1
8737,0.41,1644580822.046875,P02,D01,0,0,1
8738,0.46,1644580822.0625,P02,D01,0,0,1
8739,0.39,1644580822.078125,P02,D01,0,0,1
8740,0.25,1644580822.09375,P02,D01,0,0,1
8741,0.11,1644580822.109375,P02,D01,0,0,1
8742,0.0,1644580822.125,P02,D01,0,0,1
8743,-0.06,1644580822.140625,P02,D01,0,0,1
8744,-0.09,1644580822.15625,P02,D01,0,0,1
8745,-0.09,1644580822.171875,P02,D01,0,0,1
8746,-0.01,1644580822.1875,P02,D01,0,0,1
8747,0.18,1644580822.203125,P02,D01,0,0,1
8748,0.49,1644580822.21875,P02,D01,0,0,1
8749,0.84,1644580822.234375,P02,D01,0,0,1
8750,1.11,1644580822.25,P02,D01,0,0,1
8751,1.19,1644580822.265625,P02,D01,0,0,1
8752,1.07,1644580822.28125,P02,D01,0,0,1
8753,0.78,1644580822.296875,P02,D01,0,0,1
8754,0.39,1644580822.3125,P02,D01,0,0,1
8755,-0.04,1644580822.328125,P02,D01,0,0,1
8756,-0.46,1644580822.34375,P02,D01,0,0,1
8757,-0.85,1644580822.359375,P02,D01,0,0,1
8758,-1.16,1644580822.375,P02,D01,0,0,1
8759,-1.34,1644580822.390625,P02,D01,0,0,1
8760,-1.34,1644580822.40625,P02,D01,0,0,1
8761,-1.17,1644580822.421875,P02,D01,0,0,1
8762,-0.9,1644580822.4375,P02,D01,0,0,1
8763,-0.63,1644580822.453125,P02,D01,0,0,1
8764,-0.43,1644580822.46875,P02,D01,0,0,1
8765,-0.29,1644580822.484375,P02,D01,0,0,1
8766,-0.18,1644580822.5,P02,D01,0,0,1
8767,-0.06,1644580822.515625,P02,D01,0,0,1
8768,0.04,1644580822.53125,P02,D01,0,0,1
8769,0.09,1644580822.546875,P02,D01,0,0,1
8770,0.04,1644580822.5625,P02,D01,0,0,1
8771,-0.09,1644580822.578125,P02,D01,0,0,1
8772,-0.25,1644580822.59375,P02,D01,0,0,1
8773,-0.36,1644580822.609375,P02,D01,0,0,1
8774,-0.36,1644580822.625,P02,D01,0,0,1
8775,-0.26,1644580822.640625,P02,D01,0,0,1
8776,-0.13,1644580822.65625,P02,D01,0,0,1
8777,-0.05,1644580822.671875,P02,D01,0,0,1
8778,-0.09,1644580822.6875,P02,D01,0,0,1
8779,-0.26,1644580822.703125,P02,D01,0,0,1
8780,-0.49,1644580822.71875,P02,D01,0,0,1
8781,-0.69,1644580822.734375,P02,D01,0,0,1
8782,-0.79,1644580822.75,P02,D01,0,0,1
8783,-0.76,1644580822.765625,P02,D01,0,0,1
8784,-0.61,1644580822.78125,P02,D01,0,0,1
8785,-0.4,1644580822.796875,P02,D01,0,0,1
8786,-0.19,1644580822.8125,P02,D01,0,0,1
8787,0.0,1644580822.828125,P02,D01,0,0,1
8788,0.16,1644580822.84375,P02,D01,0,0,1
8789,0.28,1644580822.859375,P02,D01,0,0,1
8790,0.37,1644580822.875,P02,D01,0,0,1
8791,0.41,1644580822.890625,P02,D01,0,0,1
8792,0.41,1644580822.90625,P02,D01,0,0,1
8793,0.41,1644580822.921875,P02,D01,0,0,1
8794,0.47,1644580822.9375,P02,D01,0,0,1
8795,0.61,1644580822.953125,P02,D01,0,0,1
8796,0.84,1644580822.96875,P02,D01,0,0,1
8797,1.08,1644580822.984375,P02,D01,0,0,1
8798,1.22,1644580823.0,P02,D01,0,0,1
8799,1.2,1644580823.015625,P02,D01,0,0,1
8800,0.96,1644580823.03125,P02,D01,0,0,1
8801,0.56,1644580823.046875,P02,D01,0,0,1
8802,0.07,1644580823.0625,P02,D01,0,0,1
8803,-0.39,1644580823.078125,P02,D01,0,0,1
8804,-0.71,1644580823.09375,P02,D01,0,0,1
8805,-0.83,1644580823.109375,P02,D01,0,0,1
8806,-0.73,1644580823.125,P02,D01,0,0,1
8807,-0.46,1644580823.140625,P02,D01,0,0,1
8808,-0.14,1644580823.15625,P02,D01,0,0,1
8809,0.13,1644580823.171875,P02,D01,0,0,1
8810,0.24,1644580823.1875,P02,D01,0,0,1
8811,0.19,1644580823.203125,P02,D01,0,0,1
8812,0.03,1644580823.21875,P02,D01,0,0,1
8813,-0.15,1644580823.234375,P02,D01,0,0,1
8814,-0.26,1644580823.25,P02,D01,0,0,1
8815,-0.27,1644580823.265625,P02,D01,0,0,1
8816,-0.19,1644580823.28125,P02,D01,0,0,1
8817,-0.1,1644580823.296875,P02,D01,0,0,1
8818,-0.01,1644580823.3125,P02,D01,0,0,1
8819,0.04,1644580823.328125,P02,D01,0,0,1
8820,0.08,1644580823.34375,P02,D01,0,0,1
8821,0.12,1644580823.359375,P02,D01,0,0,1
8822,0.17,1644580823.375,P02,D01,0,0,1
8823,0.22,1644580823.390625,P02,D01,0,0,1
8824,0.26,1644580823.40625,P02,D01,0,0,1
8825,0.28,1644580823.421875,P02,D01,0,0,1
8826,0.23,1644580823.4375,P02,D01,0,0,1
8827,0.11,1644580823.453125,P02,D01,0,0,1
8828,-0.08,1644580823.46875,P02,D01,0,0,1
8829,-0.32,1644580823.484375,P02,D01,0,0,1
8830,-0.49,1644580823.5,P02,D01,0,0,1
8831,-0.53,1644580823.515625,P02,D01,0,0,1
8832,-0.37,1644580823.53125,P02,D01,0,0,1
8833,-0.07,1644580823.546875,P02,D01,0,0,1
8834,0.22,1644580823.5625,P02,D01,0,0,1
8835,0.35,1644580823.578125,P02,D01,0,0,1
8836,0.23,1644580823.59375,P02,D01,0,0,1
8837,-0.09,1644580823.609375,P02,D01,0,0,1
8838,-0.45,1644580823.625,P02,D01,0,0,1
8839,-0.66,1644580823.640625,P02,D01,0,0,1
8840,-0.66,1644580823.65625,P02,D01,0,0,1
8841,-0.49,1644580823.671875,P02,D01,0,0,1
8842,-0.32,1644580823.6875,P02,D01,0,0,1
8843,-0.25,1644580823.703125,P02,D01,0,0,1
8844,-0.33,1644580823.71875,P02,D01,0,0,1
8845,-0.45,1644580823.734375,P02,D01,0,0,1
8846,-0.52,1644580823.75,P02,D01,0,0,1
8847,-0.45,1644580823.765625,P02,D01,0,0,1
8848,-0.26,1644580823.78125,P02,D01,0,0,1
8849,-0.03,1644580823.796875,P02,D01,0,0,1
8850,0.14,1644580823.8125,P02,D01,0,0,1
8851,0.21,1644580823.828125,P02,D01,0,0,1
8852,0.23,1644580823.84375,P02,D01,0,0,1
8853,0.24,1644580823.859375,P02,D01,0,0,1
8854,0.28,1644580823.875,P02,D01,0,0,1
8855,0.35,1644580823.890625,P02,D01,0,0,1
8856,0.4,1644580823.90625,P02,D01,0,0,1
8857,0.41,1644580823.921875,P02,D01,0,0,1
8858,0.38,1644580823.9375,P02,D01,0,0,1
8859,0.33,1644580823.953125,P02,D01,0,0,1
8860,0.32,1644580823.96875,P02,D01,0,0,1
8861,0.36,1644580823.984375,P02,D01,0,0,1
8862,0.44,1644580824.0,P02,D01,0,0,1
8863,0.5,1644580824.015625,P02,D01,0,0,1
8864,0.47,1644580824.03125,P02,D01,0,0,1
8865,0.29,1644580824.046875,P02,D01,0,0,1
8866,-0.01,1644580824.0625,P02,D01,0,0,1
8867,-0.31,1644580824.078125,P02,D01,0,0,1
8868,-0.51,1644580824.09375,P02,D01,0,0,1
8869,-0.54,1644580824.109375,P02,D01,0,0,1
8870,-0.42,1644580824.125,P02,D01,0,0,1
8871,-0.25,1644580824.140625,P02,D01,0,0,1
8872,-0.13,1644580824.15625,P02,D01,0,0,1
8873,-0.1,1644580824.171875,P02,D01,0,0,1
8874,-0.1,1644580824.1875,P02,D01,0,0,1
8875,-0.04,1644580824.203125,P02,D01,0,0,1
8876,0.13,1644580824.21875,P02,D01,0,0,1
8877,0.39,1644580824.234375,P02,D01,0,0,1
8878,0.63,1644580824.25,P02,D01,0,0,1
8879,0.79,1644580824.265625,P02,D01,0,0,1
8880,0.83,1644580824.28125,P02,D01,0,0,1
8881,0.82,1644580824.296875,P02,D01,0,0,1
8882,0.8,1644580824.3125,P02,D01,0,0,1
8883,0.8,1644580824.328125,P02,D01,0,0,1
8884,0.79,1644580824.34375,P02,D01,0,0,1
8885,0.68,1644580824.359375,P02,D01,0,0,1
8886,0.44,1644580824.375,P02,D01,0,0,1
8887,0.09,1644580824.390625,P02,D01,0,0,1
8888,-0.26,1644580824.40625,P02,D01,0,0,1
8889,-0.53,1644580824.421875,P02,D01,0,0,1
8890,-0.66,1644580824.4375,P02,D01,0,0,1
8891,-0.66,1644580824.453125,P02,D01,0,0,1
8892,-0.58,1644580824.46875,P02,D01,0,0,1
8893,-0.47,1644580824.484375,P02,D01,0,0,1
8894,-0.37,1644580824.5,P02,D01,0,0,1
8895,-0.29,1644580824.515625,P02,D01,0,0,1
8896,-0.21,1644580824.53125,P02,D01,0,0,1
8897,-0.15,1644580824.546875,P02,D01,0,0,1
8898,-0.1,1644580824.5625,P02,D01,0,0,1
8899,-0.03,1644580824.578125,P02,D01,0,0,1
8900,0.09,1644580824.59375,P02,D01,0,0,1
8901,0.26,1644580824.609375,P02,D01,0,0,1
8902,0.46,1644580824.625,P02,D01,0,0,1
8903,0.61,1644580824.640625,P02,D01,0,0,1
8904,0.66,1644580824.65625,P02,D01,0,0,1
8905,0.6,1644580824.671875,P02,D01,0,0,1
8906,0.45,1644580824.6875,P02,D01,0,0,1
8907,0.32,1644580824.703125,P02,D01,0,0,1
8908,0.26,1644580824.71875,P02,D01,0,0,1
8909,0.33,1644580824.734375,P02,D01,0,0,1
8910,0.49,1644580824.75,P02,D01,0,0,1
8911,0.71,1644580824.765625,P02,D01,0,0,1
8912,0.92,1644580824.78125,P02,D01,0,0,1
8913,1.07,1644580824.796875,P02,D01,0,0,1
8914,1.13,1644580824.8125,P02,D01,0,0,1
8915,1.06,1644580824.828125,P02,D01,0,0,1
8916,0.84,1644580824.84375,P02,D01,0,0,1
8917,0.49,1644580824.859375,P02,D01,0,0,1
8918,0.07,1644580824.875,P02,D01,0,0,1
8919,-0.32,1644580824.890625,P02,D01,0,0,1
8920,-0.57,1644580824.90625,P02,D01,0,0,1
8921,-0.58,1644580824.921875,P02,D01,0,0,1
8922,-0.36,1644580824.9375,P02,D01,0,0,1
8923,0.01,1644580824.953125,P02,D01,0,0,1
8924,0.41,1644580824.96875,P02,D01,0,0,1
8925,0.71,1644580824.984375,P02,D01,0,0,1
8926,0.86,1644580825.0,P02,D01,0,0,1
8927,0.86,1644580825.015625,P02,D01,0,0,1
8928,0.76,1644580825.03125,P02,D01,0,0,1
8929,0.64,1644580825.046875,P02,D01,0,0,1
8930,0.47,1644580825.0625,P02,D01,0,0,1
8931,0.24,1644580825.078125,P02,D01,0,0,1
8932,-0.12,1644580825.09375,P02,D01,0,0,1
8933,-0.58,1644580825.109375,P02,D01,0,0,1
8934,-1.04,1644580825.125,P02,D01,0,0,1
8935,-1.35,1644580825.140625,P02,D01,0,0,1
8936,-1.35,1644580825.15625,P02,D01,0,0,1
8937,-1.01,1644580825.171875,P02,D01,0,0,1
8938,-0.41,1644580825.1875,P02,D01,0,0,1
8939,0.29,1644580825.203125,P02,D01,0,0,1
8940,0.87,1644580825.21875,P02,D01,0,0,1
8941,1.2,1644580825.234375,P02,D01,0,0,1
8942,1.25,1644580825.25,P02,D01,0,0,1
8943,1.1,1644580825.265625,P02,D01,0,0,1
8944,0.86,1644580825.28125,P02,D01,0,0,1
8945,0.63,1644580825.296875,P02,D01,0,0,1
8946,0.45,1644580825.3125,P02,D01,0,0,1
8947,0.34,1644580825.328125,P02,D01,0,0,1
8948,0.27,1644580825.34375,P02,D01,0,0,1
8949,0.26,1644580825.359375,P02,D01,0,0,1
8950,0.32,1644580825.375,P02,D01,0,0,1
8951,0.5,1644580825.390625,P02,D01,0,0,1
8952,0.79,1644580825.40625,P02,D01,0,0,1
8953,1.17,1644580825.421875,P02,D01,0,0,1
8954,1.53,1644580825.4375,P02,D01,0,0,1
8955,1.77,1644580825.453125,P02,D01,0,0,1
8956,1.81,1644580825.46875,P02,D01,0,0,1
8957,1.61,1644580825.484375,P02,D01,0,0,1
8958,1.24,1644580825.5,P02,D01,0,0,1
8959,0.85,1644580825.515625,P02,D01,0,0,1
8960,0.55,1644580825.53125,P02,D01,0,0,1
8961,0.43,1644580825.546875,P02,D01,0,0,1
8962,0.46,1644580825.5625,P02,D01,0,0,1
8963,0.53,1644580825.578125,P02,D01,0,0,1
8964,0.46,1644580825.59375,P02,D01,0,0,1
8965,0.16,1644580825.609375,P02,D01,0,0,1
8966,-0.32,1644580825.625,P02,D01,0,0,1
8967,-0.85,1644580825.640625,P02,D01,0,0,1
8968,-1.22,1644580825.65625,P02,D01,0,0,1
8969,-1.3,1644580825.671875,P02,D01,0,0,1
8970,-1.11,1644580825.6875,P02,D01,0,0,1
8971,-0.79,1644580825.703125,P02,D01,0,0,1
8972,-0.54,1644580825.71875,P02,D01,0,0,1
8973,-0.46,1644580825.734375,P02,D01,0,0,1
8974,-0.58,1644580825.75,P02,D01,0,0,1
8975,-0.79,1644580825.765625,P02,D01,0,0,1
8976,-1.03,1644580825.78125,P02,D01,0,0,1
8977,-1.24,1644580825.796875,P02,D01,0,0,1
8978,-1.44,1644580825.8125,P02,D01,0,0,1
8979,-1.64,1644580825.828125,P02,D01,0,0,1
8980,-1.81,1644580825.84375,P02,D01,0,0,1
8981,-1.85,1644580825.859375,P02,D01,0,0,1
8982,-1.73,1644580825.875,P02,D01,0,0,1
